"Node1","Node2"
1,238
2,15577
2,6731
3,18973
3,7019
4,175
4,1240
4,3357
4,15413
4,10579
4,8453
5,568
5,1240
5,227
6,13932
7,703
7,702
7,1240
7,3216
7,3550
8,787
9,2915
9,3357
9,4558
10,5051
10,17055
11,3217
11,8733
12,1743
13,6518
13,7019
13,3755
14,669
15,210
15,6396
15,3755
16,16339
16,3353
17,294
18,19783
18,19402
19,277
19,6923
20,702
20,7019
21,6396
21,3755
21,4324
22,1240
23,669
24,8953
24,19858
24,13238
24,12601
24,175
24,5407
24,8590
24,12517
24,19674
25,11538
25,10344
25,2154
25,294
25,22389
25,298
26,2154
26,2153
27,7912
27,19402
27,3755
28,6060
28,10887
29,1300
30,210
30,22743
30,7019
31,7019
32,568
32,227
33,175
33,72
33,3672
33,2154
33,2153
34,6462
34,2498
34,6940
34,1281
35,175
35,7750
35,10467
36,210
36,5692
37,702
37,6328
38,669
39,2211
39,1225
39,22336
39,6326
39,7133
40,3357
41,6396
42,298
43,14002
43,6462
43,8675
43,6763
43,6940
43,20278
43,716
43,16151
43,3304
43,217
43,19030
43,6540
43,2498
43,3492
43,3258
43,2906
43,13238
43,19152
43,2517
43,4324
43,7133
43,16669
43,2915
43,4638
43,11687
43,11165
43,3558
43,5414
43,6454
43,294
44,6396
44,294
45,6732
46,294
47,11095
47,1240
47,10467
48,568
48,227
49,669
50,702
51,10491
51,294
52,20859
52,5537
52,8453
53,2154
53,2153
54,318
55,5051
55,19095
56,175
56,10467
57,703
58,17235
58,218
58,22336
58,15346
58,19402
58,16022
58,7912
58,14620
58,8149
58,1579
58,11538
58,6264
58,15337
58,3550
58,4324
58,3146
58,14764
58,714
58,1999
58,13816
58,7974
59,1240
59,7019
60,2382
60,19402
60,22336
60,294
61,8469
61,5463
61,8002
61,6940
61,217
61,3214
61,2746
62,13250
62,8421
62,6850
62,9663
62,15773
62,194
63,9207
63,8471
64,14743
64,10579
65,210
65,5692
66,12594
66,13229
67,16161
68,6396
68,7019
69,3913
69,294
69,1830
70,1300
70,9071
70,17643
70,8867
70,3357
71,3357
71,10887
72,33
72,1240
72,4324
72,7386
72,7299
72,9219
72,210
72,152
72,19648
72,7019
73,9912
73,6396
73,175
73,1274
73,7019
73,4756
73,4324
74,102
75,3603
75,819
76,6831
77,6321
77,8191
78,210
78,5724
79,702
79,5007
79,22970
80,14042
81,19982
81,702
81,14847
81,704
81,3922
81,1296
82,6560
82,12314
82,13372
82,1538
82,15198
82,210
82,175
82,737
82,2785
82,19719
82,19402
82,22855
82,3357
82,11443
83,1240
83,13322
84,722
84,669
85,669
86,7019
86,4324
87,7019
88,19783
89,24232
89,10467
89,1786
90,722
90,669
91,702
91,1240
92,6396
92,3755
93,6396
93,3755
94,8552
95,8383
95,20486
95,21088
96,13646
96,13769
97,12007
98,2915
99,6396
99,3755
100,703
100,3293
100,702
100,3309
100,15424
101,21175
101,21513
101,15777
101,3171
101,6070
101,15284
101,13587
101,6430
102,17201
102,11957
102,14955
102,1240
102,6361
102,15308
102,22389
102,3131
102,6183
102,10431
102,2154
102,19402
102,7019
102,3808
102,6540
102,4194
102,11538
102,3402
102,2915
102,14078
102,11165
102,13477
102,7775
102,11809
102,74
102,3357
102,14263
102,294
102,3429
103,210
103,1240
103,10887
104,6396
104,10558
104,22336
104,294
104,6326
104,3550
105,14042
105,2552
106,13229
107,6396
108,20312
108,9663
109,3302
109,8435
110,1240
110,9499
110,9117
110,9294
110,4658
110,7133
110,4638
110,2915
110,703
110,702
110,14746
110,7019
110,6198
110,14665
111,9089
111,8247
112,10962
112,10579
113,22549
113,8675
113,2946
113,2019
113,16035
113,5422
113,16151
113,3278
113,10516
113,8764
113,24797
113,7501
113,210
113,3558
113,9010
113,2885
114,4941
115,12969
116,703
116,6668
117,210
117,1240
117,3357
118,3301
118,3353
119,5709
120,21320
120,16153
120,1300
120,24638
120,13238
120,6202
120,25303
120,3550
120,3207
120,4352
120,3321
120,15723
120,5702
121,12393
121,1060
121,8221
121,8468
122,3345
123,702
123,175
124,8616
124,2855
125,6850
125,10096
126,702
126,6396
126,7019
127,703
127,8221
127,15410
128,568
128,227
128,298
129,4355
130,6698
131,6129
132,2154
132,2153
132,4324
133,401
133,669
134,6850
135,10911
136,8343
136,18456
136,8745
137,8765
137,13195
137,19495
138,24870
138,1300
138,20966
138,2739
138,3550
138,6883
138,175
138,20132
138,3357
138,3304
138,8979
139,8867
139,8391
140,3217
140,12390
140,9899
140,1710
140,24920
140,22470
140,20633
140,3278
141,702
141,3357
142,8709
142,21147
143,8939
143,5618
144,9133
145,702
146,21634
146,689
146,22285
147,12716
147,12387
148,2687
149,703
149,11487
150,8882
150,13238
150,2965
151,8221
152,17676
152,1240
152,72
152,9499
152,9799
152,9305
152,3759
152,2517
152,4658
152,4638
152,4726
152,4756
152,4516
153,13190
154,20641
155,20387
155,8880
156,9583
156,6731
157,1240
157,3357
157,10579
158,702
158,1240
159,3302
159,2687
160,601
160,3113
160,4324
161,210
161,22336
161,6326
162,12180
162,7019
163,4590
163,1274
164,11428
164,7133
165,3321
165,8639
166,8929
166,13238
167,16230
168,6462
168,3550
169,21149
170,5433
170,6849
171,20162
172,14670
172,175
173,13092
174,702
174,4714
174,2512
174,704
175,24153
175,4545
175,23011
175,21593
175,8435
175,16236
175,13185
175,9691
175,17051
175,11181
175,24563
175,7349
175,4340
175,1778
175,6031
175,12638
175,1274
175,16514
175,11853
175,17329
175,4964
175,2517
175,8658
175,1786
175,23165
175,11571
175,22065
175,23074
175,864
175,22998
175,485
175,1587
175,12606
175,4789
175,22557
175,3958
175,23103
175,9296
175,19622
175,12094
175,20367
175,8262
175,3742
175,19052
175,15124
175,13123
175,1245
175,1176
175,21506
175,16811
175,837
175,12479
175,22722
175,21787
175,9625
175,11648
175,6817
175,11880
175,23256
175,25277
175,8474
175,18839
175,1087
175,12629
175,25281
175,424
175,22003
175,20180
175,14721
175,13298
175,18520
175,19497
175,13491
175,15875
175,12412
175,3303
175,22256
175,2846
175,12860
175,1901
175,1789
175,5068
175,2210
175,7448
175,7743
175,14149
175,3787
175,6410
175,8448
175,6328
175,24367
175,3239
175,12131
175,15389
175,20076
175,4767
175,14174
175,24688
175,8846
175,24166
175,8423
175,18974
175,6749
175,15193
175,10920
175,2058
175,6972
175,9192
175,12472
175,7422
175,17263
175,8873
175,20636
175,2034
175,5832
175,10964
175,20805
175,22843
175,22779
175,13712
175,12957
175,12954
175,13885
175,13159
175,11706
175,9333
175,23366
175,16074
175,2805
175,16470
175,420
175,16216
175,21058
175,8764
175,15700
175,611
175,19166
175,11497
175,4324
175,4638
175,13490
175,1556
175,9010
175,8320
175,2675
175,6984
175,11069
175,8202
175,12733
175,1284
175,20894
175,1420
175,22915
175,12536
175,24964
175,8319
175,21732
175,22946
175,7131
175,2311
175,12109
175,5504
175,8976
175,19558
175,6301
175,14822
175,6141
175,12354
175,17643
175,11692
175,1733
175,1620
175,3344
175,13408
175,16170
175,657
175,24712
175,172
175,19103
175,16151
175,6582
175,12408
175,24643
175,25287
175,18712
175,15808
175,6350
175,1411
175,24362
175,17913
175,1052
175,2920
175,1530
175,3677
175,15274
175,7304
175,13286
175,19453
175,13456
175,5152
175,15164
175,5866
175,13346
175,14484
175,16240
175,3214
175,20172
175,580
175,11146
175,9067
175,2875
175,15236
175,18988
175,1930
175,19314
175,6763
175,10523
175,20777
175,5019
175,21751
175,18651
175,14593
175,11505
175,21474
175,1916
175,603
175,3728
175,20392
175,15944
175,22926
175,13629
175,17075
175,11418
175,13288
175,17370
175,2761
175,21504
175,11472
175,7077
175,8731
175,20528
175,20745
175,6771
175,1229
175,20331
175,17482
175,4976
175,2243
175,624
175,24869
175,13469
175,7576
175,19590
175,24804
175,17338
175,24641
175,12022
175,14151
175,21037
175,138
175,5534
175,5375
175,11815
175,15443
175,11332
175,2710
175,3301
175,15084
175,14470
175,12367
175,15733
175,8312
175,5714
175,12559
175,18795
175,5467
175,13050
175,20432
175,477
175,15599
175,17464
175,24368
175,17378
175,21992
175,546
175,1657
175,13769
175,10971
175,11058
175,1196
175,12075
175,7420
175,8531
175,11525
175,21014
175,10283
175,967
175,20131
175,12410
175,14998
175,8852
175,8343
175,6408
175,25334
175,22000
175,8211
175,11719
175,2604
175,11806
175,13140
175,8047
175,2687
175,11111
175,6920
175,10545
175,5426
175,17218
175,4167
175,9093
175,1158
175,14689
175,2117
175,10682
175,8738
175,3032
175,11921
175,12335
175,9182
175,1902
175,18531
175,12360
175,10506
175,25221
175,25280
175,21943
175,17318
175,16087
175,1912
175,19030
175,21386
175,23245
175,22042
175,22801
175,13010
175,23173
175,903
175,14196
175,6758
175,22299
175,14363
175,6646
175,23071
175,22675
175,2291
175,5437
175,21233
175,7276
175,16950
175,14086
175,5393
175,24731
175,599
175,2907
175,23281
175,414
175,8608
175,14287
175,13874
175,7484
175,2425
175,767
175,13333
175,11982
175,21147
175,2780
175,23386
175,8272
175,14117
175,19398
175,8587
175,6306
175,3263
175,24593
175,550
175,11970
175,6537
175,20097
175,6071
175,2390
175,22038
175,466
175,14662
175,15436
175,8012
175,16246
175,15703
175,7019
175,2257
175,2206
175,15428
175,1543
175,16038
175,22158
175,641
175,25092
175,11512
175,12406
175,7092
175,20260
175,16169
175,14389
175,1958
175,12614
175,8894
175,6321
175,11838
175,5761
175,9045
175,15594
175,2997
175,20150
175,4715
175,23067
175,15104
175,19258
175,7361
175,9417
175,23545
175,15945
175,19854
175,3314
175,2040
175,16714
175,2201
175,263
175,5134
175,11552
175,19860
175,23418
175,8030
175,12842
175,13742
175,3950
175,15783
175,19377
175,5333
175,4590
175,1919
175,24097
175,19720
175,2021
175,56
175,7878
175,10981
175,19235
175,23934
175,12846
175,1345
175,22781
175,23298
175,3480
175,7501
175,1199
175,15955
175,12323
175,12990
175,18437
175,8839
175,11826
175,10027
175,17029
175,7820
175,14628
175,11963
175,20250
175,5287
175,23327
175,212
175,16476
175,505
175,2926
175,18622
175,2731
175,7797
175,11952
175,16088
175,18713
175,6740
175,4135
175,20641
175,7220
175,10094
175,14469
175,14727
175,7231
175,22569
175,4966
175,16270
175,16909
175,5515
175,11419
175,8197
175,15288
175,12677
175,17362
175,12640
175,10711
175,1166
175,15549
175,1001
175,12391
175,4437
175,2138
175,7085
175,13805
175,13850
175,7780
175,2398
175,18443
175,755
175,9212
175,8368
175,15464
175,12334
175,8967
175,24156
175,13407
175,13002
175,8643
175,11661
175,7759
175,12553
175,6207
175,5606
175,3889
175,4717
175,4655
175,6957
175,7549
175,16410
175,12435
175,6731
175,9064
175,4356
175,21658
175,4894
175,5651
175,12039
175,5997
175,24858
175,3293
175,472
175,21268
175,23250
175,6266
175,13529
175,23690
175,12519
175,17298
175,21982
175,10905
175,24791
175,2958
175,18694
175,2487
175,22692
175,1135
175,5984
175,18777
175,15773
175,3247
175,12671
175,9265
175,5463
175,22451
175,11570
175,1899
175,19723
175,17442
175,12522
175,8575
175,24238
175,6063
175,6231
175,8709
175,19319
175,21203
175,15169
175,1131
175,702
175,8305
175,8002
175,17347
175,21688
175,2775
175,16731
175,12780
175,2645
175,20296
175,2217
175,7750
175,15088
175,15081
175,22350
175,16992
175,10613
175,6830
175,15566
175,20677
175,11510
175,13863
175,6155
175,645
175,4182
175,10580
175,1573
175,15070
175,14702
175,25188
175,8840
175,6228
175,10266
175,13003
175,13483
175,12808
175,17923
175,12307
175,21163
175,16230
175,18985
175,15845
175,19486
175,9122
175,21885
175,2685
175,22091
175,7458
175,240
175,21020
175,123
175,20648
175,14586
175,665
175,16207
175,3328
175,20855
175,7079
175,11097
175,22925
175,25308
175,8561
175,14910
175,16562
175,24852
175,13355
175,12268
175,22365
175,9037
175,11697
175,6717
175,1799
175,1409
175,10962
175,2153
175,20226
175,18715
175,744
175,24358
175,1281
175,7529
175,21789
175,8566
175,6174
175,14071
175,13726
175,14983
175,3624
175,2983
175,15413
175,13327
175,1428
175,5060
175,23407
175,19865
175,758
175,12591
175,16900
175,12947
175,24146
175,22368
175,20569
175,12494
175,2861
175,16130
175,13447
175,21397
175,20486
175,1555
175,5691
175,9032
175,6960
175,21645
175,17775
175,8817
175,8470
175,18690
175,19705
175,6075
175,11514
175,6422
175,10989
175,11006
175,2770
175,8825
175,6508
175,15114
175,5391
175,19996
175,19238
175,2858
175,22903
175,7402
175,13518
175,4904
175,8805
175,5662
175,16354
175,3562
175,23005
175,6129
175,8369
175,19360
175,11889
175,7325
175,20719
175,13592
175,1887
175,10941
175,2393
175,21410
175,21995
175,22905
175,9589
175,15595
175,21662
175,8992
175,210
175,15291
175,15199
175,14752
175,1164
175,14219
175,12339
175,6583
175,25075
175,6197
175,20635
175,25339
175,14984
175,20414
175,1398
175,14825
175,7149
175,11488
175,7171
175,6455
175,22809
175,15705
175,15207
175,298
175,16761
175,15838
175,16942
175,2498
175,22390
175,14037
175,1256
175,6098
175,24842
175,14866
175,4566
175,3653
175,6955
175,19008
175,7942
175,21503
175,11859
175,9146
175,6621
175,12388
175,25181
175,21966
175,14016
175,3045
175,14454
175,19152
175,1985
175,10440
175,23238
175,17368
175,5765
175,8903
175,6831
175,14796
175,11187
175,22440
175,8899
175,6922
175,13929
175,9004
175,7597
175,20767
175,20276
175,11609
175,24197
175,18466
175,389
175,13194
175,22774
175,6393
175,6775
175,22482
175,14076
175,6668
175,16156
175,13778
175,198
175,22628
175,19796
175,2086
175,7993
175,1137
175,18928
175,13357
175,1854
175,11217
175,5306
175,2358
175,7395
175,1407
175,8898
175,24954
175,24365
175,11394
175,12158
175,3550
175,21381
175,23308
175,5528
175,5411
175,7014
175,16040
175,14436
175,3266
175,22830
175,14166
175,14719
175,13620
175,560
175,33
175,16238
175,6315
175,8806
175,8011
175,22945
175,8913
175,23964
175,9080
175,11496
175,986
175,12732
175,20588
175,5646
175,21711
175,7812
175,13750
175,17205
175,1434
175,10975
175,586
175,15445
175,2617
175,3668
175,19405
175,1258
175,24415
175,13006
175,8515
175,7275
175,20429
175,19167
175,17061
175,8609
175,16026
175,8547
175,16845
175,1629
175,20238
175,18688
175,4196
175,20548
175,24621
175,8955
175,21629
175,24968
175,15327
175,10675
175,13622
175,7474
175,5124
175,22425
175,896
175,20496
175,902
175,17168
175,15536
175,1075
175,11716
175,15601
175,3771
175,9038
175,13432
175,18973
175,7988
175,6495
175,4868
175,11268
175,6736
175,3514
175,16196
175,24361
175,22108
175,7152
175,13806
175,1023
175,1816
175,13703
175,7986
175,19812
175,17003
175,24054
175,10735
175,17358
175,20081
175,24370
175,2295
175,2392
175,1696
175,10331
175,19160
175,15139
175,1057
175,15916
175,1074
175,25124
175,10467
175,8742
175,20921
175,19153
175,12978
175,21539
175,12013
175,14455
175,10709
175,836
175,13746
175,16400
175,3304
175,18887
175,24879
175,1685
175,11544
175,22782
175,1043
175,14088
175,21642
175,13300
175,13697
175,23135
175,19083
175,22687
175,22013
175,10770
175,9144
175,24934
175,22291
175,223
175,12612
175,4944
175,23914
175,23225
175,14624
175,22625
175,8929
175,22152
175,2242
175,6902
175,8221
175,11698
175,12480
175,18854
175,8882
175,8678
175,10401
175,20354
175,12010
175,2215
175,2786
175,22345
175,23316
175,14564
175,22485
175,22092
175,14729
175,238
175,24017
175,4838
175,13345
175,10906
175,14206
175,22494
175,15402
175,11282
175,6963
175,5870
175,16098
175,8554
175,12430
175,3213
175,12562
175,14008
175,11574
175,287
175,4946
175,5512
175,5601
175,6281
175,4671
175,12615
175,4572
175,15325
175,6161
175,1781
175,16035
175,6896
175,11885
175,20901
175,11231
175,15480
175,12718
175,24747
175,7785
175,1802
175,13858
175,21944
175,2111
175,9166
175,8340
175,5428
175,3576
175,11359
175,21495
175,22836
175,1104
175,13325
175,1160
175,24311
175,635
175,2453
175,567
175,2448
175,6456
175,15217
175,3331
175,15423
175,12567
175,18434
175,1195
175,3652
175,5990
175,23259
175,16452
175,6311
175,12393
175,6080
175,13735
175,24777
175,22893
175,13223
175,21759
175,11319
175,18685
175,3258
175,9448
175,12970
175,13128
175,12529
175,6285
175,24876
175,10692
175,705
175,955
175,558
175,16053
175,21678
175,16816
175,18506
175,1240
175,2028
175,14087
175,6940
175,22025
175,19466
175,25171
175,8576
175,15323
175,13334
175,8431
175,23166
175,15427
175,21812
175,12471
175,7133
175,1767
175,9029
175,14891
175,8443
175,3357
175,5588
175,3029
175,6952
175,20649
175,24136
175,8860
175,12927
175,24189
175,5404
175,22667
175,20839
175,4378
175,5221
175,9190
175,3250
175,927
175,13803
175,23247
175,25048
175,828
175,24595
175,6854
175,19321
175,19446
175,2483
175,14756
175,23740
175,6118
175,11093
175,15590
175,19922
175,22974
175,19791
175,19407
175,12716
175,8225
175,12481
175,22580
175,12875
175,24588
175,16372
175,22721
175,2712
175,22159
175,22276
175,25154
175,15025
175,1819
175,12399
175,12085
175,19660
175,19853
175,5705
175,23070
175,6540
175,12872
175,15271
175,23422
175,18772
175,19731
175,5453
175,20887
175,8168
175,16582
175,3934
175,17348
175,7217
175,13396
175,15437
175,13008
175,5298
175,21666
175,10265
175,15817
175,13487
175,19503
175,13214
175,1675
175,2594
175,18902
175,25292
175,17014
175,8528
175,10824
175,73
175,23029
175,1201
175,11625
175,882
175,15961
175,18511
175,1192
175,19242
175,12845
175,1809
175,12015
175,14534
175,2530
175,16533
175,338
175,19661
175,23104
175,23235
175,14789
175,23114
175,16096
175,6657
175,959
175,14457
175,7782
175,13514
175,14489
175,1107
175,10348
175,11756
175,14124
175,17150
175,10449
175,5414
175,775
175,4582
175,11105
175,294
175,22821
175,4522
175,1300
175,12071
175,3669
175,724
175,13052
175,23334
175,20314
175,2722
175,14388
175,1140
175,12349
175,2638
175,13332
175,729
175,19549
175,6849
175,12189
175,3321
175,13038
175,21890
175,1089
175,8342
175,14328
175,6623
175,2045
175,1146
175,13583
175,4649
175,16758
175,6190
175,2059
175,23057
175,2012
175,19807
175,13390
175,35
175,1861
175,13822
175,6191
175,16424
175,21445
175,13870
175,1323
175,23538
175,13751
175,1439
175,2819
175,13059
175,8366
175,10560
175,8555
175,6982
175,16339
175,10260
175,15759
175,7508
175,20441
175,9187
175,9133
175,22902
175,2461
175,7068
175,2335
175,21585
175,12133
175,8329
175,11942
175,18534
175,13546
175,14864
175,17025
175,7257
175,20474
175,13733
175,19476
175,3703
175,15744
175,11220
175,9120
175,14442
175,5073
175,22450
175,2887
175,11037
175,13040
175,24638
175,11595
175,8427
175,11687
175,23112
175,5785
175,19498
175,19099
175,23731
175,15267
175,16244
175,11397
175,23133
175,22920
175,813
175,2180
175,14144
175,13619
175,18680
175,10217
175,5135
175,441
175,19105
175,22596
175,22646
175,24674
175,17704
175,10899
175,22480
175,12144
175,15973
175,3492
175,9300
175,10887
175,13891
175,6367
175,7292
175,20234
175,6201
175,16212
175,2382
175,14139
175,5632
175,11767
175,5719
175,12806
175,23423
175,22577
175,22437
175,12306
175,20508
175,19263
175,5090
175,12741
175,554
175,20933
175,16379
175,12293
175,11458
175,11674
175,12912
175,13966
175,16560
175,1929
175,1576
175,499
175,19625
175,21778
175,16335
175,15477
175,15558
175,2829
175,19727
175,11106
175,681
175,8360
175,10183
175,924
175,11113
175,12898
175,9035
175,10895
175,5410
175,217
175,6390
175,18916
175,7113
175,6396
175,787
175,6302
175,6558
175,11656
175,11783
175,17357
175,10515
175,19818
175,14718
175,20501
175,19841
175,22757
175,20144
175,13277
175,2250
175,21261
175,1743
175,8690
175,5589
175,12668
175,13031
175,7298
175,6667
175,7272
175,10608
175,20941
175,16627
175,16534
175,9095
175,19823
175,1127
175,22634
175,5603
175,2339
175,20927
175,6739
175,12696
175,16541
175,16518
175,16266
175,1981
175,10997
175,5401
175,8392
175,23149
175,11065
175,11035
175,10299
175,23009
175,7342
175,9365
175,14723
175,22682
175,11362
175,9009
175,7784
175,5540
175,6464
175,5856
175,21571
175,17001
175,9506
175,20780
175,892
175,14286
175,19278
175,6958
175,3779
175,12045
175,1236
175,13102
175,11786
175,490
175,350
175,13608
175,12205
175,13247
175,23806
175,5431
175,12715
175,7076
175,14474
175,6380
175,2915
175,19079
175,2811
175,4781
175,7869
175,22790
175,12894
175,7404
175,16558
175,2946
175,14419
175,19323
175,2470
175,22983
175,377
175,15170
175,8545
175,1931
175,16631
175,2648
175,16222
175,3483
175,11701
175,5616
175,13238
175,14701
175,7414
175,12722
175,13647
175,5665
175,12823
175,15607
175,12223
175,24
175,24943
175,14384
175,6454
175,6068
175,12794
175,20388
175,2860
175,2456
175,443
175,8078
175,6806
175,6242
175,24812
175,20407
175,5739
175,6662
175,23542
175,13650
175,12635
175,20619
175,82
175,3210
175,6462
175,8688
175,2464
175,10586
175,21038
175,23996
175,14673
175,10656
175,21716
175,21214
175,15453
175,19458
175,8904
175,2493
175,2934
175,19983
175,11929
175,11546
175,24012
175,22776
175,8834
175,8069
175,23195
175,3810
175,12395
175,24160
175,6060
175,15560
175,13018
175,14112
175,21592
175,4725
175,19642
175,4571
175,3334
175,16796
175,2093
175,15150
175,8413
175,578
175,11040
175,23998
175,25011
175,22477
175,23515
175,23499
175,5389
175,7397
175,853
175,351
175,1198
175,1121
175,12285
175,12244
175,15307
175,12738
175,9681
175,2150
175,11835
175,2767
175,22461
175,24974
175,14932
175,1291
175,24868
175,12043
175,20151
175,2986
175,19427
175,25323
175,11664
175,19636
175,13854
175,8352
175,24632
175,7881
175,2655
175,24268
175,11435
175,13567
175,6629
175,14731
175,13719
175,22607
175,23044
175,7037
175,14982
175,1354
175,13659
175,5553
175,23536
175,4630
175,15880
175,13302
175,6233
175,12114
175,17389
175,4963
175,22711
175,22289
175,18677
175,5584
175,12338
175,2757
175,8038
175,24644
175,2980
175,19787
175,11165
175,756
175,6208
175,18689
175,16831
175,15086
175,2072
175,20722
175,7433
175,16672
175,14472
175,7370
175,7229
175,11343
175,3305
175,2845
175,2862
175,6848
175,8691
175,4
175,2348
175,10207
175,803
175,11205
175,6429
176,8448
177,16266
177,1300
177,3357
178,702
178,2688
178,704
179,3258
180,8343
181,6850
182,22283
182,15841
182,20760
183,15695
184,8221
184,3301
185,6462
185,287
185,3258
185,3357
185,6454
185,5714
185,3550
185,12329
186,8221
186,3216
187,702
187,10887
188,15695
188,8247
189,702
189,22774
190,6748
191,8221
191,1902
192,15474
192,19108
192,21128
192,8950
193,20946
193,14232
193,21361
194,62
195,14042
195,12146
195,2552
195,24771
196,2642
196,10928
196,640
196,2154
196,294
196,2153
196,1910
197,7019
198,175
198,19263
199,22365
199,11276
200,15271
200,6080
201,8247
202,1240
202,7261
203,15472
203,15837
203,2602
203,25130
204,6787
205,25230
206,21977
206,19263
207,10860
207,702
207,4238
207,3357
207,7019
207,3550
207,16876
208,7912
208,15228
209,2287
210,23516
210,23291
210,72
210,22686
210,19068
210,10619
210,6362
210,2763
210,4629
210,11043
210,1293
210,10362
210,14938
210,17397
210,2517
210,24458
210,404
210,12014
210,527
210,21986
210,19273
210,17207
210,10741
210,19582
210,22837
210,22587
210,23410
210,13722
210,11639
210,18991
210,14815
210,23543
210,30
210,18807
210,21837
210,12008
210,23256
210,1876
210,19059
210,20353
210,2755
210,6070
210,24623
210,13894
210,13491
210,20254
210,20445
210,15069
210,7568
210,2069
210,12342
210,12703
210,770
210,707
210,1374
210,15
210,24405
210,6194
210,14672
210,22341
210,14933
210,7346
210,23323
210,1607
210,20309
210,3787
210,11734
210,4199
210,2094
210,14837
210,23312
210,6749
210,11599
210,20125
210,161
210,6658
210,988
210,7460
210,18944
210,19628
210,19232
210,22770
210,13397
210,12609
210,13613
210,6702
210,12957
210,14691
210,11072
210,23258
210,2009
210,4638
210,14577
210,18714
210,18822
210,19202
210,4212
210,13582
210,17388
210,11985
210,22583
210,6595
210,22915
210,4570
210,11589
210,13509
210,14993
210,19604
210,6833
210,6025
210,11741
210,6949
210,3913
210,19884
210,950
210,2018
210,13427
210,11692
210,13507
210,16844
210,117
210,11560
210,16430
210,24944
210,4185
210,22528
210,10821
210,11321
210,23026
210,915
210,7143
210,7804
210,11991
210,23349
210,8072
210,1715
210,1406
210,12093
210,3380
210,16620
210,20147
210,1672
210,2218
210,7374
210,6688
210,2678
210,2234
210,14484
210,23028
210,16924
210,19445
210,24172
210,23359
210,14646
210,14258
210,6251
210,19314
210,15960
210,14337
210,3040
210,17405
210,23342
210,6553
210,11318
210,6444
210,6353
210,14950
210,12156
210,15376
210,14061
210,5669
210,23179
210,9259
210,2671
210,1229
210,15072
210,11823
210,17019
210,22588
210,21746
210,6111
210,22743
210,18490
210,4976
210,23467
210,12006
210,14631
210,21650
210,15078
210,6425
210,21595
210,17099
210,11308
210,6236
210,14728
210,2459
210,7837
210,18971
210,20010
210,14343
210,2566
210,779
210,22597
210,11354
210,489
210,13443
210,3301
210,14813
210,16901
210,11491
210,13540
210,7129
210,2556
210,6670
210,13685
210,16893
210,17144
210,10592
210,113
210,19357
210,24149
210,6192
210,1041
210,14493
210,23300
210,10651
210,10971
210,11036
210,12569
210,12775
210,2232
210,18642
210,6416
210,3664
210,727
210,20270
210,14794
210,6110
210,23432
210,15089
210,11067
210,15644
210,20347
210,1471
210,16822
210,789
210,11769
210,19422
210,2452
210,14146
210,23971
210,10611
210,544
210,23073
210,20259
210,6998
210,878
210,622
210,22673
210,24619
210,14162
210,15005
210,14966
210,13351
210,24020
210,22984
210,21813
210,11457
210,20017
210,18703
210,12398
210,20120
210,610
210,13597
210,2277
210,14370
210,21920
210,6537
210,15620
210,13804
210,14073
210,11334
210,10552
210,14759
210,19809
210,7019
210,1399
210,13957
210,19049
210,1353
210,10880
210,22292
210,11382
210,14204
210,10390
210,5761
210,19735
210,19460
210,21532
210,15104
210,13782
210,6137
210,11868
210,18977
210,812
210,13596
210,13693
210,11142
210,2420
210,21923
210,10918
210,103
210,11056
210,11892
210,18938
210,1086
210,1265
210,6163
210,16547
210,23934
210,1363
210,19827
210,21777
210,3480
210,22900
210,18501
210,20104
210,36
210,22269
210,1155
210,21553
210,23530
210,17104
210,18722
210,7983
210,12230
210,18492
210,14829
210,15098
210,4135
210,20121
210,13381
210,7231
210,19944
210,23184
210,13481
210,3729
210,11440
210,13819
210,20116
210,12962
210,7242
210,11925
210,21651
210,13881
210,2676
210,24984
210,7410
210,1047
210,3757
210,21864
210,16805
210,25265
210,11236
210,13445
210,23433
210,10875
210,14033
210,23022
210,23816
210,10564
210,22937
210,23420
210,23109
210,522
210,14518
210,16839
210,8501
210,4717
210,1751
210,4325
210,7053
210,6990
210,13594
210,1287
210,1033
210,24267
210,23148
210,400
210,22207
210,7213
210,18674
210,14501
210,7190
210,8077
210,2977
210,10979
210,14189
210,22671
210,4180
210,14247
210,7321
210,14176
210,13982
210,22320
210,24729
210,18488
210,14638
210,19015
210,644
210,22172
210,11579
210,23315
210,702
210,15343
210,13947
210,2465
210,19116
210,7360
210,7000
210,22350
210,21619
210,423
210,10897
210,2178
210,7335
210,14373
210,249
210,480
210,13440
210,20212
210,22380
210,7626
210,1390
210,16675
210,10364
210,2164
210,23943
210,22017
210,18802
210,22827
210,732
210,13694
210,18503
210,10371
210,2383
210,21847
210,23853
210,10446
210,19309
210,6503
210,11431
210,22168
210,15287
210,12003
210,1419
210,13516
210,13928
210,14379
210,12193
210,4726
210,12245
210,23297
210,2281
210,23459
210,14035
210,1741
210,448
210,23455
210,2097
210,1962
210,2153
210,12044
210,21832
210,11453
210,673
210,6477
210,14848
210,16478
210,15413
210,20043
210,15382
210,14819
210,11905
210,18734
210,1559
210,22956
210,23531
210,20145
210,23344
210,20153
210,8026
210,1187
210,16786
210,19287
210,10794
210,10870
210,11367
210,12632
210,21616
210,2376
210,13434
210,13409
210,20480
210,12649
210,1521
210,7394
210,24789
210,23732
210,14978
210,12236
210,19182
210,10511
210,15091
210,24241
210,16828
210,22311
210,532
210,616
210,22377
210,19238
210,14005
210,23443
210,11378
210,12326
210,18860
210,3562
210,23005
210,1669
210,16673
210,11461
210,439
210,23505
210,13901
210,1677
210,14183
210,15738
210,1870
210,10438
210,2183
210,2434
210,1906
210,14752
210,2067
210,22851
210,7107
210,601
210,13884
210,6682
210,298
210,15593
210,676
210,21828
210,2498
210,10850
210,7629
210,16958
210,11012
210,6612
210,12252
210,1872
210,19056
210,14605
210,19644
210,7766
210,22361
210,10567
210,22061
210,291
210,3016
210,211
210,13821
210,1319
210,18486
210,19032
210,25063
210,15892
210,25016
210,7158
210,1575
210,22098
210,7047
210,10609
210,20013
210,19654
210,2599
210,944
210,19101
210,12051
210,11135
210,16618
210,6200
210,11554
210,17820
210,6627
210,16688
210,25128
210,14991
210,12222
210,2889
210,1695
210,7866
210,1691
210,22420
210,12485
210,23288
210,14230
210,12178
210,3550
210,16387
210,738
210,11247
210,11545
210,6215
210,2226
210,5656
210,786
210,13153
210,10699
210,21811
210,17294
210,986
210,11392
210,1948
210,11484
210,12443
210,20289
210,20413
210,21632
210,24689
210,19344
210,14114
210,6260
210,19832
210,6326
210,21801
210,12672
210,6452
210,21800
210,18832
210,24122
210,24755
210,17022
210,19851
210,1828
210,24109
210,10782
210,6706
210,7474
210,12226
210,3015
210,22018
210,11380
210,1533
210,11713
210,19639
210,24420
210,3451
210,2576
210,18630
210,6138
210,15351
210,17192
210,17097
210,14486
210,13995
210,7787
210,22108
210,24378
210,18909
210,23357
210,21511
210,16716
210,6303
210,13737
210,15223
210,14058
210,22154
210,21574
210,1970
210,23417
210,10774
210,19160
210,3065
210,14375
210,21936
210,16450
210,2922
210,15229
210,7120
210,453
210,6198
210,10644
210,22490
210,13543
210,16550
210,19058
210,10530
210,15179
210,512
210,2790
210,3304
210,15598
210,10838
210,15001
210,2963
210,17145
210,16872
210,11053
210,13412
210,4016
210,11004
210,22696
210,771
210,18602
210,11702
210,2748
210,16896
210,23677
210,78
210,14539
210,10793
210,19808
210,2204
210,11698
210,23482
210,20479
210,18746
210,2245
210,65
210,21970
210,13757
210,24218
210,11754
210,5034
210,2070
210,15123
210,23838
210,22303
210,22092
210,7903
210,238
210,19805
210,19718
210,14641
210,16616
210,17342
210,7043
210,11954
210,287
210,24737
210,14150
210,5512
210,2387
210,24802
210,1113
210,1766
210,18621
210,23237
210,19772
210,3654
210,13340
210,15026
210,25198
210,19766
210,15546
210,15990
210,7145
210,19537
210,11638
210,19629
210,16750
210,11460
210,23451
210,11843
210,13905
210,14435
210,846
210,15165
210,7748
210,14738
210,1160
210,21883
210,18595
210,14331
210,13639
210,21721
210,2968
210,11518
210,22773
210,1263
210,7354
210,19272
210,6311
210,2688
210,7230
210,23341
210,14427
210,11329
210,3910
210,21942
210,11511
210,3258
210,23419
210,17315
210,6815
210,16464
210,22718
210,1935
210,20457
210,1240
210,2800
210,20193
210,20315
210,14830
210,18619
210,19810
210,23365
210,551
210,14580
210,13334
210,22891
210,25113
210,2100
210,19744
210,11271
210,7133
210,17217
210,14863
210,18527
210,10533
210,3357
210,22929
210,21578
210,11138
210,10673
210,17105
210,15604
210,12139
210,12383
210,23016
210,23001
210,11898
210,16483
210,21949
210,4636
210,10847
210,6505
210,22414
210,20139
210,1537
210,12005
210,19155
210,16902
210,22059
210,10879
210,18487
210,6933
210,14748
210,11406
210,1362
210,3802
210,6772
210,13430
210,4987
210,24855
210,3901
210,13501
210,15359
210,22023
210,23375
210,19382
210,13347
210,21902
210,13867
210,24569
210,1801
210,14301
210,22487
210,15045
210,19381
210,11640
210,6661
210,7263
210,18583
210,15234
210,13593
210,15010
210,19348
210,882
210,14182
210,16859
210,12986
210,10743
210,18489
210,6630
210,22472
210,22519
210,14797
210,14884
210,2947
210,21639
210,21867
210,11344
210,7127
210,1909
210,13537
210,4582
210,7070
210,294
210,22821
210,14042
210,1300
210,11253
210,1036
210,6028
210,22376
210,6447
210,23063
210,2722
210,15063
210,1846
210,2230
210,16936
210,7101
210,2638
210,1267
210,7063
210,11733
210,25332
210,3321
210,11945
210,6152
210,16429
210,19937
210,7754
210,14328
210,10591
210,12916
210,21946
210,6764
210,14476
210,20356
210,19124
210,12260
210,11763
210,25288
210,12081
210,15296
210,19131
210,19726
210,647
210,2740
210,22735
210,19875
210,11810
210,15096
210,13684
210,23356
210,21647
210,11987
210,14650
210,2273
210,22349
210,5057
210,23538
210,14996
210,22041
210,7856
210,2774
210,7557
210,1246
210,20350
210,23414
210,15087
210,14951
210,1347
210,13824
210,20285
210,22553
210,13197
210,11263
210,23229
210,13546
210,21659
210,13482
210,12721
210,2141
210,11219
210,2185
210,19088
210,6319
210,19391
210,17154
210,15239
210,18485
210,11301
210,14344
210,13678
210,23213
210,11397
210,12282
210,6113
210,393
210,23206
210,530
210,16481
210,10887
210,14941
210,12225
210,16932
210,2382
210,430
210,17043
210,23653
210,20230
210,12186
210,17270
210,22618
210,11730
210,19263
210,23204
210,18843
210,11610
210,11100
210,6061
210,19801
210,19820
210,6509
210,25131
210,15330
210,22997
210,1021
210,11888
210,13559
210,2829
210,19080
210,11493
210,3011
210,22453
210,13623
210,444
210,22570
210,22754
210,22766
210,13315
210,19326
210,22267
210,668
210,22993
210,11659
210,12523
210,16833
210,6651
210,14718
210,15702
210,11475
210,16645
210,16503
210,1748
210,11955
210,1743
210,175
210,19580
210,12170
210,1908
210,20941
210,14107
210,18491
210,303
210,19611
210,22327
210,1342
210,17363
210,11689
210,11712
210,14045
210,5401
210,16135
210,13365
210,2571
210,21967
210,6976
210,907
210,23186
210,18561
210,10649
210,13990
210,10633
210,10659
210,22854
210,11893
210,1234
210,12045
210,1857
210,15779
210,7801
210,1879
210,11876
210,8076
210,2769
210,15186
210,20186
210,15334
210,20258
210,2915
210,11644
210,687
210,6026
210,11866
210,25327
210,13377
210,24771
210,17281
210,15680
210,11221
210,1474
210,14168
210,14696
210,6521
210,12177
210,8545
210,15170
210,4512
210,6622
210,11677
210,25275
210,21703
210,19680
210,15272
210,7449
210,22693
210,14318
210,20390
210,14590
210,12223
210,10588
210,6454
210,2696
210,20396
210,1325
210,11322
210,4584
210,2350
210,16739
210,22331
210,21797
210,1097
210,13650
210,16177
210,15580
210,82
210,17331
210,13942
210,22824
210,15728
210,6462
210,7584
210,23064
210,11980
210,1561
210,14768
210,24356
210,10683
210,19648
210,11601
210,11546
210,13607
210,16563
210,24429
210,18981
210,13342
210,19107
210,17158
210,851
210,1403
210,7744
210,18813
210,722
210,23371
210,16921
210,12561
210,20278
210,11119
210,22181
210,1957
210,6131
210,10243
210,578
210,19522
210,21945
210,21840
210,1379
210,853
210,19804
210,13776
210,5010
210,22143
210,11083
210,2193
210,23033
210,23231
210,4247
210,15456
210,14563
210,10953
210,15775
210,22295
210,2176
210,2564
210,3949
210,12194
210,3777
210,3558
210,6082
210,671
210,16432
210,13587
210,849
210,7057
210,16977
210,13588
210,13984
210,13900
210,14803
210,11101
210,11989
210,18925
210,13326
210,2407
210,1180
210,19434
210,21599
210,8138
210,16788
210,10280
210,516
210,19404
210,13820
210,11862
210,18723
210,11691
210,11962
210,3023
210,618
210,13808
210,6418
210,12267
210,8040
210,23835
210,7708
210,7847
210,11414
210,1391
210,19958
210,7367
210,1762
210,14545
210,11470
210,7297
210,15182
210,8675
210,10812
210,17302
210,19077
210,1248
210,6345
210,23084
210,2895
210,16548
210,21573
210,2959
210,23004
210,2573
210,13461
210,19337
210,17151
210,18886
210,6923
211,14042
211,11016
211,6396
211,11253
211,11538
211,934
211,210
211,6511
211,17056
212,175
213,2915
213,6462
213,16151
213,217
213,6454
214,669
215,7019
215,4324
216,6664
217,18948
217,16238
217,8484
217,21156
217,8493
217,8092
217,8989
217,8913
217,13185
217,4590
217,2819
217,9691
217,12623
217,2985
217,12732
217,8004
217,8366
217,16235
217,14963
217,2904
217,8658
217,12125
217,15445
217,9133
217,8420
217,8666
217,21780
217,6872
217,12990
217,16031
217,21100
217,24839
217,4789
217,8839
217,18827
217,21196
217,8609
217,20474
217,8998
217,3742
217,8547
217,6931
217,8220
217,5287
217,13123
217,9120
217,2353
217,12880
217,8424
217,24740
217,5073
217,20548
217,13231
217,10403
217,14341
217,4526
217,20640
217,15636
217,10388
217,21897
217,20641
217,8474
217,8427
217,20835
217,15396
217,9115
217,9083
217,20496
217,295
217,16244
217,4514
217,25106
217,8753
217,15536
217,9325
217,20509
217,13239
217,21940
217,16909
217,8197
217,17704
217,20598
217,7796
217,12677
217,4004
217,13454
217,5948
217,7988
217,12860
217,24906
217,3492
217,7467
217,12391
217,5450
217,2138
217,6736
217,5092
217,20904
217,4177
217,5632
217,20963
217,322
217,5559
217,8448
217,6328
217,8967
217,2579
217,20858
217,8643
217,3239
217,13646
217,16695
217,8290
217,12553
217,20508
217,5606
217,17358
217,5090
217,554
217,20933
217,8423
217,4857
217,6731
217,4356
217,9064
217,10933
217,9192
217,16560
217,9446
217,5651
217,16335
217,12760
217,15757
217,17252
217,3293
217,8742
217,5832
217,15558
217,20954
217,20917
217,8122
217,7779
217,12898
217,22692
217,5496
217,5410
217,3304
217,8745
217,15773
217,3247
217,420
217,2621
217,7946
217,787
217,9265
217,8764
217,22498
217,5463
217,4324
217,6719
217,6864
217,9010
217,8320
217,9144
217,2119
217,1654
217,14718
217,20748
217,16638
217,14892
217,21336
217,20079
217,20501
217,8709
217,9592
217,12612
217,19319
217,8768
217,21203
217,18538
217,4750
217,16257
217,12255
217,8929
217,5589
217,6013
217,16301
217,175
217,8469
217,9929
217,13031
217,8002
217,16731
217,6667
217,3855
217,11384
217,8178
217,20941
217,16534
217,20677
217,5504
217,1127
217,61
217,7903
217,10625
217,21220
217,16266
217,4182
217,6909
217,3344
217,25042
217,19936
217,16151
217,16098
217,8554
217,23149
217,24587
217,12408
217,3213
217,24643
217,10455
217,287
217,17923
217,12647
217,20545
217,12307
217,15132
217,213
217,12655
217,25309
217,1052
217,17913
217,9506
217,5701
217,16035
217,43
217,13102
217,13286
217,17124
217,4546
217,350
217,7785
217,8632
217,304
217,13247
217,7778
217,5431
217,3214
217,10006
217,3328
217,20920
217,2111
217,8781
217,22294
217,5428
217,9067
217,15704
217,2875
217,1104
217,24852
217,22399
217,4551
217,8684
217,5615
217,25233
217,3884
217,14362
217,15170
217,20461
217,370
217,2648
217,21288
217,8765
217,3258
217,13238
217,13128
217,8919
217,5952
217,24876
217,3768
217,8980
217,8242
217,2518
217,20528
217,24943
217,8332
217,6771
217,22213
217,6068
217,12794
217,18506
217,6111
217,6806
217,6940
217,15413
217,1141
217,7576
217,6662
217,8378
217,25311
217,17606
217,12635
217,20486
217,7133
217,9032
217,8270
217,8581
217,23394
217,8443
217,5823
217,19789
217,3357
217,3210
217,5588
217,13190
217,19205
217,6462
217,4930
217,4005
217,8860
217,8845
217,22123
217,2120
217,5755
217,22278
217,8723
217,4706
217,5467
217,24639
217,6780
217,13050
217,18445
217,12714
217,3250
217,19897
217,12514
217,15599
217,20977
217,5460
217,6179
217,9455
217,6433
217,16083
217,21479
217,8069
217,367
217,9240
217,13769
217,5391
217,2858
217,12395
217,4939
217,25183
217,4904
217,12716
217,8805
217,21222
217,21393
217,16354
217,16132
217,24588
217,6129
217,703
217,23839
217,10283
217,19645
217,3334
217,20719
217,8852
217,16340
217,6687
217,15150
217,20563
217,12390
217,9357
217,21410
217,6540
217,12872
217,9207
217,15595
217,9194
217,19219
217,8211
217,6408
217,24680
217,20848
217,24975
217,5389
217,2687
217,15291
217,8116
217,861
217,25075
217,17218
217,20635
217,13214
217,4913
217,2117
217,8738
217,24990
217,22823
217,1902
217,2658
217,8454
217,16087
217,19030
217,1201
217,21386
217,15935
217,8583
217,352
217,2498
217,5211
217,20774
217,24932
217,24962
217,1785
217,24842
217,2530
217,20800
217,16299
217,1291
217,20680
217,5683
217,14961
217,9146
217,15510
217,6678
217,12566
217,8269
217,25181
217,23353
217,21056
217,15767
217,6657
217,21627
217,2354
217,19152
217,8630
217,6084
217,19995
217,9312
217,17258
217,8649
217,5414
217,8587
217,3263
217,5843
217,9151
217,17779
217,6831
217,14538
217,6696
217,13119
217,13302
217,23343
217,24941
217,15436
217,7925
217,5994
217,22160
217,5584
217,17612
217,12338
217,16608
217,23132
217,10550
217,13681
217,13194
217,13038
217,6775
217,7870
217,6668
217,332
217,7092
217,8675
217,12933
217,6321
217,9319
217,8342
217,9045
217,6725
217,17590
217,6664
217,19266
217,11868
217,15671
217,20808
217,8898
217,21388
217,5312
217,12903
217,16648
217,5134
217,20482
217,20505
217,5411
217,5969
217,9154
217,3266
217,13063
218,58
219,3603
219,6328
220,2287
221,20835
222,8533
222,25331
223,703
223,4939
223,175
223,1240
223,5446
223,13190
223,3550
224,12645
224,22165
224,1274
224,19285
224,21717
224,3321
224,3982
224,8401
224,21197
225,2604
225,14312
226,1436
226,7067
227,128
227,6940
227,568
227,7398
227,19402
227,1806
227,2498
227,4555
227,19152
227,48
227,2915
227,5
227,613
227,3357
227,5727
227,294
227,32
227,3660
228,2289
228,725
229,9451
229,8502
230,4324
230,7133
231,3258
231,3357
232,21687
233,15545
233,21292
233,6763
233,1268
233,2971
234,13190
234,2866
235,2915
236,25309
236,20486
237,8435
238,14852
238,20380
238,22336
238,24270
238,6842
238,175
238,2549
238,593
238,10424
238,3304
238,7912
238,6540
238,11538
238,11207
238,1
238,7133
238,19107
238,11687
238,2915
238,210
238,11165
238,24226
238,22252
238,6454
239,6387
239,7019
240,175
240,550
241,1240
241,7019
242,1300
242,22114
242,20486
242,19966
242,18824
242,3217
242,20161
242,12453
242,3357
242,20319
242,3278
242,19897
243,5401
243,3353
244,1240
244,19095
245,2857
245,5463
246,5401
246,703
247,21152
247,15459
248,8343
249,2219
249,210
249,1240
249,1289
249,11834
249,3357
250,3249
250,703
250,702
250,15831
250,2687
250,24863
250,3304
251,8805
251,9351
252,16132
253,669
254,19268
254,12313
255,6740
255,8312
256,3270
257,1240
257,7019
258,2154
259,2287
260,8343
260,20626
260,20843
260,8937
260,3512
260,20486
260,4736
260,8918
260,9266
261,19095
262,19095
263,175
263,2871
264,8391
265,1240
266,5618
267,5589
267,2608
268,23254
268,15908
269,2287
270,15941
270,14890
271,12820
271,1203
271,298
271,1844
272,6540
272,13769
272,6328
273,722
274,5604
275,13250
276,13077
277,14374
277,2988
277,15999
277,19510
277,1971
277,22865
277,19928
277,19
277,508
277,16462
277,2184
277,18778
277,11538
277,6482
277,19857
277,11298
277,3795
278,7019
278,3550
279,18593
279,3549
279,21521
279,6504
279,8152
279,21604
279,8141
280,15498
281,21150
282,21386
282,12612
282,3978
282,6725
283,8280
283,21313
283,8789
284,15695
284,5618
285,21258
285,8789
286,12387
286,3353
287,560
287,21156
287,5333
287,2819
287,4590
287,12732
287,16075
287,3627
287,8366
287,17205
287,1274
287,25039
287,518
287,16824
287,18431
287,8658
287,7501
287,9133
287,9187
287,1837
287,21780
287,1258
287,13006
287,24003
287,12323
287,12990
287,21095
287,4789
287,15934
287,3590
287,12925
287,18975
287,16261
287,3742
287,15744
287,9120
287,15467
287,5142
287,7890
287,4526
287,24638
287,4743
287,4631
287,7474
287,4820
287,25023
287,16244
287,10311
287,25106
287,8197
287,3520
287,12860
287,3492
287,6736
287,18631
287,5786
287,5632
287,5465
287,15748
287,361
287,7827
287,8448
287,16148
287,6328
287,10735
287,15998
287,21414
287,16267
287,5090
287,554
287,6731
287,4356
287,9064
287,9192
287,4915
287,8223
287,15416
287,16335
287,3293
287,8742
287,15558
287,12596
287,19028
287,12470
287,681
287,3956
287,20954
287,8360
287,1143
287,12519
287,12957
287,5410
287,3304
287,217
287,3247
287,787
287,9265
287,8764
287,5350
287,5463
287,16962
287,4638
287,22678
287,6719
287,11522
287,1268
287,9010
287,1899
287,8647
287,24934
287,20748
287,15435
287,3633
287,8709
287,3589
287,5589
287,8929
287,6013
287,175
287,8002
287,8221
287,6805
287,8882
287,20941
287,3249
287,21287
287,5603
287,21121
287,15626
287,16266
287,5401
287,16151
287,22666
287,23149
287,3213
287,2779
287,21477
287,8597
287,12307
287,9009
287,5540
287,15845
287,9286
287,5346
287,16035
287,9084
287,20897
287,8076
287,9020
287,10006
287,2111
287,6449
287,22294
287,5428
287,8561
287,1104
287,2915
287,8255
287,20004
287,20916
287,7399
287,2857
287,8288
287,6763
287,5615
287,13267
287,25233
287,2044
287,9066
287,12393
287,15170
287,9070
287,3258
287,9448
287,13238
287,8919
287,15917
287,6454
287,6068
287,6734
287,13170
287,1240
287,6806
287,6940
287,15413
287,5874
287,1141
287,2612
287,7576
287,19590
287,20155
287,8490
287,12635
287,3591
287,2301
287,25078
287,8270
287,8993
287,3210
287,6462
287,8470
287,10208
287,4005
287,8860
287,3301
287,12559
287,5404
287,185
287,4706
287,5467
287,18445
287,12714
287,12400
287,15599
287,5460
287,6854
287,8069
287,5391
287,12395
287,25183
287,4904
287,12481
287,8225
287,3562
287,703
287,10283
287,1669
287,3334
287,20563
287,7519
287,3174
287,5569
287,8211
287,12415
287,5389
287,210
287,20848
287,24975
287,15291
287,2687
287,861
287,1278
287,21084
287,7397
287,1171
287,8738
287,1121
287,1902
287,22823
287,25280
287,1201
287,8583
287,352
287,20774
287,24612
287,8212
287,4540
287,3918
287,1291
287,19630
287,9146
287,25153
287,16986
287,24731
287,20687
287,4010
287,5133
287,6000
287,23353
287,8191
287,514
287,19152
287,13133
287,5414
287,8238
287,11105
287,12639
287,8587
287,1300
287,17779
287,24786
287,14677
287,6831
287,20618
287,15880
287,9933
287,8944
287,16277
287,24941
287,15436
287,5584
287,12338
287,24891
287,6849
287,6867
287,13194
287,3321
287,22774
287,6775
287,6668
287,6321
287,9319
287,10124
287,3832
287,6725
287,1854
287,5306
287,3305
287,2862
287,21403
287,20970
287,10039
287,2201
287,3550
287,13055
287,5411
287,5518
287,3266
288,3321
288,19027
289,5584
289,10283
289,767
289,681
289,8520
289,6854
290,16791
290,17819
291,210
292,294
293,294
294,2829
294,20966
294,3755
294,531
294,11679
294,14362
294,2908
294,8122
294,15170
294,6080
294,19402
294,17
294,10765
294,4109
294,298
294,23971
294,24879
294,2498
294,9265
294,1274
294,3258
294,13238
294,10703
294,2517
294,378
294,4324
294,8658
294,7540
294,104
294,14590
294,19818
294,4566
294,12223
294,6454
294,2641
294,6326
294,4789
294,1240
294,6940
294,702
294,175
294,8002
294,684
294,293
294,7576
294,3971
294,23353
294,514
294,6067
294,51
294,292
294,11538
294,19152
294,227
294,3913
294,669
294,7133
294,20389
294,7474
294,102
294,46
294,3672
294,3357
294,6462
294,1300
294,10311
294,4514
294,4182
294,69
294,3301
294,3381
294,4740
294,22389
294,3432
294,6316
294,3425
294,5401
294,3153
294,11927
294,6407
294,2154
294,7019
294,6510
294,3492
294,5512
294,1830
294,10887
294,4437
294,60
294,3321
294,13769
294,1298
294,2382
294,25
294,3179
294,7092
294,3787
294,7066
294,22336
294,3562
294,6129
294,43
294,13646
294,1669
294,7229
294,12159
294,8076
294,20081
294,4717
294,11868
294,18593
294,8211
294,3550
294,2915
294,5651
294,210
294,4726
294,15291
294,861
294,44
294,1843
294,3429
294,196
295,217
295,3278
296,2287
297,703
297,702
297,6882
297,4919
297,8252
297,4877
297,3258
297,3891
298,128
298,1240
298,1702
298,772
298,702
298,175
298,1203
298,1317
298,7019
298,2498
298,11538
298,3492
298,5512
298,22768
298,10344
298,42
298,3550
298,2915
298,210
298,1750
298,25
298,7848
298,373
298,1255
298,3357
298,271
298,6454
298,294
298,7873
298,1844
299,13203
299,8360
299,20986
300,2154
300,2153
301,2287
302,15498
303,210
303,15639
303,4558
304,1793
304,5969
304,8676
304,217
305,12733
305,8221
306,4750
307,576
308,3314
308,1268
309,3268
309,5032
309,2606
310,8343
310,3278
310,5930
311,4938
311,12743
312,3357
312,7133
313,12969
313,12742
314,6462
314,16525
315,12855
315,3321
315,3750
315,25233
315,3357
315,15413
315,23169
315,20563
316,11225
316,4324
317,6462
317,22823
317,12183
318,6907
318,18628
318,20451
318,4888
318,54
318,21955
318,4653
318,5604
318,5621
319,21149
320,20765
320,8226
321,21415
321,24639
321,1376
321,3693
322,5132
322,3328
322,3344
322,16257
322,3217
322,9428
322,217
322,24937
323,12370
324,10123
324,20810
324,16322
325,15836
326,8752
327,5538
328,8882
328,12400
329,3341
330,3258
331,5604
331,6765
332,6462
332,1300
332,217
332,6454
332,20563
333,6454
334,3353
335,1300
335,12553
336,1291
337,5463
338,7082
338,175
338,8002
338,6454
339,8343
339,8032
340,21342
340,8456
341,703
341,21138
342,12969
342,5618
343,8247
343,24710
344,12565
345,6396
345,19263
346,8673
346,9071
346,8263
347,15695
347,20805
348,703
349,20184
350,8742
350,17291
350,1300
350,3492
350,3258
350,13238
350,3820
350,6696
350,18562
350,3321
350,175
350,10042
350,217
350,3304
350,25221
351,175
352,8929
352,287
352,5414
352,217
352,3357
353,6731
353,3304
354,22967
354,6198
355,8552
355,9117
356,1240
356,8221
357,9122
358,6454
359,12875
360,361
360,3357
361,360
361,287
362,4590
362,12360
363,3217
364,8706
365,13238
365,12794
366,20859
367,4522
367,13214
367,6940
367,19323
367,8989
367,3010
367,8469
367,15380
367,4858
367,9486
367,217
367,4635
367,5399
367,4033
367,17274
367,3258
367,3492
367,18015
367,16208
367,19152
367,3127
367,9295
367,21780
367,18992
367,3357
368,13408
369,12844
370,21415
370,8581
370,217
370,4750
371,13792
371,7460
372,15559
372,3357
373,298
374,5401
374,8221
375,13294
376,5401
376,1760
377,13943
377,6510
377,11490
377,21549
377,12278
377,3603
377,500
377,175
377,15319
377,12749
377,10843
377,807
377,11033
377,6454
378,294
379,3289
379,20966
379,8585
380,8119
380,15445
381,15976
382,5414
382,15410
383,6462
383,8929
383,1300
383,19152
383,18662
384,3901
385,7912
385,17156
385,22545
385,12261
385,19449
386,578
386,853
387,9111
387,8745
387,8326
387,5432
388,3258
388,12877
389,175
390,10311
391,15875
391,20450
391,3304
391,13238
391,6454
391,20563
392,401
393,210
393,3562
394,4590
394,6831
395,8221
395,13128
396,6540
397,4324
398,702
398,1240
398,23382
399,722
399,2287
400,210
400,702
401,392
401,722
401,2287
401,1914
401,2289
401,725
401,2288
401,133
402,7019
403,7133
404,210
404,4566
405,7138
405,23521
406,16583
406,19030
407,2829
408,702
409,6129
410,1240
410,19963
411,3562
412,11428
412,4324
413,2829
413,1240
413,20284
413,23431
413,21748
413,15101
413,14372
413,23466
413,693
413,21731
413,7019
414,175
414,13769
415,7019
415,4324
416,1240
416,7019
417,11551
418,12957
418,6569
418,1099
418,8168
419,7019
419,6129
420,7082
420,175
420,8002
420,217
420,6940
420,6454
420,3550
421,12181
422,14986
422,14743
423,21687
423,210
423,2829
423,23658
423,17457
424,175
425,23149
425,3258
426,4324
426,7133
427,13940
427,3550
428,702
428,7834
429,15271
429,6080
430,210
431,702
431,1240
432,10914
432,6940
432,4437
433,6540
433,15297
434,19753
434,5691
434,13383
434,13536
435,15268
435,5007
436,3321
436,8423
437,7019
438,6361
438,1240
439,210
440,3357
440,4324
441,175
442,3562
442,7133
443,175
443,3357
444,702
444,210
445,4324
446,7019
446,13207
447,23309
447,4324
448,210
449,702
449,4324
450,6396
450,3550
451,1300
451,1850
451,4475
451,3562
451,4437
452,14743
453,210
453,702
453,2829
454,11538
455,15594
456,8122
456,11267
456,13913
456,7748
457,23184
457,7019
458,703
458,10022
458,6454
458,4324
459,3562
459,7133
460,6299
460,4324
461,1240
461,3594
462,2153
463,6396
464,15291
464,856
465,15086
465,702
465,19095
466,14008
466,175
466,19030
467,21688
468,1240
468,7019
469,7001
469,22352
470,702
470,7019
471,1240
472,175
473,16468
473,7019
474,2288
475,7030
475,7019
476,702
477,175
478,7912
478,22774
479,6129
480,210
480,702
481,7133
482,2829
482,7019
482,19263
483,15088
483,13711
483,6984
484,1240
485,175
486,13940
487,702
487,7019
488,578
488,15291
488,6782
488,6328
488,2885
489,210
489,1240
490,175
490,24990
491,702
491,1240
492,3357
493,12043
493,2829
494,5714
495,3357
496,19095
497,5007
498,6182
498,4324
499,23034
499,15670
499,6540
499,10615
499,11405
499,23261
499,3550
499,2625
499,12207
499,13687
499,175
499,22823
499,23905
499,3357
499,19030
500,377
501,10797
502,702
502,3550
503,7019
504,8401
505,175
505,23499
506,1576
506,7133
507,1240
508,277
508,6923
509,12941
510,1914
511,18869
511,7850
512,19686
512,210
512,7019
513,702
513,7030
514,560
514,287
514,11538
514,3550
514,2604
514,1298
514,8221
514,3357
514,10765
514,3304
514,294
515,2829
516,210
516,10911
517,7019
517,6129
518,287
519,1240
520,6430
521,2829
521,7386
522,210
522,5007
522,23353
522,4324
523,702
523,1240
524,722
525,10914
526,1669
526,8221
527,210
527,4324
528,702
528,7133
529,4514
530,210
530,2829
531,294
532,210
532,7133
532,4324
533,7236
534,7019
534,3562
535,19095
536,702
536,1240
537,7019
537,7012
538,19030
539,702
539,4324
540,725
541,3357
542,1785
542,10272
543,6984
543,14794
543,6389
544,210
544,6518
544,7019
544,6129
545,6518
546,702
546,175
547,702
547,22362
548,702
548,1240
549,2829
550,11494
550,10266
550,19926
550,240
550,2215
550,803
550,175
550,1749
550,22173
550,19351
550,6629
551,210
551,7019
552,22774
552,7019
553,2288
554,17441
554,1300
554,5082
554,287
554,3492
554,681
554,13238
554,12674
554,175
554,3321
554,5414
554,217
554,19004
554,3304
554,5502
555,6540
555,702
555,6328
556,5007
556,4324
557,6396
557,7019
558,175
558,2815
558,22848
558,10579
559,1240
559,3258
559,3492
559,22757
559,19152
559,1330
559,11663
559,4356
559,3550
559,22104
559,10641
559,3357
559,6454
559,3721
560,8236
560,1300
560,287
560,20966
560,13238
560,3550
560,175
560,3321
560,3357
560,3304
560,514
561,2538
561,22307
561,2829
561,23202
562,4324
563,13031
563,6831
564,7133
564,1093
565,3357
565,3562
565,12183
566,1742
567,175
567,3357
567,6940
567,11415
567,2004
568,128
568,227
568,48
568,5
568,613
568,16409
568,2154
568,32
568,2153
568,3660
569,702
569,7386
570,6396
570,4324
571,3562
572,722
573,6326
574,6396
575,6396
576,722
576,307
576,2287
577,2829
577,19407
578,23083
578,6763
578,2590
578,22574
578,11014
578,19153
578,13485
578,22764
578,2397
578,13442
578,12957
578,1378
578,1479
578,12227
578,23047
578,19836
578,20162
578,3767
578,3304
578,13827
578,16942
578,2498
578,17329
578,623
578,7319
578,2517
578,4324
578,19172
578,3603
578,2286
578,7735
578,19094
578,14015
578,18856
578,6454
578,23081
578,1240
578,19516
578,3805
578,13320
578,16488
578,14359
578,15032
578,175
578,14919
578,804
578,14454
578,7929
578,19087
578,3849
578,7133
578,5691
578,19849
578,23218
578,14120
578,19753
578,7511
578,1300
578,10809
578,24216
578,6212
578,25223
578,809
578,488
578,11120
578,16625
578,15319
578,20000
578,7058
578,4471
578,3492
578,21653
578,16883
578,16439
578,12753
578,12189
578,23724
578,829
578,14122
578,1965
578,3562
578,19843
578,21725
578,23253
578,1669
578,22911
578,14503
578,11343
578,6540
578,19738
578,7789
578,3550
578,386
578,2915
578,210
578,7285
578,1046
578,2670
578,856
578,13779
578,6484
578,10265
578,913
578,2580
579,702
580,6462
580,175
580,3550
581,702
581,1240
582,7830
583,7133
584,702
584,6518
585,5651
585,3492
585,7430
586,2829
586,175
586,3357
587,702
587,7342
588,21731
589,1240
589,5705
590,22646
590,16906
591,7019
592,7297
593,238
593,7133
594,3562
595,4304
595,22885
595,4317
595,18735
595,17073
595,16690
595,3357
595,13592
596,10911
596,1240
597,5079
598,7019
599,175
599,3357
600,10911
601,10829
601,22969
601,11051
601,11569
601,13502
601,11761
601,1317
601,662
601,17136
601,24307
601,160
601,11538
601,19152
601,19617
601,13530
601,14161
601,4324
601,17340
601,24351
601,210
601,19010
601,17090
601,3113
602,3357
602,7019
603,10911
603,175
603,7019
604,6540
605,19025
606,7019
606,7133
607,22774
607,7133
608,702
609,22292
609,7019
609,10913
610,210
610,6396
611,175
611,3357
612,17121
612,6510
612,856
613,568
613,227
614,703
614,1274
615,6540
616,210
616,6396
617,4324
618,210
618,7019
619,5669
620,2289
621,21961
621,2829
621,861
621,1330
621,2904
622,210
623,15291
623,578
624,175
624,10991
625,15271
625,1240
626,722
627,14743
628,702
628,6518
629,10911
630,6387
631,11352
631,4324
632,12189
633,14052
633,19894
634,3562
635,175
636,2289
636,725
637,1804
637,3562
638,722
638,2289
638,2287
638,725
638,639
639,722
639,2289
639,2287
639,725
639,638
640,23340
640,196
641,175
641,17055
642,23266
642,3550
643,2829
643,7133
644,210
645,6518
645,175
646,1786
647,210
647,6388
647,24805
647,21530
648,703
648,3742
648,1274
648,2906
648,5714
649,1240
649,20116
650,6455
650,22774
650,3492
651,6460
651,1240
652,16811
652,3562
653,25284
653,3562
653,7133
654,1240
654,7019
655,4324
655,6384
656,2288
657,175
657,1749
657,1135
658,11457
659,4324
660,702
660,21600
660,10887
660,20081
661,702
661,7019
662,6182
662,601
663,7739
664,15291
665,7912
665,175
666,722
666,2289
666,725
666,5873
667,4324
668,210
668,1240
669,1496
669,10765
669,19402
669,2154
669,85
669,253
669,84
669,1504
669,688
669,5979
669,90
669,5958
669,5059
669,1528
669,1598
669,22336
669,49
669,23
669,702
669,14
669,5265
669,1529
669,1243
669,11538
669,1520
669,214
669,1656
669,14078
669,133
669,38
669,1454
669,294
670,4324
671,210
671,7019
672,7609
672,2227
673,210
674,7019
675,16587
676,210
677,6141
677,11316
678,2688
678,7019
678,3562
678,3550
679,6940
679,12183
680,1854
681,20634
681,1300
681,9609
681,20966
681,12350
681,289
681,22117
681,8304
681,3304
681,287
681,3258
681,3492
681,13238
681,18625
681,10687
681,12817
681,3321
681,22585
681,2911
681,12990
681,1755
681,19544
681,16548
681,3143
681,175
681,16109
681,22241
681,554
681,5741
681,13041
681,1322
681,3550
681,13168
681,5778
681,9905
682,4769
682,4114
683,15483
683,5669
684,22336
684,294
685,12819
685,18589
685,11614
685,12368
685,22840
685,10966
685,15291
685,22166
686,25232
686,2199
686,3321
686,3492
686,6818
686,3562
686,24042
687,210
687,3562
688,722
688,669
689,146
689,22285
690,15291
691,6537
692,702
692,3562
693,413
694,19783
695,1240
695,7019
696,6129
697,3550
697,4324
698,7830
699,2211
700,6396
701,7912
702,19297
702,19784
702,10883
702,23291
702,19456
702,13500
702,16996
702,18193
702,23011
702,5007
702,17174
702,608
702,24155
702,6170
702,18833
702,4629
702,22538
702,1915
702,1933
702,11871
702,1786
702,1049
702,24617
702,14110
702,2822
702,7732
702,7863
702,18861
702,15173
702,7705
702,1163
702,10442
702,13123
702,1245
702,2155
702,12239
702,6517
702,6542
702,11735
702,14341
702,1811
702,6234
702,16250
702,4359
702,22496
702,6149
702,16411
702,1181
702,717
702,12629
702,976
702,3656
702,15488
702,18710
702,20311
702,18696
702,19294
702,10842
702,22962
702,6101
702,14485
702,14345
702,12412
702,20445
702,1977
702,13809
702,8049
702,7338
702,20218
702,12801
702,9400
702,23086
702,24110
702,10519
702,10876
702,6328
702,12281
702,4658
702,2275
702,719
702,13557
702,1927
702,1186
702,9909
702,6658
702,13388
702,6218
702,14567
702,19214
702,11337
702,5049
702,14695
702,13446
702,6992
702,13940
702,10512
702,22846
702,19852
702,8091
702,5485
702,23398
702,10776
702,2967
702,2286
702,12029
702,20438
702,9313
702,7223
702,14892
702,8086
702,22576
702,10554
702,13955
702,15326
702,17989
702,18448
702,23098
702,11741
702,11130
702,14075
702,178
702,19638
702,2403
702,12354
702,3708
702,16566
702,15027
702,2711
702,4375
702,11832
702,10772
702,13507
702,6316
702,1692
702,8256
702,15356
702,20403
702,11174
702,22528
702,10821
702,2116
702,23026
702,5743
702,16802
702,12394
702,9261
702,18972
702,19149
702,6938
702,16823
702,6688
702,19112
702,7813
702,22468
702,13435
702,16240
702,20172
702,11744
702,1022
702,11388
702,20051
702,19742
702,15463
702,15044
702,6763
702,18218
702,14280
702,6444
702,11210
702,15131
702,14020
702,10445
702,5622
702,22079
702,2159
702,10951
702,9584
702,21302
702,22457
702,14459
702,2519
702,9809
702,14329
702,10767
702,13716
702,569
702,14899
702,17019
702,22588
702,79
702,20190
702,884
702,19886
702,14631
702,19157
702,15833
702,3365
702,6236
702,17200
702,11944
702,23220
702,11977
702,11755
702,16094
702,1897
702,2962
702,12879
702,7114
702,13978
702,16568
702,6221
702,2577
702,12945
702,9931
702,13431
702,4765
702,5198
702,546
702,13922
702,22326
702,11683
702,23300
702,7311
702,11525
702,6420
702,12775
702,23069
702,10459
702,19119
702,14794
702,11563
702,6110
702,7846
702,23036
702,22374
702,11655
702,2687
702,21637
702,10932
702,19684
702,9238
702,21550
702,14267
702,5094
702,21785
702,21943
702,1370
702,7186
702,6569
702,12955
702,2799
702,13324
702,18895
702,18953
702,878
702,15796
702,18959
702,16950
702,13348
702,13734
702,14162
702,14227
702,13351
702,14966
702,3586
702,18703
702,2027
702,7484
702,7055
702,14423
702,15146
702,18578
702,4244
702,14418
702,19536
702,7237
702,14588
702,22670
702,14339
702,13012
702,6255
702,14959
702,15138
702,5775
702,10845
702,1447
702,14461
702,14255
702,10817
702,21924
702,23017
702,523
702,17413
702,14029
702,14204
702,10390
702,1914
702,2332
702,1295
702,19383
702,17216
702,7361
702,9417
702,13631
702,1359
702,16835
702,7727
702,17503
702,1806
702,3615
702,17558
702,7842
702,10852
702,21833
702,22635
702,21764
702,11912
702,18457
702,13742
702,1028
702,22410
702,15783
702,11024
702,19607
702,12116
702,22847
702,6728
702,10142
702,4160
702,22572
702,21424
702,879
702,1412
702,22611
702,12697
702,6778
702,23081
702,11782
702,3585
702,19329
702,22221
702,5647
702,449
702,20250
702,23327
702,14812
702,14252
702,18476
702,24011
702,781
702,17436
702,1417
702,906
702,19944
702,9348
702,15547
702,14744
702,1053
702,6227
702,22219
702,13691
702,15328
702,11440
702,7658
702,10913
702,19524
702,12962
702,24928
702,14011
702,11519
702,13577
702,10616
702,16913
702,11651
702,16805
702,12702
702,9990
702,17195
702,1612
702,3739
702,755
702,10875
702,11658
702,13759
702,12334
702,23355
702,16839
702,23988
702,10695
702,14960
702,13163
702,7038
702,6586
702,11928
702,6731
702,18629
702,13594
702,9330
702,5651
702,18873
702,24267
702,491
702,11166
702,400
702,16899
702,18982
702,16681
702,19336
702,10886
702,11553
702,24363
702,18706
702,22138
702,14743
702,20160
702,16747
702,23413
702,1978
702,23666
702,18014
702,14670
702,12179
702,11720
702,2121
702,7644
702,4587
702,1283
702,18812
702,14638
702,19015
702,7934
702,1131
702,19122
702,3080
702,14929
702,22805
702,14380
702,17301
702,11199
702,17283
702,818
702,10914
702,21815
702,6830
702,9498
702,14155
702,22719
702,6948
702,13467
702,1331
702,23196
702,22380
702,21297
702,10216
702,1177
702,14231
702,22243
702,24396
702,2912
702,14397
702,23154
702,24418
702,11476
702,4647
702,22234
702,10371
702,12200
702,24480
702,15386
702,17055
702,15130
702,1303
702,23997
702,23236
702,23094
702,19292
702,11731
702,2531
702,15147
702,11296
702,13221
702,23500
702,22811
702,10744
702,13519
702,2080
702,6486
702,17071
702,16562
702,13568
702,7199
702,23198
702,17809
702,547
702,24952
702,18575
702,12107
702,11453
702,6127
702,9242
702,7386
702,10894
702,9071
702,7447
702,6469
702,21549
702,22777
702,14990
702,10111
702,6168
702,12169
702,4315
702,1341
702,15847
702,16832
702,10664
702,23351
702,22756
702,7719
702,11863
702,1825
702,23344
702,10892
702,23750
702,4740
702,4412
702,21616
702,6320
702,12649
702,13434
702,11950
702,18380
702,19136
702,7394
702,15632
702,7539
702,6508
702,18510
702,16537
702,12871
702,2572
702,7435
702,11216
702,880
702,19835
702,15333
702,22343
702,13518
702,7066
702,6395
702,7105
702,3038
702,1669
702,22715
702,1394
702,13956
702,6578
702,16841
702,1605
702,23673
702,21995
702,18507
702,6625
702,6619
702,24670
702,11248
702,210
702,13852
702,1337
702,16847
702,1674
702,23900
702,13017
702,25339
702,16255
702,1398
702,1764
702,7132
702,81
702,16437
702,9467
702,15207
702,19980
702,11528
702,13884
702,2533
702,16223
702,6468
702,15866
702,871
702,2498
702,2994
702,10488
702,11521
702,1151
702,428
702,19365
702,6647
702,6621
702,2773
702,8070
702,18524
702,11481
702,23706
702,18585
702,10998
702,6067
702,13615
702,7089
702,10518
702,17390
702,12893
702,1942
702,14574
702,19435
702,17079
702,19802
702,7158
702,14796
702,12545
702,7047
702,12095
702,19654
702,13929
702,15100
702,17007
702,13635
702,3390
702,1098
702,21977
702,25026
702,15006
702,922
702,10785
702,6974
702,14057
702,3743
702,19664
702,3469
702,661
702,1109
702,10334
702,4121
702,13660
702,11966
702,17747
702,13934
702,14093
702,3550
702,587
702,11969
702,20088
702,2936
702,743
702,19518
702,22830
702,11247
702,2314
702,11524
702,18817
702,786
702,5745
702,7952
702,14320
702,18482
702,23006
702,23078
702,22980
702,12257
702,21900
702,17238
702,11112
702,17826
702,14557
702,1497
702,6260
702,6087
702,10963
702,23507
702,6951
702,18557
702,18832
702,1718
702,24141
702,17290
702,1013
702,14171
702,22359
702,11487
702,4209
702,22018
702,8909
702,14930
702,14582
702,14416
702,7796
702,11126
702,15351
702,19111
702,22543
702,24378
702,13964
702,983
702,22205
702,17607
702,579
702,23155
702,7091
702,19729
702,1693
702,22965
702,11365
702,2922
702,9628
702,12511
702,6767
702,6167
702,8148
702,22490
702,18846
702,7343
702,11736
702,10805
702,22880
702,14720
702,11506
702,14159
702,2501
702,6942
702,16400
702,3304
702,24037
702,6338
702,2328
702,21560
702,22665
702,1623
702,12062
702,19025
702,18442
702,11085
702,5767
702,16727
702,13027
702,975
702,15298
702,24112
702,20440
702,2242
702,23332
702,14800
702,3109
702,20479
702,18854
702,1159
702,10637
702,4479
702,7903
702,22303
702,19940
702,15157
702,19455
702,18514
702,11607
702,11787
702,470
702,13753
702,24210
702,6944
702,6272
702,11811
702,2567
702,10352
702,23902
702,6934
702,13555
702,18209
702,2458
702,12800
702,2387
702,13772
702,23171
702,12086
702,15311
702,11623
702,11480
702,10900
702,24764
702,814
702,7785
702,6903
702,8994
702,22308
702,1812
702,17367
702,846
702,14398
702,17120
702,1653
702,5237
702,19891
702,15213
702,15050
702,10661
702,7179
702,20020
702,9117
702,13639
702,1913
702,12490
702,22952
702,6311
702,23599
702,584
702,7997
702,11249
702,8121
702,21759
702,21741
702,16615
702,18351
702,13833
702,17045
702,431
702,110
702,3217
702,16464
702,21776
702,870
702,13389
702,20377
702,1240
702,22191
702,6307
702,17067
702,13791
702,15624
702,14681
702,7396
702,15707
702,804
702,19106
702,9849
702,2560
702,14266
702,16649
702,13349
702,5050
702,3379
702,8350
702,16124
702,13323
702,1360
702,6461
702,25194
702,12607
702,6504
702,19770
702,12123
702,3465
702,10847
702,18152
702,1119
702,12023
702,5791
702,19177
702,2680
702,14460
702,1350
702,1614
702,16764
702,15112
702,2886
702,12492
702,8498
702,12390
702,14949
702,15060
702,20283
702,22113
702,8168
702,4597
702,8633
702,6708
702,6570
702,19140
702,13008
702,8013
702,11469
702,18606
702,16870
702,23358
702,13893
702,1662
702,7160
702,2594
702,19381
702,21706
702,15885
702,6837
702,6296
702,17098
702,20009
702,882
702,19005
702,22078
702,9497
702,10144
702,11364
702,24440
702,18494
702,6555
702,14797
702,21990
702,13589
702,21589
702,15248
702,23438
702,4980
702,5111
702,22642
702,15320
702,7261
702,18865
702,14281
702,2543
702,11827
702,5414
702,7706
702,294
702,7417
702,18717
702,13717
702,14690
702,1300
702,1664
702,19353
702,22376
702,22223
702,23343
702,19431
702,11891
702,3738
702,692
702,21909
702,14100
702,6593
702,11733
702,7125
702,15262
702,17385
702,9661
702,14905
702,1089
702,19937
702,7754
702,2233
702,2045
702,22261
702,9514
702,10458
702,20006
702,9801
702,10916
702,20386
702,20356
702,14152
702,7166
702,16436
702,10858
702,13933
702,18579
702,22803
702,7792
702,1861
702,17011
702,3212
702,6547
702,11705
702,9585
702,91
702,6195
702,14820
702,4909
702,23089
702,19291
702,15087
702,2209
702,6982
702,16748
702,13667
702,20062
702,11124
702,1054
702,12209
702,18462
702,23694
702,21659
702,7257
702,22352
702,16938
702,14740
702,16818
702,12099
702,18901
702,1488
702,19198
702,3574
702,21738
702,2871
702,2179
702,22473
702,10326
702,6748
702,22834
702,7765
702,6342
702,12885
702,18504
702,17407
702,476
702,16945
702,19725
702,945
702,16660
702,17052
702,4984
702,12282
702,1940
702,22930
702,23328
702,11200
702,10101
702,9300
702,14941
702,3937
702,12235
702,13484
702,2438
702,2238
702,6866
702,9499
702,16440
702,6994
702,15388
702,12121
702,24366
702,20355
702,23378
702,19643
702,19722
702,16927
702,23733
702,17010
702,24231
702,18737
702,12246
702,9554
702,13062
702,6950
702,23097
702,2017
702,856
702,1774
702,16674
702,2258
702,2006
702,19021
702,11831
702,2829
702,22765
702,23369
702,11046
702,15148
702,1344
702,6196
702,18479
702,444
702,21887
702,16414
702,22754
702,12155
702,15294
702,13830
702,1998
702,11656
702,19818
702,8401
702,1681
702,854
702,888
702,1085
702,10758
702,16234
702,19286
702,11909
702,11955
702,21763
702,21552
702,22338
702,2586
702,13813
702,175
702,14745
702,12668
702,13031
702,11233
702,12170
702,7555
702,23428
702,24388
702,23993
702,189
702,11927
702,19691
702,23149
702,1727
702,13792
702,16712
702,16477
702,16467
702,21734
702,10676
702,19237
702,23186
702,10696
702,13563
702,21928
702,2166
702,9270
702,22854
702,7373
702,12637
702,10537
702,21935
702,21543
702,17187
702,16525
702,20398
702,9902
702,7
702,25142
702,17756
702,23216
702,11644
702,7156
702,17074
702,706
702,13682
702,15610
702,21634
702,19009
702,19511
702,13636
702,23941
702,11677
702,11281
702,19018
702,2807
702,24889
702,6341
702,2485
702,14282
702,7451
702,17253
702,10999
702,13527
702,6454
702,12183
702,2696
702,13643
702,14298
702,14976
702,7723
702,8159
702,158
702,2364
702,4080
702,22517
702,11274
702,12643
702,19295
702,1294
702,15728
702,6935
702,13795
702,14229
702,18803
702,23240
702,14602
702,14172
702,20422
702,14867
702,14260
702,6545
702,11986
702,4928
702,7799
702,2592
702,22921
702,11848
702,13143
702,12931
702,11234
702,3496
702,13544
702,13157
702,17276
702,25312
702,22622
702,14682
702,13462
702,16494
702,14432
702,13224
702,2632
702,21848
702,3184
702,16734
702,10694
702,3298
702,17670
702,11940
702,19836
702,21400
702,1336
702,24063
702,3706
702,22295
702,528
702,23199
702,9681
702,1785
702,20299
702,12468
702,10795
702,628
702,3918
702,6590
702,15741
702,16984
702,10891
702,18925
702,7454
702,18053
702,548
702,1077
702,1824
702,2341
702,17170
702,22734
702,24798
702,19251
702,16788
702,23403
702,11864
702,13317
702,14378
702,13495
702,1648
702,14415
702,15991
702,13861
702,24131
702,11862
702,18785
702,18723
702,18677
702,20184
702,25247
702,13838
702,8183
702,15265
702,12162
702,2418
702,10912
702,7497
702,11723
702,16647
702,1340
702,15086
702,11993
702,22444
702,19312
702,13249
702,13571
702,9928
702,14653
702,2764
702,513
702,6551
702,21849
702,17151
702,11205
702,9752
702,6262
702,11534
702,22381
702,2831
702,20410
702,10362
702,3671
702,1076
702,20372
702,8658
702,10412
702,12014
702,23525
702,21588
702,4250
702,1732
702,22557
702,4789
702,13790
702,11581
702,3742
702,15124
702,2891
702,16811
702,15166
702,16321
702,15133
702,15080
702,7108
702,1035
702,15094
702,20353
702,6070
702,22051
702,23483
702,12154
702,1383
702,14096
702,14809
702,11323
702,7647
702,12042
702,13894
702,20180
702,1661
702,20469
702,14509
702,8152
702,22503
702,23200
702,2457
702,21755
702,18868
702,7568
702,12342
702,19289
702,7877
702,23534
702,7128
702,1374
702,4530
702,4762
702,23054
702,2031
702,14933
702,7448
702,14090
702,15049
702,22864
702,14149
702,10865
702,6730
702,4767
702,23960
702,1780
702,250
702,7046
702,19837
702,10274
702,11474
702,1422
702,6325
702,12750
702,20288
702,17306
702,16465
702,10806
702,11008
702,22710
702,6411
702,10572
702,18944
702,17374
702,7455
702,22772
702,22145
702,2475
702,18535
702,16705
702,3956
702,12609
702,21871
702,12957
702,14826
702,7829
702,2227
702,13690
702,16846
702,16470
702,23258
702,22284
702,20
702,19541
702,19831
702,18714
702,11522
702,22802
702,22908
702,6984
702,877
702,7168
702,21822
702,12217
702,6304
702,24168
702,12182
702,1450
702,796
702,12644
702,21730
702,3148
702,23246
702,12181
702,950
702,22631
702,25208
702,22651
702,13573
702,23946
702,14425
702,3081
702,14822
702,2048
702,145
702,487
702,10310
702,16423
702,6119
702,7544
702,810
702,2222
702,18352
702,15719
702,4721
702,11833
702,19324
702,1167
702,23349
702,7966
702,15430
702,13373
702,25118
702,2218
702,22822
702,16869
702,7649
702,7161
702,14968
702,8991
702,24762
702,16842
702,3443
702,15011
702,11541
702,22826
702,11463
702,22335
702,21926
702,6251
702,23506
702,2978
702,19352
702,16639
702,2071
702,16730
702,6962
702,22206
702,6353
702,23080
702,2753
702,14827
702,12111
702,11438
702,18941
702,840
702,19463
702,20745
702,14248
702,7071
702,536
702,1877
702,20684
702,4976
702,13661
702,14592
702,10738
702,12132
702,22240
702,24877
702,2672
702,2338
702,13579
702,18474
702,21512
702,23444
702,1875
702,19919
702,6620
702,6140
702,1618
702,18103
702,21310
702,14521
702,10749
702,12101
702,20154
702,7763
702,5467
702,11788
702,24303
702,16893
702,9247
702,11184
702,18729
702,17735
702,18877
702,13769
702,6310
702,2677
702,14493
702,11442
702,10971
702,11058
702,1553
702,20157
702,10704
702,974
702,4312
702,15020
702,22136
702,967
702,14014
702,19078
702,19978
702,100
702,8343
702,6408
702,23432
702,15089
702,2604
702,7776
702,1772
702,21873
702,11564
702,25080
702,7049
702,22463
702,23521
702,13167
702,18166
702,6463
702,980
702,2378
702,7150
702,14746
702,23035
702,22816
702,24898
702,13410
702,11340
702,14294
702,2906
702,16480
702,23173
702,21681
702,2708
702,6372
702,4855
702,22299
702,11842
702,21612
702,11172
702,11264
702,22090
702,2955
702,7839
702,24742
702,24134
702,11606
702,10867
702,18801
702,16830
702,16722
702,15782
702,6374
702,17646
702,11717
702,14924
702,11516
702,13843
702,11330
702,18346
702,3770
702,13825
702,1829
702,11951
702,1249
702,6483
702,10755
702,12016
702,19089
702,17303
702,14916
702,13998
702,3466
702,19993
702,9447
702,8003
702,7408
702,7019
702,22608
702,13743
702,24616
702,3966
702,21536
702,11028
702,11855
702,1353
702,15515
702,10880
702,7092
702,11155
702,19480
702,6965
702,14870
702,19460
702,19169
702,22212
702,24229
702,11868
702,10318
702,11250
702,18584
702,11300
702,11197
702,17169
702,19226
702,8603
702,20401
702,2078
702,13596
702,24078
702,23309
702,23215
702,3482
702,5264
702,20206
702,20417
702,22575
702,12142
702,11657
702,21625
702,17324
702,1814
702,15074
702,11892
702,15284
702,6163
702,21826
702,16794
702,2656
702,1796
702,12790
702,23276
702,7112
702,6732
702,10454
702,24355
702,13270
702,17495
702,19134
702,22281
702,3088
702,17896
702,858
702,4135
702,19913
702,6358
702,13381
702,10543
702,12084
702,1713
702,867
702,20436
702,850
702,3892
702,2011
702,7411
702,19127
702,16270
702,23214
702,5643
702,10996
702,1979
702,22189
702,17362
702,19439
702,14274
702,23508
702,13902
702,18645
702,14988
702,11361
702,13445
702,2721
702,13276
702,13850
702,1142
702,22589
702,141
702,14033
702,16849
702,3769
702,20263
702,24314
702,993
702,1221
702,4782
702,7219
702,2167
702,21643
702,1033
702,2578
702,16834
702,4231
702,14775
702,4997
702,9596
702,14524
702,19171
702,11104
702,10979
702,21783
702,7580
702,13637
702,1030
702,14247
702,7313
702,14634
702,15534
702,20035
702,7590
702,22451
702,10536
702,11031
702,1312
702,14784
702,21596
702,13670
702,22411
702,15076
702,11082
702,6063
702,808
702,22942
702,17036
702,22884
702,10640
702,11218
702,19141
702,8305
702,21618
702,15240
702,9366
702,13732
702,3155
702,15088
702,12214
702,21956
702,14111
702,17088
702,21915
702,480
702,12657
702,19512
702,16391
702,20473
702,15070
702,19624
702,21198
702,25318
702,14702
702,14164
702,23510
702,2081
702,17562
702,2164
702,18802
702,21408
702,11366
702,21510
702,22655
702,123
702,502
702,12067
702,14503
702,14552
702,16253
702,18667
702,20293
702,14379
702,11565
702,9606
702,12193
702,11041
702,4726
702,11396
702,12589
702,7369
702,22436
702,1498
702,13711
702,21950
702,11808
702,18603
702,1290
702,23455
702,11287
702,126
702,22339
702,2097
702,25340
702,1421
702,11089
702,10710
702,3251
702,10823
702,18715
702,744
702,7117
702,9419
702,4365
702,13419
702,6918
702,11915
702,11430
702,2221
702,16928
702,23407
702,19865
702,2806
702,14332
702,15382
702,7246
702,8568
702,1084
702,16626
702,19426
702,16786
702,19320
702,17387
702,18303
702,13807
702,10630
702,187
702,7271
702,17162
702,5056
702,18875
702,15884
702,11988
702,6179
702,6433
702,6023
702,4372
702,16754
702,1145
702,24696
702,16697
702,10780
702,18860
702,17440
702,3138
702,15575
702,12089
702,21884
702,3562
702,22217
702,703
702,18515
702,821
702,16673
702,20506
702,13459
702,8189
702,1677
702,7789
702,17171
702,19403
702,6567
702,15199
702,15291
702,1046
702,2541
702,6052
702,17339
702,6649
702,7123
702,298
702,14492
702,2235
702,2627
702,7215
702,18704
702,555
702,23475
702,16752
702,15849
702,24730
702,12252
702,20349
702,22762
702,14137
702,6424
702,16559
702,13376
702,18751
702,13382
702,16711
702,21795
702,13034
702,6095
702,17021
702,12027
702,7363
702,21673
702,6290
702,174
702,6577
702,23050
702,19821
702,13890
702,18109
702,22236
702,17398
702,6922
702,23232
702,15252
702,18202
702,8048
702,5487
702,7154
702,7619
702,22035
702,15841
702,9556
702,16618
702,14433
702,3330
702,12365
702,11554
702,18758
702,15967
702,6699
702,12222
702,15336
702,14167
702,19830
702,11636
702,10911
702,20235
702,24094
702,7872
702,207
702,13153
702,16471
702,1660
702,18679
702,6985
702,22810
702,7183
702,22188
702,14688
702,19481
702,14694
702,8015
702,9911
702,7169
702,20760
702,8016
702,6760
702,14390
702,17107
702,22274
702,7823
702,12584
702,5798
702,11903
702,13632
702,10593
702,16721
702,11790
702,11828
702,16214
702,10968
702,21774
702,11071
702,15243
702,15191
702,6861
702,11102
702,1451
702,14771
702,896
702,19376
702,24057
702,1472
702,3021
702,5113
702,18207
702,4514
702,18702
702,14798
702,22978
702,1075
702,10462
702,3771
702,14853
702,5680
702,13432
702,18973
702,6812
702,14444
702,23360
702,6498
702,14587
702,23030
702,14367
702,19011
702,11390
702,50
702,4299
702,7787
702,23124
702,7424
702,1523
702,15144
702,14421
702,13508
702,7034
702,3887
702,21725
702,19240
702,2919
702,13525
702,21559
702,11654
702,1679
702,1069
702,22204
702,15036
702,453
702,25124
702,956
702,19444
702,17033
702,14268
702,8778
702,6090
702,11068
702,23305
702,1271
702,22723
702,13486
702,24814
702,10585
702,7724
702,2249
702,6030
702,6412
702,12104
702,22225
702,14655
702,7745
702,885
702,22013
702,12319
702,788
702,11004
702,12612
702,12057
702,2748
702,15034
702,14278
702,8221
702,23482
702,2797
702,4379
702,1211
702,18746
702,25347
702,13757
702,12010
702,19334
702,1385
702,10745
702,23336
702,17131
702,1868
702,3912
702,11830
702,7078
702,4838
702,12115
702,4166
702,20454
702,15227
702,7421
702,22494
702,2924
702,20448
702,7667
702,13016
702,17767
702,7757
702,14793
702,5512
702,11109
702,13463
702,539
702,2220
702,13464
702,15211
702,15347
702,823
702,7739
702,7879
702,18102
702,12782
702,11885
702,1613
702,1700
702,10526
702,2261
702,8628
702,2158
702,3094
702,10428
702,6716
702,21944
702,17054
702,12164
702,9798
702,7768
702,9504
702,17609
702,19399
702,22992
702,22859
702,22849
702,2312
702,11557
702,7382
702,12258
702,20065
702,23125
702,10600
702,22418
702,19272
702,18107
702,17285
702,14872
702,11114
702,19574
702,19613
702,7013
702,22183
702,3258
702,18551
702,12529
702,18530
702,14953
702,6818
702,16816
702,3622
702,23938
702,465
702,14087
702,6164
702,15303
702,22954
702,16678
702,22817
702,7048
702,22354
702,22748
702,5730
702,11854
702,7225
702,3357
702,22968
702,12383
702,6769
702,13110
702,22703
702,21591
702,24783
702,1714
702,6331
702,24387
702,12007
702,10380
702,22963
702,5640
702,20365
702,16878
702,4808
702,7445
702,1731
702,14387
702,6933
702,11246
702,14748
702,6379
702,3802
702,14249
702,8471
702,10553
702,7728
702,23468
702,12168
702,13331
702,15271
702,22126
702,23099
702,17487
702,1068
702,1593
702,15341
702,4087
702,15359
702,6436
702,13997
702,10265
702,21902
702,9469
702,23844
702,12088
702,23544
702,8052
702,11640
702,13970
702,1617
702,23029
702,1758
702,10732
702,19348
702,11625
702,398
702,10714
702,1329
702,1400
702,2679
702,20133
702,18607
702,1372
702,16729
702,22347
702,17254
702,4197
702,1299
702,22472
702,15090
702,10901
702,22640
702,9130
702,10628
702,14789
702,16407
702,14300
702,23157
702,12302
702,11450
702,2460
702,13651
702,2240
702,21513
702,14342
702,4184
702,15276
702,19692
702,11819
702,23286
702,1036
702,11492
702,6403
702,10223
702,2722
702,13864
702,23441
702,16766
702,11356
702,6525
702,3321
702,12189
702,11945
702,2873
702,5190
702,11957
702,7317
702,20330
702,17161
702,12080
702,14773
702,24864
702,22706
702,1285
702,6947
702,23460
702,18836
702,7345
702,12568
702,17493
702,23966
702,5057
702,11467
702,13835
702,19776
702,15048
702,13751
702,2774
702,22511
702,22253
702,23899
702,7508
702,20441
702,7999
702,22546
702,9187
702,20285
702,13656
702,6058
702,12068
702,13630
702,23877
702,2141
702,24554
702,7453
702,3226
702,2185
702,11386
702,6319
702,14257
702,1895
702,15316
702,22658
702,22554
702,13868
702,11301
702,18937
702,1433
702,11595
702,17089
702,14785
702,14091
702,14734
702,11372
702,2948
702,23062
702,23716
702,14386
702,3043
702,22882
702,22008
702,1992
702,17537
702,16165
702,6274
702,24195
702,3492
702,6308
702,19293
702,20424
702,7794
702,16932
702,3953
702,17043
702,21434
702,12185
702,22147
702,21790
702,11251
702,7961
702,19955
702,22437
702,13783
702,19263
702,1997
702,18574
702,18843
702,14845
702,10368
702,21846
702,10820
702,15251
702,19002
702,13468
702,14084
702,16079
702,20434
702,1039
702,6443
702,23743
702,6390
702,4106
702,22267
702,21548
702,2132
702,2170
702,10515
702,14718
702,6485
702,10485
702,37
702,18692
702,6980
702,22958
702,11261
702,17091
702,11087
702,8035
702,6639
702,669
702,22141
702,24980
702,7800
702,19135
702,11451
702,3927
702,14776
702,1342
702,13892
702,832
702,24091
702,14044
702,1820
702,7767
702,1869
702,23164
702,25180
702,11844
702,18835
702,19685
702,10299
702,2881
702,1609
702,14565
702,10435
702,10500
702,10659
702,1822
702,9506
702,2208
702,16879
702,7436
702,7385
702,15264
702,7801
702,408
702,1893
702,860
702,8076
702,11377
702,13416
702,6449
702,17000
702,12715
702,12019
702,20186
702,15334
702,20258
702,4803
702,2915
702,12059
702,13377
702,23292
702,660
702,14419
702,7359
702,19620
702,1474
702,2619
702,1404
702,6521
702,1690
702,15763
702,14920
702,22029
702,14701
702,11324
702,16600
702,9930
702,20390
702,6103
702,19880
702,12223
702,1967
702,13089
702,4584
702,19006
702,19413
702,1282
702,18292
702,13650
702,13612
702,1704
702,1315
702,2236
702,21843
702,24400
702,2830
702,3210
702,6462
702,14353
702,13542
702,19432
702,17375
702,23390
702,581
702,21545
702,17284
702,14811
702,25094
702,9879
702,19755
702,9828
702,1442
702,4776
702,19031
702,24546
702,17976
702,6953
702,17158
702,21684
702,11775
702,3967
702,16527
702,2466
702,8912
702,7744
702,10946
702,20134
702,13018
702,23153
702,7595
702,11161
702,2137
702,19843
702,20393
702,22763
702,11335
702,22483
702,15304
702,4604
702,16388
702,12180
702,13369
702,13889
702,6131
702,10243
702,2449
702,23499
702,24955
702,10807
702,11039
702,15764
702,22386
702,24773
702,11747
702,13689
702,1278
702,19804
702,23942
702,7318
702,11890
702,4376
702,21781
702,10778
702,19747
702,10407
702,21071
702,17072
702,19899
702,12097
702,10131
702,11369
702,22461
702,14325
702,23408
702,297
702,11780
702,11156
702,2704
702,23130
702,11796
702,1219
702,10321
702,10653
702,6287
702,17117
702,1719
702,14538
702,9933
702,19280
702,7712
702,22971
702,15539
702,6557
702,10190
702,20158
702,7184
702,8040
702,23835
702,11414
702,1324
702,2072
702,11931
702,704
702,7333
702,12459
702,21573
702,15774
702,2959
702,19288
702,18597
702,11343
702,1239
702,19239
702,1183
702,23504
702,1188
702,19688
702,15250
702,2098
702,15105
702,7331
703,21156
703,21427
703,4735
703,11534
703,8435
703,16471
703,7700
703,20682
703,2831
703,7981
703,16018
703,1274
703,20738
703,2436
703,1258
703,13044
703,20985
703,6596
703,4789
703,3742
703,13123
703,12889
703,4786
703,4631
703,19128
703,19440
703,8909
703,8190
703,19294
703,21209
703,5074
703,3818
703,5680
703,8646
703,20956
703,15771
703,4530
703,12764
703,13384
703,15777
703,24110
703,9085
703,20286
703,21111
703,21857
703,250
703,8634
703,15966
703,23820
703,12750
703,21359
703,4915
703,22204
703,3084
703,8589
703,12511
703,4521
703,116
703,4814
703,3880
703,1271
703,12957
703,10304
703,3304
703,8233
703,5485
703,11522
703,19677
703,8884
703,12319
703,11004
703,223
703,12612
703,10263
703,21249
703,15281
703,21415
703,8221
703,12644
703,25208
703,4479
703,2169
703,10306
703,12354
703,24658
703,7958
703,16151
703,2048
703,8256
703,10310
703,17723
703,287
703,5512
703,17247
703,5938
703,127
703,7348
703,17321
703,5464
703,9261
703,10510
703,15430
703,9581
703,24764
703,1700
703,8628
703,20897
703,10428
703,8994
703,8991
703,20765
703,16842
703,5309
703,17054
703,1343
703,7249
703,1104
703,18438
703,8006
703,15962
703,6763
703,16639
703,9117
703,12258
703,18218
703,8222
703,18107
703,6094
703,24782
703,25091
703,5622
703,21302
703,21741
703,3258
703,3217
703,110
703,21776
703,5216
703,25219
703,7735
703,9199
703,14899
703,20745
703,1356
703,23938
703,20684
703,13170
703,1240
703,20101
703,15624
703,16980
703,10120
703,1141
703,25066
703,5730
703,8350
703,8270
703,16124
703,3357
703,15682
703,7353
703,2168
703,21310
703,25194
703,3301
703,9177
703,12123
703,8174
703,5198
703,15699
703,15487
703,21166
703,21440
703,149
703,20766
703,7311
703,12492
703,25260
703,12875
703,16274
703,8498
703,8492
703,3296
703,8471
703,21131
703,12390
703,100
703,19977
703,8211
703,8633
703,2604
703,2687
703,25195
703,16076
703,9093
703,1662
703,24990
703,15803
703,24898
703,15550
703,1201
703,12369
703,2906
703,12955
703,4693
703,9497
703,5623
703,16153
703,25032
703,19662
703,10867
703,9130
703,10628
703,8123
703,12302
703,7226
703,7055
703,12936
703,5414
703,19596
703,18717
703,24679
703,1300
703,19692
703,3669
703,5687
703,21221
703,10223
703,15503
703,8719
703,24758
703,5587
703,19825
703,3321
703,5241
703,7809
703,4634
703,5190
703,1914
703,7902
703,19169
703,22571
703,5045
703,12835
703,8603
703,7762
703,16037
703,19860
703,3241
703,18948
703,5264
703,15688
703,15783
703,4909
703,10142
703,5474
703,2656
703,8802
703,9187
703,21424
703,12790
703,12697
703,25022
703,20823
703,22352
703,8529
703,5647
703,17495
703,5558
703,3574
703,19198
703,8200
703,10081
703,25137
703,4743
703,6748
703,8811
703,15396
703,25143
703,2007
703,9496
703,3892
703,4984
703,23508
703,18097
703,10294
703,3492
703,25276
703,12702
703,3681
703,12235
703,348
703,5632
703,3322
703,20374
703,648
703,7358
703,12334
703,16643
703,12441
703,8477
703,8290
703,16267
703,5473
703,6731
703,9330
703,20465
703,16495
703,13779
703,3293
703,9596
703,8360
703,16359
703,341
703,22754
703,20900
703,217
703,9383
703,15294
703,25274
703,15534
703,15800
703,12626
703,8401
703,17009
703,21596
703,12499
703,1681
703,4587
703,10773
703,8709
703,8305
703,702
703,13031
703,21119
703,12466
703,17091
703,9478
703,17323
703,21066
703,8035
703,6773
703,8704
703,20696
703,24653
703,12657
703,21297
703,9939
703,5401
703,21198
703,21347
703,21408
703,16230
703,4647
703,246
703,15544
703,4553
703,2531
703,21240
703,14589
703,5556
703,20578
703,21490
703,15918
703,12467
703,7
703,12715
703,16253
703,6449
703,16295
703,21374
703,2915
703,7674
703,20845
703,12059
703,20114
703,706
703,12589
703,7124
703,11221
703,24952
703,2536
703,8545
703,25340
703,20706
703,14115
703,10710
703,3299
703,13238
703,11324
703,8919
703,12899
703,9071
703,17253
703,24667
703,6454
703,13089
703,22203
703,9195
703,20741
703,21204
703,15847
703,21465
703,18484
703,5102
703,12597
703,8568
703,20486
703,25112
703,25078
703,15770
703,3210
703,17202
703,21491
703,17911
703,7954
703,8723
703,25094
703,5460
703,6953
703,458
703,17158
703,21479
703,3923
703,8912
703,614
703,3850
703,5421
703,12652
703,20709
703,13157
703,3562
703,1175
703,1669
703,8369
703,4604
703,4571
703,15218
703,24861
703,20506
703,2093
703,16841
703,14285
703,25328
703,8784
703,8614
703,24955
703,10807
703,13224
703,4583
703,15764
703,5884
703,21468
703,6908
703,24773
703,15797
703,15511
703,16255
703,16437
703,15605
703,21071
703,15866
703,17072
703,16283
703,2173
703,1151
703,12468
703,8212
703,24730
703,3918
703,20744
703,5047
703,8838
703,15741
703,297
703,4421
703,15940
703,5439
703,5219
703,7089
703,1953
703,19821
703,3097
703,13099
703,3348
703,19802
703,6831
703,5900
703,9933
703,16861
703,7047
703,17063
703,1697
703,10261
703,4963
703,5487
703,21417
703,9015
703,3666
703,20041
703,3330
703,4528
703,5167
703,6668
703,8675
703,12365
703,8323
703,3832
703,3469
703,22260
703,16209
703,10264
703,704
703,20586
703,13249
703,15774
703,19845
703,10290
703,57
703,3550
703,5200
704,17809
704,17538
704,18193
704,16639
704,3096
704,18107
704,23941
704,4629
704,18351
704,11324
704,17826
704,18220
704,4160
704,2519
704,9911
704,2517
704,9419
704,2656
704,24346
704,24104
704,4250
704,23694
704,1240
704,4789
704,7705
704,10027
704,4976
704,15413
704,24554
704,7723
704,10111
704,21997
704,24011
704,2010
704,18292
704,7613
704,4080
704,9849
704,5218
704,17436
704,7719
704,7474
704,9348
704,24400
704,18103
704,18022
704,13220
704,23980
704,23716
704,23750
704,4740
704,7658
704,9749
704,24113
704,7647
704,18303
704,17537
704,18114
704,17548
704,10034
704,18380
704,9879
704,9828
704,24546
704,17973
704,10101
704,4765
704,3492
704,9400
704,17976
704,12702
704,9990
704,16537
704,17735
704,18152
704,9503
704,4372
704,3937
704,9444
704,24449
704,4802
704,4808
704,24314
704,17440
704,7595
704,703
704,23960
704,1669
704,19240
704,17607
704,4782
704,9651
704,6325
704,2167
704,9909
704,9554
704,4845
704,17487
704,4087
704,9628
704,9596
704,18166
704,9469
704,81
704,7132
704,17670
704,9238
704,7580
704,9467
704,4376
704,24363
704,9668
704,23743
704,22754
704,1222
704,4106
704,7475
704,21071
704,2498
704,17424
704,18014
704,4638
704,4855
704,18354
704,10144
704,21596
704,9313
704,24112
704,8070
704,21552
704,702
704,23706
704,17989
704,9366
704,18108
704,5111
704,3109
704,18053
704,9545
704,17646
704,7555
704,18346
704,15737
704,3085
704,174
704,9475
704,7706
704,7328
704,178
704,4643
704,18109
704,4787
704,4375
704,23993
704,4166
704,9933
704,7047
704,10216
704,5286
704,24131
704,24396
704,24474
704,4353
704,18202
704,23902
704,17562
704,17767
704,7544
704,10076
704,10190
704,18209
704,18352
704,4721
704,9556
704,10139
704,4411
704,24275
704,24480
704,17711
704,7485
704,7497
704,4422
704,17413
704,11554
704,9661
704,6965
704,10874
704,9514
704,24229
704,3094
704,9902
704,10006
704,17493
704,17503
704,6449
704,17747
704,23987
704,9798
704,17756
704,24094
704,4803
704,2915
704,23966
704,23995
704,9606
704,9504
704,18404
704,9585
704,706
704,17609
705,2915
705,175
706,703
706,14552
706,702
706,2906
706,704
707,210
707,7019
708,3492
708,861
708,3258
708,3550
709,1240
710,21805
711,19445
712,2829
712,4324
713,11065
714,58
714,6264
715,6540
715,2517
715,2687
715,4629
715,3357
715,7019
715,1222
715,7475
715,14744
715,853
715,12183
716,43
716,7092
716,4152
716,23756
716,3857
717,702
717,15291
718,11097
719,702
719,1240
720,24714
720,20697
720,17785
720,3859
720,19863
720,17125
720,6840
720,3078
720,6668
721,1240
721,14745
722,399
722,1541
722,524
722,1489
722,1461
722,1475
722,638
722,2249
722,273
722,2750
722,5181
722,401
722,1499
722,1599
722,723
722,90
722,1492
722,2287
722,1528
722,2266
722,1511
722,1524
722,666
722,1459
722,5983
722,1960
722,1526
722,626
722,1536
722,1520
722,1875
722,766
722,1501
722,4119
722,1452
722,3357
722,1454
722,3147
722,572
722,1496
722,5967
722,639
722,5978
722,1734
722,576
722,1453
722,1318
722,84
722,5973
722,5804
722,2308
722,688
722,1905
722,1510
722,1513
722,5940
722,1465
722,1480
722,5330
722,5928
722,6053
722,1506
722,5265
722,1600
722,1529
722,1779
722,2491
722,1534
722,5860
722,210
722,1485
723,722
723,2287
724,175
724,4324
725,1592
725,3955
725,3787
725,5873
725,228
725,1603
725,639
725,666
725,2289
725,636
725,638
725,748
725,1602
725,401
725,5973
725,5861
725,4324
725,2915
725,1601
725,1986
725,540
726,19407
727,18991
727,210
727,1240
727,14984
728,7133
728,4324
729,175
729,3492
729,6940
729,11394
729,19152
729,3562
730,15271
731,7133
732,210
733,20116
733,7133
734,14457
734,15291
735,3492
735,6940
736,6518
736,17379
737,82
738,210
739,6129
740,1268
740,3270
741,2553
741,857
741,19783
742,3357
742,4324
743,702
743,4324
744,702
744,175
744,7019
745,8792
746,6042
746,2302
746,2309
746,6041
746,6043
746,2310
746,6040
746,2308
747,7912
747,24867
747,3258
747,15008
748,2289
748,725
749,6462
750,1240
750,11993
751,856
752,2902
752,22757
753,15086
754,4324
755,7912
755,23516
755,25323
755,11996
755,7054
755,1746
755,14189
755,702
755,13693
755,175
755,10489
755,11987
755,7609
756,175
756,861
757,19407
757,17055
758,175
758,3550
759,861
759,2097
760,6099
760,7008
760,22774
760,1521
761,19997
761,1854
762,19095
763,10488
764,3357
765,1760
766,722
766,2287
767,13042
767,1300
767,17386
767,20966
767,289
767,14303
767,25286
767,175
767,10893
767,15489
767,3357
767,15631
767,18600
768,1240
768,7019
769,1240
770,210
771,210
772,298
773,1786
774,23127
775,175
776,2478
777,2201
778,2201
779,18991
779,210
780,4558
781,702
782,2201
783,15219
783,7259
784,13386
784,19095
785,22823
786,210
786,702
786,3357
786,7019
787,1300
787,22144
787,1240
787,20966
787,8
787,6940
787,16904
787,8547
787,16151
787,175
787,8002
787,217
787,3304
787,3214
787,5090
787,287
787,3492
787,5460
787,19152
787,13238
787,5295
787,4638
787,5414
788,702
788,3357
789,210
789,11850
789,11967
789,7019
790,2201
791,6668
792,1240
792,7133
793,3357
794,4545
794,14583
794,3357
795,1240
795,4545
795,13792
795,3357
796,702
796,6396
796,7019
796,3562
797,6396
797,7830
798,7133
799,6540
799,853
800,11909
801,7710
801,18449
802,22352
803,550
803,175
804,5072
804,24579
804,3562
804,14652
804,1095
804,702
804,22951
804,7147
804,2093
804,578
804,13769
804,15291
804,18989
804,6454
804,19663
804,15062
805,16213
806,7019
806,19095
807,377
807,13769
808,702
808,7019
809,578
809,853
810,702
810,7019
811,17380
811,11707
812,7912
812,210
812,3357
812,22562
813,6462
813,10311
813,4182
813,6831
813,13721
813,15621
813,14362
813,5401
813,12957
813,15170
813,22823
813,6080
813,3304
813,6390
813,23185
813,8154
813,23137
813,6396
813,1274
813,19549
813,3492
813,2904
813,6433
813,4324
813,4437
813,3603
813,6719
813,13769
813,22774
813,13038
813,1258
813,14493
813,24943
813,12990
813,6454
813,12323
813,22213
813,10679
813,19319
813,6940
813,6129
813,175
813,1749
813,8002
813,23353
813,8076
813,11343
813,6540
813,19152
813,8211
813,7133
813,3550
813,23394
813,861
813,853
814,702
815,3755
815,3550
816,19263
817,21948
817,6962
818,702
819,75
819,15291
819,19621
819,2885
820,19753
820,1749
820,6454
821,702
821,7019
822,6537
822,7019
823,702
823,1240
824,1240
825,18991
825,1240
826,15476
826,20929
827,22352
828,175
828,4324
829,578
830,20599
830,22352
830,16285
831,5714
832,702
832,7019
833,1240
833,3562
834,1222
835,6381
835,7133
836,175
836,6396
837,1240
837,175
838,15291
839,4324
839,6389
840,702
841,6462
841,15414
841,12195
841,24197
841,6874
841,3550
841,11027
841,22643
841,10931
841,14891
841,24780
841,15763
841,18868
842,6510
843,24740
843,15532
844,2380
844,4324
845,6381
845,6198
846,210
846,702
846,22159
847,21203
848,6540
848,856
849,210
850,702
851,210
851,4324
852,7133
853,6763
853,14362
853,1378
853,1916
853,15170
853,6080
853,15297
853,20222
853,17373
853,10981
853,11701
853,17329
853,715
853,2517
853,1281
853,19172
853,1258
853,6454
853,23081
853,7167
853,1240
853,23013
853,14664
853,15413
853,7103
853,13729
853,1706
853,13297
853,4135
853,7268
853,7133
853,1087
853,7474
853,23394
853,2629
853,15062
853,16945
853,6462
853,10311
853,6212
853,14874
853,813
853,809
853,11291
853,6101
853,14477
853,23449
853,3492
853,4437
853,13769
853,16115
853,3787
853,6328
853,3562
853,6129
853,15290
853,4767
853,21725
853,1669
853,19263
853,6540
853,1018
853,17372
853,386
853,5651
853,6033
853,210
853,15291
853,10843
853,11469
853,2318
853,19663
853,2829
853,15321
853,12957
853,22823
853,20162
853,6390
853,3304
853,24879
853,13912
853,2498
853,15161
853,6396
853,11490
853,7319
853,14818
853,4324
853,799
853,4638
853,6719
853,3558
853,11662
853,22640
853,18751
853,175
853,7697
853,15248
853,11261
853,24603
853,19152
853,12618
853,24769
853,20077
853,7417
853,23218
853,14117
853,1300
853,25223
853,5770
853,11667
853,3634
853,17398
853,19870
853,25176
853,14008
853,10833
853,19549
853,1562
853,1117
853,12189
853,3321
853,22774
853,11855
853,14876
853,6172
853,1749
853,4649
853,8076
853,3360
853,4726
853,11258
853,23230
853,14526
853,6191
853,2580
853,23611
854,702
854,2829
854,14330
855,2049
855,6386
856,13336
856,464
856,22506
856,6391
856,751
856,7041
856,702
856,22637
856,10540
856,6522
856,23185
856,12392
856,578
856,17329
856,20452
856,23019
856,848
856,13802
856,8112
856,11999
856,3357
856,612
856,24124
857,741
858,702
858,4324
859,20232
859,2382
860,702
860,3550
861,18535
861,16753
861,23964
861,14834
861,21961
861,24577
861,24363
861,21670
861,217
861,3304
861,19030
861,2498
861,1274
861,13238
861,2517
861,19572
861,4638
861,3558
861,12786
861,15004
861,6940
861,759
861,10601
861,8002
861,19042
861,17049
861,4196
861,10574
861,23221
861,7797
861,2454
861,11687
861,708
861,13918
861,5414
861,16661
861,3357
861,294
861,6462
861,1300
861,3029
861,12629
861,14043
861,23698
861,813
861,13345
861,2725
861,10786
861,15617
861,16151
861,8083
861,18509
861,287
861,3492
861,10592
861,11949
861,11165
861,756
861,1330
861,14973
861,3562
861,21975
861,10941
861,11404
861,6540
861,23545
861,621
861,12206
861,15461
861,6552
861,3606
861,24661
862,1669
862,12183
863,11687
863,18608
863,19152
863,3550
864,14281
864,6540
864,175
864,13769
864,3492
864,17393
864,19030
865,2915
866,20460
867,702
867,2382
868,1240
868,13386
868,10887
869,4324
870,702
870,1240
871,6540
871,16942
871,18806
871,18639
871,6328
871,21661
871,22624
871,702
871,13301
872,19263
873,3357
874,12302
874,3341
875,6129
876,1240
876,7892
877,18991
877,702
878,702
878,210
879,702
879,7019
880,702
881,7133
882,7912
882,702
882,210
882,175
882,10989
882,10321
882,7019
882,7386
883,1240
883,7229
884,702
884,1240
885,702
885,7019
885,7133
886,1643
887,6540
887,6328
888,702
889,1240
889,7019
890,12386
891,23266
891,11405
892,2829
892,175
893,14637
894,8658
895,7912
895,23127
896,702
896,175
897,22774
898,1240
899,3321
900,7019
900,19903
900,4324
901,8453
902,175
902,19025
903,6518
903,175
904,5618
904,24725
905,11321
906,702
906,2829
907,210
907,7019
908,15271
908,7019
909,1240
909,5007
910,7133
911,16400
912,1240
912,4324
913,6540
913,578
914,5923
915,18973
915,210
916,6396
916,3562
917,3742
917,5714
918,21548
919,21670
919,19095
920,19263
920,6129
921,20295
922,702
922,3550
923,4324
924,175
924,4324
925,7019
925,6129
926,24836
927,175
927,16481
927,19152
927,11129
927,3550
928,17643
928,3909
929,4324
929,3550
930,14990
930,15271
931,6080
932,7019
933,11260
934,211
935,6462
935,11609
936,6141
937,4324
938,12973
938,5714
939,17230
940,19025
941,3742
941,22356
941,6454
941,5714
942,21426
943,10824
943,1786
944,210
944,7133
945,702
945,6396
946,5923
947,6537
948,14984
948,7019
949,6506
950,702
950,210
951,2915
952,7019
953,6222
954,2153
954,7133
955,175
955,8002
955,6940
956,702
956,6396
956,11984
956,6142
956,3562
957,13650
957,7019
958,4324
959,175
959,1749
959,6328
960,21944
960,6537
961,23550
961,5108
962,2059
962,10911
962,13790
963,7019
964,8403
964,12696
965,19025
966,15271
966,10557
967,14990
967,702
967,1240
967,175
967,6080
968,12492
969,15965
970,24836
970,24864
971,3357
972,19095
973,18449
974,702
974,6396
975,702
976,702
977,15590
977,12875
978,4231
979,1576
979,14791
979,7019
980,702
980,2829
981,13792
982,5378
983,702
984,12130
984,19258
984,2016
985,7019
986,210
986,175
987,1240
988,210
988,1240
988,16811
989,10311
990,11868
991,22352
992,8168
993,14552
993,3230
993,3184
993,3087
993,3155
993,3387
993,3271
993,3368
993,702
993,21600
993,14710
993,3286
994,5714
995,10430
995,8168
996,3357
997,10934
998,9691
998,17704
999,7019
1000,13879
1001,175
1001,16468
1002,3550
1003,22774
1003,7019
1004,3550
1004,13791
1005,12456
1005,22352
1006,4231
1007,9130
1007,25229
1007,9208
1008,16638
1009,19856
1009,7019
1010,17401
1010,11260
1011,5057
1011,13856
1012,6141
1012,3186
1013,702
1013,1240
1014,21176
1014,21392
1015,7012
1016,2906
1016,5714
1017,16333
1017,12492
1018,3760
1018,853
1019,3600
1020,8473
1020,12492
1021,210
1021,1240
1022,1377
1022,702
1022,11841
1022,1240
1022,6650
1022,16839
1022,10914
1022,7019
1023,175
1023,4566
1024,3133
1025,2387
1026,2829
1026,13433
1027,3594
1028,702
1028,4324
1029,8709
1030,702
1031,7019
1031,6373
1032,6714
1032,12957
1033,210
1033,702
1033,7019
1033,7133
1034,2059
1034,10849
1035,7912
1035,702
1036,702
1036,210
1037,1240
1038,19095
1039,702
1039,1240
1040,21281
1041,210
1042,8944
1043,175
1043,7019
1044,24836
1044,8453
1045,10911
1045,2871
1046,702
1046,578
1047,210
1047,1240
1048,7133
1049,702
1049,3550
1050,15479
1050,5512
1051,1743
1052,1300
1052,15325
1052,13790
1052,6940
1052,11548
1052,22275
1052,11439
1052,175
1052,217
1052,17318
1052,14530
1052,6540
1052,15236
1052,2915
1052,18894
1052,23740
1052,15564
1053,702
1053,1240
1054,702
1054,1240
1054,2829
1055,10797
1056,6222
1057,2860
1057,175
1058,8453
1059,12068
1059,7019
1060,121
1061,5618
1062,11082
1063,20116
1063,7024
1064,7133
1064,16968
1065,10911
1065,1240
1066,16156
1067,22352
1068,702
1069,702
1070,6664
1071,8199
1072,7912
1072,18973
1073,19822
1074,3596
1074,175
1075,702
1075,175
1076,702
1076,7019
1077,702
1077,1240
1078,23448
1079,7710
1080,20486
1081,7133
1082,6763
1083,6372
1083,6472
1084,702
1085,702
1086,210
1086,19095
1087,16415
1087,175
1087,5770
1087,853
1088,3321
1089,702
1089,175
1089,14718
1090,6462
1091,25229
1092,14391
1092,7019
1093,25317
1093,11881
1093,14980
1093,19947
1093,24024
1093,23501
1093,11303
1093,2370
1093,22774
1093,21926
1093,15628
1093,13562
1093,7376
1093,564
1094,7019
1095,21805
1095,804
1095,1213
1096,1270
1096,2479
1097,210
1098,7912
1098,702
1098,13395
1098,1240
1098,7130
1099,418
1099,12957
1099,3132
1099,1240
1099,7019
1099,22542
1099,3550
1100,5714
1101,13951
1102,1104
1103,1240
1103,6198
1104,12655
1104,25183
1104,1162
1104,20966
1104,1129
1104,1889
1104,703
1104,25153
1104,16151
1104,1133
1104,175
1104,1141
1104,20508
1104,3304
1104,19402
1104,217
1104,3334
1104,1126
1104,1201
1104,1102
1104,287
1104,1125
1104,11538
1104,1274
1104,3258
1104,1105
1104,13238
1104,1134
1104,3550
1104,1127
1104,5414
1105,1104
1106,1240
1107,175
1107,1240
1107,19445
1108,3743
1108,7019
1109,702
1109,19095
1110,1854
1111,1854
1112,7739
1112,8168
1113,210
1113,17229
1114,1854
1115,1854
1116,13704
1117,15291
1117,853
1118,1854
1119,702
1119,14266
1119,11487
1120,8111
1120,8020
1121,1300
1121,287
1121,175
1121,3304
1121,19997
1121,1854
1121,10006
1122,15306
1123,16853
1124,6198
1125,1104
1126,23457
1126,1104
1127,1300
1127,19152
1127,1104
1127,3550
1127,16151
1127,175
1127,21287
1127,5414
1127,20316
1127,217
1127,3304
1128,2829
1129,1104
1130,13320
1131,6462
1131,6540
1131,10452
1131,6518
1131,6995
1131,6940
1131,2915
1131,702
1131,3558
1131,175
1131,14158
1132,10914
1132,7019
1133,12860
1133,1104
1134,1104
1135,6155
1135,22919
1135,19753
1135,21678
1135,657
1135,3603
1135,1479
1135,175
1135,2581
1135,14120
1136,1240
1136,7019
1136,7133
1137,175
1137,18492
1138,14986
1139,19152
1139,19025
1140,175
1141,287
1141,12860
1141,13238
1141,25233
1141,1104
1141,703
1141,217
1141,3304
1142,702
1142,1240
1143,8929
1143,287
1144,2829
1144,1240
1145,702
1145,7019
1146,175
1146,7133
1147,6182
1147,3357
1147,4324
1148,7297
1149,22352
1150,7019
1151,703
1151,702
1151,1240
1151,2688
1151,19856
1151,7019
1152,4324
1153,13947
1153,7729
1154,22743
1155,210
1155,7019
1156,10914
1157,1436
1157,1202
1157,11976
1158,175
1158,13238
1159,702
1159,1240
1160,210
1160,175
1161,4324
1161,3550
1162,1104
1163,702
1163,3357
1164,11052
1164,175
1165,1240
1165,7019
1166,175
1166,3562
1167,702
1167,7019
1168,7386
1169,4324
1170,1240
1170,7019
1171,287
1171,3357
1171,5714
1172,4324
1173,24232
1174,2627
1174,4324
1175,703
1175,4590
1176,175
1176,13940
1177,702
1178,5694
1179,4324
1180,210
1181,702
1181,7019
1182,6984
1183,702
1183,6396
1184,2829
1184,3550
1185,10911
1185,13790
1186,702
1187,210
1188,702
1189,4268
1189,6462
1189,3357
1189,11487
1190,6518
1191,7261
1192,175
1193,10595
1193,1983
1194,15271
1195,175
1195,1749
1195,23499
1196,175
1197,23330
1197,6129
1198,18973
1198,175
1199,175
1199,17055
1199,19035
1199,1797
1200,16843
1201,1300
1201,6763
1201,287
1201,12860
1201,19152
1201,5512
1201,13238
1201,1104
1201,2915
1201,703
1201,12957
1201,175
1201,5414
1201,217
1201,3304
1202,1436
1202,7067
1202,1157
1203,271
1203,298
1204,7338
1204,1786
1205,7019
1205,7133
1206,1854
1207,5051
1208,5051
1209,3357
1210,5674
1210,7019
1211,702
1211,6396
1212,6396
1212,3755
1213,1095
1213,6510
1214,2129
1214,3415
1214,20966
1214,3550
1215,19095
1215,4324
1216,4545
1216,3357
1217,10934
1217,2829
1218,9912
1219,14552
1219,702
1220,4545
1220,3357
1221,702
1222,9683
1222,13446
1222,23969
1222,23745
1222,23855
1222,2688
1222,9668
1222,7475
1222,18351
1222,24126
1222,715
1222,24008
1222,4638
1222,24376
1222,17830
1222,2824
1222,23707
1222,4062
1222,5192
1222,17751
1222,7551
1222,2765
1222,24554
1222,24121
1222,25153
1222,7021
1222,18362
1222,23896
1222,7613
1222,17300
1222,23910
1222,6490
1222,24018
1222,17917
1222,23868
1222,23770
1222,4787
1222,18056
1222,10116
1222,17984
1222,3301
1222,4740
1222,23922
1222,23709
1222,17929
1222,23864
1222,9519
1222,9984
1222,4164
1222,17462
1222,24111
1222,10222
1222,18100
1222,4826
1222,7544
1222,4609
1222,17435
1222,4859
1222,4147
1222,17648
1222,18376
1222,23858
1222,9444
1222,10219
1222,9557
1222,6392
1222,9510
1222,11554
1222,17820
1222,9384
1222,23668
1222,704
1222,24070
1222,9673
1222,17766
1222,9565
1222,24544
1222,5255
1222,4103
1222,18058
1222,10236
1222,24035
1222,5335
1222,17757
1222,9427
1222,23999
1222,23646
1222,24100
1222,17756
1222,4069
1222,4803
1222,10129
1222,834
1222,17907
1222,7490
1222,4982
1222,17655
1223,12271
1224,19445
1224,7133
1225,39
1225,22336
1226,2829
1226,7133
1227,2829
1227,1349
1227,2643
1227,19988
1227,7386
1227,7133
1228,22774
1228,7133
1229,210
1229,175
1230,23648
1230,3777
1230,24207
1230,4534
1231,4324
1232,7019
1233,6763
1233,11487
1233,3550
1234,210
1235,1760
1235,6668
1236,175
1237,6396
1237,19407
1238,1782
1238,17596
1238,10163
1238,7565
1238,7561
1238,9770
1238,18035
1238,17580
1238,9709
1238,17867
1238,23597
1238,9489
1238,9688
1238,23566
1238,9687
1238,18298
1238,18301
1238,3609
1238,3787
1238,7562
1238,9490
1238,18027
1238,9453
1238,3785
1238,9276
1238,9271
1238,18299
1238,10053
1238,10064
1238,10167
1238,9318
1238,9950
1238,9275
1238,9871
1239,702
1239,3550
1240,23093
1240,19784
1240,4545
1240,16996
1240,21593
1240,72
1240,11534
1240,17189
1240,17174
1240,11277
1240,20410
1240,14203
1240,6460
1240,10362
1240,16433
1240,12638
1240,2517
1240,11171
1240,3363
1240,17101
1240,18472
1240,23525
1240,17146
1240,1993
1240,4250
1240,21986
1240,19939
1240,22557
1240,19340
1240,19866
1240,6108
1240,13790
1240,19758
1240,19335
1240,10718
1240,22370
1240,7194
1240,10791
1240,15226
1240,11170
1240,2155
1240,2785
1240,837
1240,16811
1240,12532
1240,7264
1240,6517
1240,11735
1240,7108
1240,16250
1240,102
1240,10888
1240,25053
1240,14751
1240,12148
1240,25241
1240,18710
1240,13638
1240,11899
1240,3526
1240,20469
1240,22565
1240,8152
1240,13491
1240,356
1240,6528
1240,2457
1240,21677
1240,3303
1240,21755
1240,8049
1240,7338
1240,12801
1240,13406
1240,3572
1240,7128
1240,25088
1240,4294
1240,1247
1240,4762
1240,16596
1240,6194
1240,7346
1240,15049
1240,8448
1240,9085
1240,6328
1240,11870
1240,4658
1240,2275
1240,4767
1240,719
1240,1780
1240,2432
1240,10917
1240,14382
1240,18002
1240,11599
1240,20288
1240,22407
1240,21882
1240,6658
1240,988
1240,7460
1240,14567
1240,18986
1240,18535
1240,17012
1240,20412
1240,7867
1240,17044
1240,13397
1240,13613
1240,2484
1240,13712
1240,6992
1240,12957
1240,21631
1240,6288
1240,7860
1240,19852
1240,7365
1240,7721
1240,13690
1240,59
1240,23436
1240,13367
1240,13364
1240,13370
1240,2009
1240,10776
1240,4324
1240,4638
1240,3603
1240,13490
1240,20438
1240,19202
1240,7498
1240,987
1240,7223
1240,21991
1240,6984
1240,14892
1240,7168
1240,8086
1240,11985
1240,10587
1240,7227
1240,15000
1240,11060
1240,12140
1240,12182
1240,23170
1240,21788
1240,21730
1240,22002
1240,22235
1240,6638
1240,17316
1240,2810
1240,559
1240,12181
1240,2910
1240,22187
1240,1260
1240,22631
1240,5504
1240,23384
1240,23946
1240,14075
1240,19020
1240,22609
1240,4548
1240,14414
1240,15706
1240,20394
1240,16170
1240,13507
1240,16151
1240,117
1240,2733
1240,16528
1240,13976
1240,21939
1240,5956
1240,18657
1240,4391
1240,23319
1240,15478
1240,22215
1240,15719
1240,11833
1240,5743
1240,11991
1240,12303
1240,8129
1240,1406
1240,23076
1240,7304
1240,2678
1240,14484
1240,16240
1240,596
1240,11744
1240,1022
1240,11146
1240,16140
1240,6256
1240,15066
1240,16989
1240,19410
1240,15960
1240,6763
1240,14337
1240,1328
1240,13590
1240,13480
1240,883
1240,22206
1240,15131
1240,18845
1240,15376
1240,1276
1240,13097
1240,9584
1240,16800
1240,14459
1240,19987
1240,14292
1240,23447
1240,15158
1240,6441
1240,9809
1240,10767
1240,15831
1240,22110
1240,13417
1240,152
1240,2442
1240,2671
1240,9199
1240,14899
1240,7069
1240,536
1240,10958
1240,18903
1240,884
1240,1926
1240,19157
1240,1615
1240,14202
1240,7576
1240,2640
1240,4771
1240,3365
1240,17265
1240,14411
1240,589
1240,14808
1240,14225
1240,22484
1240,1804
1240,23583
1240,13404
1240,6620
1240,22475
1240,23267
1240,6615
1240,14181
1240,489
1240,10571
1240,7302
1240,3204
1240,3301
1240,20154
1240,5714
1240,12056
1240,5467
1240,19230
1240,21525
1240,12143
1240,9931
1240,6670
1240,21566
1240,13431
1240,11184
1240,438
1240,24096
1240,11115
1240,22886
1240,6192
1240,11798
1240,13769
1240,2677
1240,14041
1240,17395
1240,12866
1240,2083
1240,2089
1240,21587
1240,17379
1240,12188
1240,6420
1240,14906
1240,15020
1240,4312
1240,19024
1240,12277
1240,2232
1240,16757
1240,967
1240,18642
1240,6416
1240,19119
1240,14794
1240,727
1240,1170
1240,8343
1240,11881
1240,6110
1240,24969
1240,11604
1240,25258
1240,13788
1240,11886
1240,23393
1240,19228
1240,11415
1240,15644
1240,11642
1240,23521
1240,6182
1240,17069
1240,19593
1240,17066
1240,21550
1240,19422
1240,1902
1240,265
1240,14975
1240,14146
1240,16087
1240,868
1240,11851
1240,23173
1240,11817
1240,18773
1240,22664
1240,20444
1240,22860
1240,16172
1240,11172
1240,7883
1240,23071
1240,7234
1240,3459
1240,22090
1240,15796
1240,7610
1240,22673
1240,19255
1240,16123
1240,22568
1240,1519
1240,9157
1240,8084
1240,6374
1240,5051
1240,11516
1240,2749
1240,8120
1240,12070
1240,19773
1240,24016
1240,7055
1240,6483
1240,12016
1240,10755
1240,13946
1240,14686
1240,14916
1240,4244
1240,16561
1240,18578
1240,10660
1240,19397
1240,14339
1240,14959
1240,15138
1240,7790
1240,7019
1240,20464
1240,10934
1240,22608
1240,13743
1240,14461
1240,21536
1240,20992
1240,17053
1240,14127
1240,10817
1240,23766
1240,22771
1240,10816
1240,16715
1240,17034
1240,15184
1240,523
1240,5080
1240,833
1240,20478
1240,5344
1240,413
1240,13086
1240,11382
1240,1914
1240,22614
1240,17686
1240,9045
1240,17185
1240,25212
1240,1165
1240,21532
1240,14514
1240,11250
1240,6137
1240,7760
1240,1880
1240,14699
1240,7727
1240,1688
1240,19401
1240,2078
1240,24078
1240,18633
1240,21922
1240,103
1240,16532
1240,21519
1240,6631
1240,11056
1240,12116
1240,12935
1240,13764
1240,7878
1240,14324
1240,22938
1240,3791
1240,22572
1240,19419
1240,2114
1240,12030
1240,15231
1240,17771
1240,10027
1240,2151
1240,16466
1240,13402
1240,23530
1240,22221
1240,2828
1240,24808
1240,7983
1240,19449
1240,12974
1240,1823
1240,7945
1240,14829
1240,6398
1240,4135
1240,2646
1240,23120
1240,11468
1240,14544
1240,20121
1240,14814
1240,1106
1240,3112
1240,1065
1240,12084
1240,2942
1240,14744
1240,23184
1240,1053
1240,21715
1240,11440
1240,2380
1240,19368
1240,2005
1240,7634
1240,21651
1240,13577
1240,3645
1240,16592
1240,1047
1240,241
1240,20130
1240,11651
1240,23962
1240,16704
1240,16805
1240,11361
1240,13276
1240,6106
1240,20756
1240,1142
1240,10875
1240,23473
1240,23816
1240,8967
1240,13837
1240,24489
1240,25213
1240,23388
1240,16839
1240,3018
1240,83
1240,14791
1240,24671
1240,6207
1240,10695
1240,651
1240,2082
1240,10926
1240,6990
1240,519
1240,5651
1240,4231
1240,13779
1240,491
1240,3293
1240,16899
1240,3456
1240,10398
1240,2455
1240,2977
1240,25337
1240,22449
1240,11140
1240,22138
1240,14743
1240,22562
1240,11727
1240,1438
1240,1803
1240,10605
1240,20241
1240,2051
1240,12179
1240,7322
1240,11031
1240,3816
1240,1312
1240,1373
1240,4587
1240,6581
1240,6282
1240,21988
1240,1788
1240,6063
1240,8709
1240,22797
1240,12274
1240,22172
1240,2186
1240,22942
1240,1241
1240,702
1240,22749
1240,2979
1240,2465
1240,17301
1240,11199
1240,12780
1240,15268
1240,10914
1240,10757
1240,7040
1240,18683
1240,18610
1240,22541
1240,249
1240,21779
1240,16262
1240,20212
1240,13440
1240,10507
1240,21220
1240,1596
1240,5770
1240,11964
1240,10686
1240,10764
1240,19188
1240,2993
1240,13627
1240,19055
1240,11229
1240,1309
1240,20294
1240,16051
1240,13606
1240,18503
1240,4151
1240,22040
1240,17055
1240,11584
1240,11979
1240,23094
1240,6503
1240,11731
1240,14679
1240,10242
1240,12487
1240,12067
1240,47
1240,13528
1240,12134
1240,25230
1240,25036
1240,2682
1240,11425
1240,23503
1240,23376
1240,13519
1240,14980
1240,8561
1240,17071
1240,12193
1240,3506
1240,22177
1240,4539
1240,16911
1240,1792
1240,4556
1240,20070
1240,23297
1240,22755
1240,23650
1240,22436
1240,6364
1240,16897
1240,21606
1240,11153
1240,1741
1240,2190
1240,13983
1240,10962
1240,24163
1240,12199
1240,7259
1240,6683
1240,14649
1240,24358
1240,19531
1240,13777
1240,12636
1240,7386
1240,1790
1240,11792
1240,6918
1240,3567
1240,11464
1240,416
1240,14848
1240,13766
1240,7698
1240,14533
1240,6064
1240,7749
1240,15413
1240,24270
1240,22777
1240,14990
1240,11531
1240,721
1240,13322
1240,21561
1240,2806
1240,10846
1240,20043
1240,6168
1240,1341
1240,8026
1240,24341
1240,18693
1240,3928
1240,15228
1240,22297
1240,4740
1240,7659
1240,13434
1240,7271
1240,1250
1240,21899
1240,19262
1240,7783
1240,12236
1240,11709
1240,6179
1240,6757
1240,6433
1240,11164
1240,22740
1240,824
1240,24822
1240,11378
1240,7402
1240,12004
1240,13765
1240,3562
1240,22217
1240,703
1240,18515
1240,3038
1240,1669
1240,14471
1240,23101
1240,19619
1240,11889
1240,13592
1240,22493
1240,13901
1240,21995
1240,471
1240,14183
1240,6619
1240,210
1240,4457
1240,14752
1240,16847
1240,12576
1240,21522
1240,2541
1240,15019
1240,15345
1240,7107
1240,12001
1240,12041
1240,1764
1240,6649
1240,11485
1240,11681
1240,22661
1240,19980
1240,22809
1240,2462
1240,23156
1240,298
1240,2498
1240,16389
1240,10488
1240,11224
1240,1256
1240,1151
1240,6368
1240,17095
1240,13566
1240,6612
1240,19056
1240,14605
1240,13752
1240,7582
1240,17296
1240,10541
1240,6424
1240,19644
1240,2825
1240,6405
1240,21859
1240,9663
1240,19259
1240,9146
1240,2773
1240,25240
1240,8070
1240,16007
1240,18834
1240,11834
1240,6185
1240,22061
1240,21966
1240,7197
1240,12027
1240,19152
1240,1037
1240,7089
1240,10293
1240,11766
1240,25063
1240,15892
1240,23024
1240,13350
1240,22747
1240,17275
1240,24013
1240,3131
1240,15280
1240,1429
1240,6922
1240,22400
1240,14497
1240,15252
1240,1443
1240,12218
1240,8048
1240,19101
1240,1881
1240,12051
1240,1098
1240,3390
1240,157
1240,22035
1240,15841
1240,461
1240,12098
1240,12283
1240,6775
1240,22784
1240,20170
1240,19649
1240,6668
1240,22285
1240,14644
1240,19626
1240,11554
1240,1854
1240,22714
1240,10334
1240,14021
1240,13883
1240,22760
1240,11636
1240,10911
1240,1634
1240,24478
1240,22004
1240,14862
1240,3550
1240,1794
1240,6229
1240,3266
1240,7014
1240,10853
1240,18817
1240,410
1240,17047
1240,3817
1240,18951
1240,22185
1240,20300
1240,24183
1240,16961
1240,18679
1240,6985
1240,17294
1240,6096
1240,909
1240,11112
1240,6171
1240,20760
1240,484
1240,21632
1240,21838
1240,12166
1240,15939
1240,1258
1240,16540
1240,6326
1240,17107
1240,11934
1240,25178
1240,4213
1240,13489
1240,22698
1240,5798
1240,14911
1240,18832
1240,792
1240,2162
1240,19576
1240,11828
1240,1655
1240,5433
1240,1013
1240,3763
1240,14865
1240,19415
1240,654
1240,6861
1240,2052
1240,10675
1240,14771
1240,7474
1240,22359
1240,1472
1240,5113
1240,13614
1240,19104
1240,14992
1240,11530
1240,14226
1240,18572
1240,3650
1240,6235
1240,23424
1240,10462
1240,11693
1240,13432
1240,20112
1240,20956
1240,19313
1240,13815
1240,202
1240,17311
1240,4299
1240,3448
1240,23262
1240,1523
1240,7821
1240,7986
1240,23271
1240,7375
1240,14421
1240,7316
1240,13737
1240,15012
1240,20391
1240,3932
1240,14741
1240,21126
1240,1970
1240,3195
1240,19160
1240,10508
1240,19114
1240,11148
1240,16707
1240,10784
1240,23188
1240,11225
1240,20373
1240,13724
1240,17033
1240,6767
1240,6167
1240,6175
1240,22
1240,12978
1240,20570
1240,22723
1240,15899
1240,14036
1240,1606
1240,6942
1240,3304
1240,24879
1240,16951
1240,1924
1240,6338
1240,22598
1240,12104
1240,15861
1240,12062
1240,16999
1240,19025
1240,13027
1240,7770
1240,16638
1240,21750
1240,223
1240,3856
1240,4188
1240,6527
1240,7572
1240,11613
1240,16896
1240,8929
1240,4785
1240,22010
1240,8221
1240,2204
1240,10800
1240,23482
1240,14816
1240,6213
1240,8882
1240,2245
1240,15970
1240,8135
1240,10822
1240,17131
1240,24218
1240,23336
1240,21540
1240,1159
1240,15123
1240,1868
1240,18970
1240,11830
1240,15256
1240,5179
1240,23113
1240,4838
1240,10443
1240,12115
1240,4166
1240,13753
1240,22907
1240,2924
1240,6944
1240,2567
1240,13872
1240,1259
1240,14683
1240,14228
1240,287
1240,24737
1240,5512
1240,889
1240,13463
1240,2709
1240,12800
1240,10456
1240,2387
1240,6603
1240,7348
1240,823
1240,7739
1240,24687
1240,15344
1240,10900
1240,6219
1240,19561
1240,2158
1240,709
1240,1802
1240,14666
1240,20765
1240,1932
1240,23767
1240,7734
1240,17367
1240,15118
1240,3576
1240,15486
1240,1653
1240,23392
1240,15192
1240,19658
1240,4011
1240,11122
1240,14131
1240,19022
1240,17264
1240,13049
1240,1327
1240,14331
1240,21951
1240,24615
1240,19527
1240,2092
1240,11175
1240,12258
1240,7382
1240,2968
1240,3186
1240,12490
1240,23259
1240,10600
1240,16452
1240,19574
1240,19613
1240,16605
1240,24171
1240,769
1240,3258
1240,22778
1240,695
1240,17045
1240,6317
1240,12160
1240,11549
1240,431
1240,110
1240,1891
1240,8785
1240,13748
1240,18530
1240,870
1240,16633
1240,10723
1240,6926
1240,876
1240,1935
1240,2096
1240,11141
1240,10862
1240,20083
1240,19064
1240,21906
1240,20315
1240,18619
1240,13791
1240,19380
1240,7396
1240,16392
1240,19363
1240,19106
1240,6074
1240,1518
1240,19744
1240,4134
1240,18436
1240,1831
1240,5050
1240,1767
1240,20991
1240,1747
1240,23509
1240,10533
1240,1360
1240,768
1240,3357
1240,20427
1240,21578
1240,2389
1240,17134
1240,15604
1240,12607
1240,5404
1240,6504
1240,14958
1240,14529
1240,3250
1240,13009
1240,13803
1240,4636
1240,1539
1240,14001
1240,1714
1240,14213
1240,6505
1240,1537
1240,1791
1240,5640
1240,14460
1240,15590
1240,24761
1240,19922
1240,12481
1240,14338
1240,15112
1240,25260
1240,15603
1240,20397
1240,3802
1240,1983
1240,6772
1240,23338
1240,7728
1240,13517
1240,12390
1240,10638
1240,15060
1240,20283
1240,13095
1240,8168
1240,19170
1240,13501
1240,19140
1240,4146
1240,9002
1240,19750
1240,14237
1240,13997
1240,14052
1240,14614
1240,1801
1240,18608
1240,7160
1240,24224
1240,14301
1240,11317
1240,22487
1240,17014
1240,20316
1240,23187
1240,19430
1240,19783
1240,16837
1240,23029
1240,17344
1240,2299
1240,23832
1240,1758
1240,6296
1240,22066
1240,398
1240,10714
1240,20031
1240,22078
1240,12038
1240,6568
1240,22348
1240,14244
1240,17254
1240,13304
1240,2530
1240,8235
1240,7887
1240,21990
1240,6842
1240,14437
1240,14194
1240,21639
1240,14321
1240,14300
1240,12210
1240,11450
1240,1107
1240,2460
1240,21893
1240,5666
1240,6092
1240,22961
1240,11827
1240,15215
1240,4582
1240,14600
1240,22077
1240,294
1240,23445
1240,7405
1240,13717
1240,1300
1240,9151
1240,14467
1240,11797
1240,23063
1240,23343
1240,11416
1240,17040
1240,19431
1240,23441
1240,3738
1240,12050
1240,1425
1240,10210
1240,3321
1240,13038
1240,21610
1240,6152
1240,10382
1240,7125
1240,22097
1240,18825
1240,10591
1240,12785
1240,9801
1240,4649
1240,10916
1240,20356
1240,13718
1240,2991
1240,7166
1240,10677
1240,16436
1240,7850
1240,12558
1240,24726
1240,7031
1240,13789
1240,19726
1240,3600
1240,1966
1240,14898
1240,25209
1240,6733
1240,14650
1240,6547
1240,13822
1240,13768
1240,22863
1240,22083
1240,5057
1240,91
1240,13835
1240,16386
1240,7592
1240,15082
1240,14627
1240,257
1240,24170
1240,825
1240,13860
1240,11902
1240,19302
1240,18294
1240,14951
1240,16748
1240,6180
1240,9133
1240,1144
1240,1054
1240,11942
1240,23333
1240,18534
1240,6058
1240,20188
1240,14175
1240,4681
1240,23694
1240,13630
1240,22045
1240,11368
1240,22352
1240,9830
1240,9120
1240,1588
1240,19391
1240,7840
1240,11529
1240,11675
1240,22486
1240,5779
1240,11687
1240,16613
1240,18553
1240,14091
1240,15396
1240,2953
1240,21617
1240,18504
1240,15154
1240,18962
1240,6335
1240,795
1240,4984
1240,12034
1240,1940
1240,6274
1240,17050
1240,22689
1240,649
1240,14685
1240,10101
1240,6091
1240,6308
1240,20275
1240,9300
1240,1099
1240,23546
1240,11738
1240,7262
1240,20234
1240,7793
1240,14921
1240,2382
1240,10960
1240,23421
1240,20327
1240,11399
1240,20374
1240,9499
1240,6994
1240,22147
1240,20171
1240,6249
1240,22844
1240,5090
1240,5473
1240,19722
1240,7824
1240,18883
1240,6165
1240,1929
1240,1576
1240,21686
1240,7927
1240,16335
1240,11290
1240,1021
1240,22787
1240,11831
1240,14546
1240,2829
1240,19080
1240,12192
1240,15148
1240,1039
1240,8360
1240,6196
1240,22889
1240,898
1240,22570
1240,22409
1240,22460
1240,23330
1240,668
1240,21548
1240,14022
1240,13830
1240,787
1240,22993
1240,6558
1240,12197
1240,16531
1240,8401
1240,10712
1240,7240
1240,6485
1240,1338
1240,2023
1240,11955
1240,5589
1240,2586
1240,6989
1240,14745
1240,175
1240,11233
1240,20381
1240,21516
1240,2600
1240,19998
1240,22384
1240,6401
1240,10469
1240,22141
1240,6220
1240,1273
1240,11451
1240,17906
1240,10595
1240,22327
1240,10814
1240,17354
1240,1869
1240,5401
1240,13844
1240,23149
1240,6698
1240,19685
1240,18568
1240,10299
1240,14296
1240,2768
1240,1609
1240,13792
1240,6347
1240,7909
1240,25237
1240,10599
1240,6076
1240,10548
1240,10676
1240,12017
1240,750
1240,12031
1240,2166
1240,9270
1240,4553
1240,1822
1240,12637
1240,2208
1240,6133
1240,17380
1240,1907
1240,19935
1240,10406
1240,15289
1240,6158
1240,13856
1240,22239
1240,8076
1240,11377
1240,24647
1240,13416
1240,7
1240,18658
1240,17000
1240,24702
1240,18939
1240,11644
1240,2915
1240,12059
1240,6026
1240,23379
1240,23159
1240,15610
1240,15085
1240,25129
1240,23087
1240,22263
1240,19057
1240,17196
1240,11094
1240,1136
1240,13740
1240,23409
1240,19511
1240,16390
1240,2055
1240,15170
1240,7309
1240,14453
1240,23476
1240,10885
1240,11677
1240,25275
1240,7106
1240,2807
1240,24889
1240,10746
1240,12722
1240,11413
1240,244
1240,14936
1240,9930
1240,6223
1240,24695
1240,6454
1240,12183
1240,6054
1240,468
1240,7588
1240,3754
1240,12242
1240,2738
1240,18853
1240,20396
1240,14976
1240,6322
1240,19014
1240,18735
1240,22839
1240,158
1240,23542
1240,17048
1240,7926
1240,15116
1240,4374
1240,11274
1240,22430
1240,3046
1240,22824
1240,3210
1240,7024
1240,15728
1240,10091
1240,6462
1240,19850
1240,18994
1240,14141
1240,23390
1240,581
1240,21702
1240,23240
1240,23040
1240,6780
1240,2890
1240,15886
1240,1103
1240,19894
1240,4776
1240,7950
1240,19597
1240,6953
1240,24609
1240,21684
1240,14560
1240,9503
1240,8069
1240,6417
1240,10878
1240,20363
1240,6333
1240,1403
1240,625
1240,16265
1240,8912
1240,912
1240,507
1240,21901
1240,18813
1240,16665
1240,10804
1240,5000
1240,7371
1240,19826
1240,14861
1240,9044
1240,11161
1240,22763
1240,12886
1240,14200
1240,12180
1240,16388
1240,13369
1240,578
1240,20468
1240,21910
1240,16494
1240,5389
1240,20119
1240,853
1240,22107
1240,13781
1240,6526
1240,13727
1240,23231
1240,20141
1240,16736
1240,21781
1240,3013
1240,7475
1240,19747
1240,21071
1240,17072
1240,10498
1240,21953
1240,20202
1240,12194
1240,23199
1240,9681
1240,11947
1240,11149
1240,16432
1240,10795
1240,14678
1240,9036
1240,1810
1240,5047
1240,12043
1240,17062
1240,6143
1240,11780
1240,2986
1240,7831
1240,22258
1240,19543
1240,2391
1240,19367
1240,7470
1240,13326
1240,548
1240,15021
1240,23119
1240,1077
1240,10988
1240,11906
1240,21599
1240,8138
1240,12286
1240,6287
1240,10653
1240,17117
1240,17152
1240,20082
1240,2771
1240,18677
1240,15539
1240,11962
1240,20184
1240,13838
1240,14034
1240,6418
1240,14047
1240,12162
1240,1874
1240,11993
1240,704
1240,7067
1240,22444
1240,7333
1240,2959
1240,19266
1240,3305
1240,23004
1240,13602
1240,15812
1240,2573
1240,14653
1240,12102
1240,4
1240,11550
1240,22581
1240,6551
1240,22441
1240,5
1240,14156
1240,20437
1240,9752
1240,2004
1241,14260
1241,11563
1241,1240
1241,10779
1242,15431
1242,6763
1242,15854
1242,21279
1242,5315
1242,14355
1242,15618
1242,19303
1242,5511
1242,20507
1242,6675
1242,4082
1242,21439
1242,5244
1242,13154
1242,1274
1242,21270
1242,15765
1242,8556
1242,24835
1242,8282
1242,13039
1242,23926
1242,9129
1242,15545
1242,16014
1242,7300
1242,24850
1242,21169
1242,8137
1242,5327
1243,669
1244,2287
1245,702
1245,175
1246,210
1246,6396
1246,12131
1247,1240
1248,210
1248,4324
1249,702
1250,7912
1250,1240
1250,10579
1251,19095
1251,4324
1252,4384
1252,11538
1252,10430
1252,23149
1252,12223
1252,20081
1252,3550
1253,11715
1254,15291
1254,23499
1255,298
1256,175
1256,1240
1257,10608
1257,12122
1258,6763
1258,8435
1258,4812
1258,18216
1258,15688
1258,12957
1258,19647
1258,3304
1258,19046
1258,19030
1258,3221
1258,5492
1258,21413
1258,2498
1258,1274
1258,3258
1258,13238
1258,13128
1258,2517
1258,4651
1258,4638
1258,6454
1258,1240
1258,3717
1258,6940
1258,25197
1258,9362
1258,19972
1258,175
1258,8002
1258,20944
1258,21003
1258,20105
1258,8808
1258,5998
1258,7133
1258,9046
1258,17665
1258,5414
1258,3357
1258,6462
1258,1300
1258,813
1258,5493
1258,10313
1258,12358
1258,12564
1258,16246
1258,25253
1258,13124
1258,287
1258,5236
1258,3492
1258,5512
1258,9121
1258,5471
1258,3321
1258,15794
1258,8675
1258,20735
1258,8438
1258,703
1258,14893
1258,6540
1258,3868
1258,18573
1258,3433
1258,3550
1258,2604
1258,25218
1258,853
1259,6462
1259,1240
1260,1240
1260,2829
1261,7133
1262,4324
1263,210
1264,14986
1264,19407
1265,210
1266,19972
1267,210
1267,3550
1268,3243
1268,21015
1268,5129
1268,8599
1268,740
1268,9138
1268,4828
1268,13183
1268,19161
1268,13061
1268,16611
1268,3304
1268,9105
1268,5783
1268,15747
1268,2165
1268,16028
1268,3258
1268,8728
1268,21605
1268,8429
1268,8672
1268,24806
1268,9036
1268,25157
1268,15692
1268,308
1268,4347
1268,12469
1268,21067
1268,20239
1268,8823
1268,13184
1268,12938
1268,4002
1268,20994
1268,18654
1268,9041
1268,20523
1268,15888
1268,24935
1268,9094
1268,12711
1268,6666
1268,12482
1268,20913
1268,15974
1268,15715
1268,13019
1268,20982
1268,233
1268,5025
1268,13048
1268,19117
1268,13181
1268,10432
1268,1883
1268,12310
1268,24995
1268,287
1268,3492
1268,15361
1268,7336
1268,6832
1268,5115
1268,3321
1268,20555
1268,2595
1268,15664
1268,12923
1268,17799
1268,15669
1268,20943
1268,19905
1268,12552
1268,18331
1268,4974
1268,25003
1268,24750
1268,4654
1268,20605
1268,8863
1268,8266
1268,16077
1268,6841
1269,7133
1270,3328
1270,22976
1270,16554
1270,2479
1270,8928
1270,1096
1271,703
1271,702
1272,12386
1273,1240
1273,6396
1274,6763
1274,9117
1274,6794
1274,20777
1274,4446
1274,8092
1274,2536
1274,2949
1274,6080
1274,8154
1274,8210
1274,18345
1274,21302
1274,16339
1274,3258
1274,2904
1274,8658
1274,3217
1274,10416
1274,5522
1274,16496
1274,20922
1274,1258
1274,22213
1274,6454
1274,15952
1274,4789
1274,6940
1274,5874
1274,8529
1274,5222
1274,224
1274,3742
1274,20926
1274,4893
1274,2612
1274,7576
1274,15613
1274,25311
1274,12889
1274,3574
1274,5433
1274,3088
1274,24676
1274,8226
1274,6640
1274,8490
1274,6740
1274,6900
1274,20486
1274,8577
1274,7133
1274,15396
1274,20991
1274,6742
1274,22153
1274,15419
1274,20496
1274,8817
1274,3357
1274,8993
1274,7353
1274,9496
1274,6462
1274,21055
1274,813
1274,15726
1274,19379
1274,25168
1274,17459
1274,20839
1274,6780
1274,8718
1274,8591
1274,12714
1274,4628
1274,20956
1274,13250
1274,24816
1274,21622
1274,3492
1274,24609
1274,6433
1274,16305
1274,4294
1274,15466
1274,21440
1274,5552
1274,15806
1274,21434
1274,20622
1274,614
1274,24977
1274,5402
1274,648
1274,9499
1274,12716
1274,4652
1274,12920
1274,13101
1274,8967
1274,6328
1274,3562
1274,12875
1274,3090
1274,703
1274,3093
1274,13145
1274,6759
1274,5090
1274,8846
1274,24776
1274,12167
1274,163
1274,19061
1274,6540
1274,8343
1274,22124
1274,5569
1274,20887
1274,16560
1274,5389
1274,8223
1274,15916
1274,3084
1274,12531
1274,861
1274,7927
1274,12704
1274,13208
1274,3293
1274,12541
1274,9051
1274,20917
1274,15581
1274,2130
1274,12957
1274,12898
1274,73
1274,11140
1274,1242
1274,16611
1274,3304
1274,19030
1274,16087
1274,3247
1274,24846
1274,20784
1274,2498
1274,17072
1274,8681
1274,15710
1274,4324
1274,4638
1274,5370
1274,22678
1274,6901
1274,12845
1274,13233
1274,1785
1274,8320
1274,1899
1274,24934
1274,9036
1274,21352
1274,12694
1274,8768
1274,12362
1274,21503
1274,16285
1274,12662
1274,12317
1274,5589
1274,16333
1274,9703
1274,175
1274,20687
1274,8002
1274,6000
1274,4421
1274,15727
1274,7808
1274,21136
1274,12302
1274,19152
1274,21328
1274,5820
1274,10613
1274,20941
1274,8847
1274,3085
1274,10293
1274,5414
1274,12387
1274,3097
1274,294
1274,3263
1274,24679
1274,9151
1274,1300
1274,17906
1274,16097
1274,8761
1274,15706
1274,6831
1274,13187
1274,13302
1274,19264
1274,5668
1274,22400
1274,23149
1274,1697
1274,20385
1274,12338
1274,287
1274,8436
1274,21979
1274,12808
1274,5512
1274,12307
1274,20992
1274,6849
1274,5540
1274,22774
1274,6775
1274,15958
1274,12542
1274,4422
1274,6668
1274,20247
1274,8323
1274,9506
1274,8342
1274,9581
1274,5280
1274,6725
1274,16346
1274,20578
1274,16337
1274,21370
1274,13286
1274,15774
1274,13247
1274,8302
1274,5395
1274,9067
1274,1104
1274,18398
1274,3550
1274,5078
1274,13077
1274,4726
1274,11270
1274,12849
1275,7213
1276,6396
1276,1240
1277,15695
1277,20854
1278,6462
1278,702
1278,287
1278,13790
1278,3357
1278,12181
1278,3550
1278,5714
1278,14744
1279,1576
1280,17055
1280,3550
1281,15251
1281,34
1281,9319
1281,6940
1281,4740
1281,10566
1281,6316
1281,175
1281,7229
1281,2097
1281,9417
1281,2153
1281,6540
1281,2498
1281,8423
1281,3258
1281,20941
1281,2517
1281,7133
1281,4324
1281,4638
1281,3558
1281,13769
1281,4566
1281,853
1282,702
1282,7133
1283,702
1284,175
1285,702
1285,7133
1286,20116
1286,7019
1287,210
1287,7019
1288,10913
1288,3550
1289,8040
1289,249
1290,702
1291,5289
1291,16643
1291,6940
1291,3562
1291,175
1291,5166
1291,8517
1291,336
1291,8002
1291,217
1291,3304
1291,10506
1291,19325
1291,3214
1291,15569
1291,8210
1291,21346
1291,287
1291,3492
1291,19152
1291,13238
1291,25182
1291,10342
1291,13156
1291,4638
1291,5216
1291,5414
1291,3357
1291,3582
1292,2871
1293,10911
1293,210
1293,14746
1293,7019
1294,702
1294,19030
1295,702
1295,6396
1296,81
1297,21220
1298,11538
1298,12159
1298,294
1298,514
1299,702
1299,6518
1300,560
1300,18948
1300,8484
1300,15517
1300,5561
1300,13185
1300,5138
1300,19377
1300,9691
1300,4590
1300,5292
1300,1548
1300,20666
1300,24097
1300,5291
1300,13265
1300,16300
1300,21167
1300,10356
1300,8366
1300,1274
1300,6850
1300,18805
1300,15445
1300,7501
1300,5522
1300,8301
1300,5461
1300,1258
1300,21095
1300,3308
1300,3596
1300,12606
1300,6732
1300,4810
1300,8616
1300,20639
1300,10027
1300,18437
1300,8379
1300,5484
1300,5108
1300,15316
1300,18204
1300,8400
1300,20577
1300,9086
1300,5433
1300,24740
1300,20543
1300,21145
1300,15636
1300,25228
1300,8955
1300,6740
1300,6674
1300,11533
1300,8474
1300,20641
1300,6748
1300,8427
1300,5604
1300,15419
1300,25235
1300,15267
1300,20504
1300,16461
1300,16244
1300,12629
1300,12402
1300,9553
1300,25261
1300,18696
1300,16165
1300,5128
1300,13303
1300,8197
1300,21118
1300,12677
1300,21927
1300,8819
1300,13454
1300,5086
1300,20681
1300,17334
1300,2788
1300,3492
1300,22967
1300,15730
1300,17644
1300,5092
1300,9011
1300,15864
1300,5631
1300,9212
1300,23131
1300,1760
1300,16144
1300,8448
1300,16005
1300,20536
1300,20858
1300,24997
1300,10735
1300,6895
1300,21294
1300,20508
1300,5606
1300,5145
1300,5090
1300,554
1300,16379
1300,8423
1300,7803
1300,9064
1300,4355
1300,21271
1300,335
1300,16509
1300,12788
1300,15757
1300,24710
1300,3293
1300,12888
1300,18535
1300,15558
1300,21230
1300,2829
1300,12596
1300,11106
1300,12477
1300,20805
1300,681
1300,4949
1300,8360
1300,13446
1300,20570
1300,12957
1300,8122
1300,18694
1300,25249
1300,20515
1300,3304
1300,21502
1300,5611
1300,787
1300,6396
1300,9111
1300,4324
1300,4638
1300,6719
1300,9144
1300,8401
1300,1681
1300,12995
1300,17418
1300,20501
1300,8202
1300,8768
1300,4750
1300,13277
1300,8929
1300,4785
1300,702
1300,6856
1300,3008
1300,175
1300,3302
1300,6013
1300,13031
1300,8469
1300,8002
1300,8221
1300,8697
1300,3309
1300,8882
1300,8678
1300,15088
1300,21066
1300,23118
1300,16627
1300,20941
1300,8014
1300,20677
1300,7891
1300,1127
1300,5617
1300,12696
1300,8976
1300,10625
1300,16266
1300,4838
1300,17643
1300,6474
1300,4182
1300,6909
1300,3344
1300,19936
1300,5165
1300,5401
1300,5870
1300,16098
1300,8721
1300,3213
1300,13016
1300,13294
1300,12913
1300,287
1300,15490
1300,17923
1300,8774
1300,5512
1300,16230
1300,15758
1300,18599
1300,9122
1300,11857
1300,242
1300,8653
1300,9331
1300,12655
1300,5856
1300,17913
1300,1052
1300,8867
1300,9506
1300,25207
1300,9305
1300,5701
1300,8375
1300,350
1300,16525
1300,24556
1300,13247
1300,8076
1300,5431
1300,18662
1300,451
1300,5428
1300,2875
1300,11846
1300,7919
1300,12683
1300,13175
1300,18059
1300,8561
1300,2915
1300,2853
1300,4551
1300,14319
1300,21286
1300,3331
1300,8502
1300,15423
1300,6763
1300,12997
1300,20773
1300,18244
1300,20268
1300,10164
1300,8359
1300,21994
1300,15170
1300,15870
1300,15686
1300,15834
1300,8765
1300,21426
1300,9584
1300,3258
1300,12970
1300,13238
1300,5148
1300,12722
1300,15607
1300,5638
1300,15660
1300,8785
1300,19033
1300,15831
1300,2518
1300,14502
1300,12223
1300,15571
1300,2671
1300,177
1300,6454
1300,12794
1300,1240
1300,6940
1300,13111
1300,13405
1300,5132
1300,14302
1300,5392
1300,20486
1300,20961
1300,7133
1300,138
1300,12601
1300,5534
1300,6140
1300,23394
1300,16133
1300,3357
1300,3210
1300,5588
1300,21139
1300,12833
1300,8688
1300,6462
1300,17392
1300,8860
1300,22123
1300,5714
1300,8723
1300,5404
1300,24356
1300,25099
1300,5467
1300,5366
1300,15134
1300,12714
1300,3250
1300,5155
1300,24303
1300,5460
1300,6179
1300,9455
1300,6433
1300,8069
1300,15675
1300,9283
1300,15590
1300,8969
1300,13989
1300,5618
1300,24920
1300,8805
1300,3562
1300,12875
1300,24588
1300,6129
1300,703
1300,12886
1300,1669
1300,8471
1300,8196
1300,19645
1300,9000
1300,3334
1300,15150
1300,20124
1300,20404
1300,578
1300,21436
1300,17791
1300,9168
1300,21241
1300,29
1300,8247
1300,2604
1300,210
1300,12616
1300,15858
1300,7202
1300,2687
1300,16020
1300,861
1300,16282
1300,853
1300,16155
1300,20966
1300,11890
1300,5562
1300,18608
1300,14301
1300,2117
1300,6649
1300,16251
1300,24721
1300,1121
1300,24990
1300,25229
1300,1201
1300,13193
1300,8252
1300,5519
1300,20774
1300,15710
1300,22390
1300,20826
1300,22299
1300,10607
1300,24842
1300,17176
1300,5899
1300,20135
1300,9036
1300,2530
1300,12694
1300,20800
1300,9026
1300,16299
1300,16367
1300,20656
1300,4540
1300,5437
1300,21503
1300,20402
1300,20687
1300,16812
1300,25181
1300,23353
1300,8191
1300,12315
1300,9157
1300,6904
1300,6022
1300,12302
1300,12930
1300,8630
1300,16998
1300,5382
1300,8403
1300,12936
1300,767
1300,8649
1300,5424
1300,5414
1300,13988
1300,294
1300,8587
1300,5843
1300,9151
1300,6831
1300,15694
1300,6696
1300,13302
1300,8003
1300,8353
1300,22440
1300,20730
1300,120
1300,16246
1300,15703
1300,7019
1300,22160
1300,16297
1300,70
1300,20127
1300,23132
1300,8940
1300,3321
1300,22385
1300,5015
1300,332
1300,19301
1300,6321
1300,12363
1300,17590
1300,16346
1300,6691
1300,19266
1300,15659
1300,4121
1300,15671
1300,8898
1300,383
1300,5104
1300,3550
1300,14762
1300,8456
1300,1956
1300,5378
1300,24078
1300,20724
1300,19159
1300,24661
1301,7018
1302,15558
1302,9004
1302,3216
1303,702
1303,19083
1304,2201
1305,3562
1306,21948
1307,25048
1308,2423
1309,1240
1309,7729
1309,4324
1310,5498
1311,12043
1311,19030
1312,702
1312,1240
1312,3562
1313,1436
1313,7067
1314,7019
1315,702
1315,7019
1316,20116
1316,2056
1317,601
1317,298
1318,722
1319,210
1319,2829
1320,11599
1320,7133
1321,13199
1321,7019
1321,6326
1322,8882
1322,681
1323,175
1323,21549
1324,702
1325,210
1326,5604
1327,1240
1328,1240
1328,3562
1329,702
1329,7019
1330,621
1330,861
1330,3492
1330,559
1330,3562
1331,702
1331,2829
1332,4566
1333,10911
1334,23127
1335,17232
1336,10911
1336,702
1336,11854
1336,13790
1336,19025
1337,702
1338,1240
1338,14482
1339,6223
1340,702
1340,7019
1341,702
1341,1240
1342,702
1342,210
1343,703
1343,20862
1344,10934
1344,702
1344,2829
1345,175
1346,3357
1347,210
1347,4324
1348,5007
1349,1227
1349,2829
1349,3357
1349,7133
1350,702
1350,7019
1351,3357
1352,19263
1352,19095
1352,10579
1353,702
1353,210
1353,8882
1354,175
1354,3562
1355,8709
1356,703
1356,7047
1357,13207
1358,7378
1359,702
1359,6622
1360,702
1360,13650
1360,1240
1361,7019
1361,7133
1362,210
1362,14743
1363,210
1364,4928
1365,2153
1366,19025
1366,7133
1367,8344
1367,20700
1368,22336
1369,6396
1369,6984
1370,702
1371,6462
1371,3357
1371,5714
1372,702
1373,1240
1373,7133
1374,702
1374,210
1374,7019
1375,13674
1375,19095
1376,8733
1376,321
1377,9912
1377,4809
1377,8675
1377,7343
1377,25106
1377,4767
1377,3742
1377,11841
1377,24731
1377,4449
1377,14745
1377,19837
1377,10516
1377,1022
1377,8168
1377,6454
1377,8309
1378,578
1378,853
1379,210
1379,6198
1380,6664
1381,7019
1382,4324
1383,702
1384,6199
1384,23149
1385,702
1385,7019
1386,14819
1387,3357
1387,3550
1388,1643
1388,3178
1388,3550
1389,12390
1389,20486
1390,210
1390,4324
1391,210
1392,4324
1393,7019
1394,702
1394,7019
1395,2829
1395,6396
1396,11082
1397,4324
1397,10797
1398,702
1398,175
1398,14718
1399,210
1399,7019
1400,702
1400,2829
1401,4324
1402,3771
1403,210
1403,1240
1404,702
1405,7019
1406,210
1406,1240
1407,175
1407,19263
1408,6396
1408,17289
1409,6462
1409,175
1409,3357
1409,12183
1410,14743
1411,175
1411,3562
1412,702
1413,18991
1413,4324
1414,15271
1415,6462
1416,7019
1416,6129
1417,702
1417,8002
1418,7019
1419,210
1420,175
1420,3357
1421,702
1421,10911
1422,702
1422,4182
1422,7019
1423,7019
1423,6129
1424,3755
1424,11352
1425,1240
1425,7133
1426,7133
1426,3550
1427,15271
1428,175
1428,16811
1429,6396
1429,1240
1429,2829
1429,10790
1430,19402
1430,3795
1431,5694
1431,22774
1432,6462
1432,10911
1433,702
1434,175
1435,3357
1436,11280
1436,226
1436,7067
1436,10887
1436,1157
1436,16644
1436,1313
1436,11165
1436,1202
1436,3357
1436,19402
1437,2871
1437,3550
1438,1240
1439,175
1439,3562
1440,6462
1440,3357
1441,2829
1442,6540
1442,702
1443,1240
1444,6111
1444,24860
1444,11852
1445,6469
1445,10943
1445,3357
1445,10470
1446,3562
1447,702
1447,7019
1448,21938
1449,2857
1449,8221
1450,702
1451,702
1451,4324
1452,722
1453,722
1453,2287
1454,722
1454,669
1455,10887
1456,2287
1457,2287
1458,7783
1458,8048
1459,722
1460,2153
1461,722
1462,2871
1463,2287
1464,2287
1465,722
1466,11322
1466,7019
1467,2287
1468,2287
1469,2287
1470,2829
1470,6129
1471,6462
1471,4268
1471,210
1471,6299
1471,3550
1472,702
1472,1240
1473,2287
1474,210
1474,702
1475,722
1476,2287
1477,2287
1478,2287
1479,3603
1479,578
1479,1135
1480,722
1481,2287
1482,17665
1482,8435
1483,2287
1484,2287
1485,722
1486,2829
1486,11458
1487,19152
1487,6940
1488,702
1488,3562
1489,722
1490,2287
1491,2829
1492,722
1492,6007
1493,11082
1494,7019
1494,6129
1495,2287
1496,722
1496,669
1497,702
1497,19109
1498,702
1498,12130
1498,22561
1499,722
1500,2287
1501,722
1502,5461
1503,6424
1504,2287
1504,669
1505,14794
1506,722
1507,2287
1508,12043
1509,16400
1510,722
1511,722
1512,2287
1513,722
1513,2287
1514,24725
1515,7796
1516,2287
1517,15935
1517,8471
1518,1240
1518,6396
1519,1240
1519,7019
1520,722
1520,669
1521,210
1521,760
1522,6131
1523,702
1523,1240
1524,722
1524,2287
1525,2287
1526,722
1527,2287
1528,722
1528,669
1529,722
1529,669
1530,175
1531,3603
1532,2287
1533,210
1533,3562
1534,722
1535,4324
1536,722
1537,210
1537,1240
1537,3562
1538,82
1539,1240
1540,3913
1541,722
1542,19887
1543,175
1543,8002
1543,6328
1544,6396
1544,7133
1545,21688
1546,2287
1547,7133
1548,1300
1548,9374
1548,3321
1549,7019
1549,14744
1550,19095
1551,4324
1552,16648
1553,702
1553,7019
1554,10911
1554,3357
1555,175
1556,175
1556,7019
1557,2288
1558,7912
1558,7019
1559,210
1559,6396
1560,1581
1560,1586
1561,210
1561,15219
1562,6328
1562,853
1563,1566
1563,1914
1563,1564
1563,1581
1563,1565
1564,2288
1564,1563
1564,1586
1565,1563
1566,1914
1566,1563
1567,1914
1568,6747
1569,7382
1570,2288
1571,20486
1572,10912
1572,12183
1573,175
1574,2829
1574,3562
1575,210
1576,24319
1576,14992
1576,11177
1576,1279
1576,22717
1576,15113
1576,11758
1576,11901
1576,10345
1576,22769
1576,7877
1576,17144
1576,7950
1576,19025
1576,979
1576,23480
1576,6336
1576,10896
1576,20457
1576,506
1576,1240
1576,7462
1576,10790
1576,15155
1576,7333
1576,12569
1576,21834
1576,175
1576,2223
1576,14053
1576,13829
1576,2306
1576,15738
1576,7600
1576,24419
1576,16707
1576,14703
1576,19571
1576,3357
1577,6199
1577,19095
1577,3562
1578,6462
1578,6597
1579,58
1579,5007
1580,13947
1580,19010
1581,1582
1581,1560
1581,1914
1581,1586
1581,1563
1582,1581
1583,1914
1584,2857
1585,3913
1586,1560
1586,1564
1586,1581
1587,175
1588,1240
1588,7019
1589,6396
1589,11676
1590,6129
1591,2287
1592,2289
1592,2287
1592,725
1593,702
1593,7019
1594,23343
1595,13708
1596,1240
1597,2045
1597,6424
1598,669
1599,722
1600,722
1601,725
1602,725
1603,725
1604,2059
1604,7019
1605,6222
1605,702
1606,1240
1607,210
1607,7019
1608,15271
1609,702
1609,1240
1610,22365
1611,3562
1612,702
1612,7019
1613,702
1613,14744
1614,702
1614,7019
1615,1240
1616,6462
1616,2829
1616,6518
1616,10887
1617,702
1617,4324
1618,702
1619,13790
1619,3357
1619,19025
1620,175
1620,7133
1621,4324
1622,12007
1623,702
1624,18991
1625,7019
1625,4324
1626,16398
1626,3550
1627,11665
1627,7304
1628,6141
1629,175
1629,6940
1630,3817
1630,14188
1630,19430
1630,18748
1631,8878
1632,8168
1633,10430
1634,1240
1634,7019
1635,6506
1636,7386
1637,18679
1638,2289
1639,6430
1640,13490
1640,3817
1641,6141
1641,8168
1642,2689
1642,17380
1642,13354
1643,3184
1643,3138
1643,14081
1643,886
1643,5746
1643,3382
1643,22928
1643,19423
1643,18679
1643,23415
1643,1388
1643,11015
1643,13592
1643,15247
1643,3404
1643,3492
1643,22012
1643,14179
1643,10987
1643,15035
1643,3192
1643,18748
1643,6454
1643,3198
1644,10430
1644,17380
1644,4480
1645,6430
1646,18679
1646,14081
1647,21977
1648,702
1648,3186
1649,11173
1649,6504
1650,2289
1651,5433
1652,7739
1653,702
1653,1240
1653,23384
1653,7019
1653,17080
1653,3550
1654,13238
1654,3225
1654,2844
1654,5602
1654,2832
1654,2604
1654,16151
1654,2842
1654,2838
1654,2840
1654,2834
1654,15981
1654,2843
1654,217
1654,2847
1654,25073
1655,1240
1656,669
1657,175
1658,3715
1659,18679
1659,3160
1660,18186
1660,702
1660,7540
1660,9265
1660,9917
1660,9506
1661,702
1662,703
1662,702
1663,14001
1664,702
1665,14854
1665,1669
1666,20300
1667,4231
1667,18882
1667,4418
1667,17380
1667,8168
1668,19606
1669,6713
1669,15251
1669,9825
1669,18535
1669,862
1669,2829
1669,12957
1669,10014
1669,6080
1669,15170
1669,22823
1669,14610
1669,18281
1669,526
1669,2498
1669,3258
1669,5463
1669,16036
1669,13238
1669,4324
1669,1786
1669,4638
1669,3603
1669,14056
1669,5663
1669,14590
1669,22299
1669,22904
1669,6454
1669,14892
1669,17698
1669,1240
1669,6806
1669,10797
1669,702
1669,10601
1669,8221
1669,21803
1669,19042
1669,12272
1669,13561
1669,7133
1669,20677
1669,10995
1669,6140
1669,4394
1669,3357
1669,294
1669,8177
1669,6462
1669,12629
1669,1300
1669,5429
1669,17375
1669,5401
1669,11428
1669,7019
1669,287
1669,3492
1669,5512
1669,6433
1669,1665
1669,11949
1669,3321
1669,23086
1669,22774
1669,20002
1669,11956
1669,13979
1669,16920
1669,11993
1669,11427
1669,704
1669,6328
1669,3562
1669,6129
1669,703
1669,7785
1669,4649
1669,19263
1669,23545
1669,578
1669,22255
1669,7748
1669,3550
1669,4356
1669,2915
1669,6993
1669,2057
1669,210
1669,4726
1669,11237
1669,853
1670,20486
1671,20460
1671,12492
1672,210
1673,13801
1673,4475
1673,23394
1673,5371
1673,3562
1673,4437
1673,22868
1674,702
1674,6129
1675,175
1676,19263
1677,12113
1677,210
1677,702
1678,21220
1679,702
1680,3562
1681,5650
1681,1300
1681,13075
1681,12754
1681,13241
1681,7845
1681,21364
1681,7763
1681,21818
1681,12401
1681,14089
1681,15976
1681,15285
1681,7932
1681,18779
1681,9118
1681,3492
1681,22531
1681,21163
1681,24967
1681,3860
1681,25047
1681,17257
1681,18816
1681,5352
1681,703
1681,12620
1681,702
1681,24988
1681,21351
1681,21487
1681,13094
1681,18133
1681,25004
1681,25081
1681,16117
1681,12737
1681,13398
1681,19490
1681,15977
1681,5541
1681,3550
1681,13074
1681,16062
1681,16434
1681,11646
1681,12989
1681,9072
1682,3562
1683,21977
1684,4324
1685,175
1686,2380
1686,7019
1687,14266
1687,7019
1688,2829
1688,1240
1689,7133
1690,702
1690,14473
1691,19093
1691,210
1691,15016
1691,6595
1692,702
1692,3562
1693,702
1694,2829
1694,7019
1695,210
1695,2829
1696,175
1696,19095
1697,703
1697,5401
1697,1274
1698,4324
1699,7133
1700,703
1700,702
1701,6396
1701,4472
1702,10887
1702,298
1703,3492
1704,702
1704,6396
1704,4324
1705,9271
1705,9319
1706,6540
1706,853
1707,7912
1707,2154
1707,2193
1707,4324
1708,2201
1709,2201
1709,5512
1710,140
1711,10911
1711,14743
1711,6129
1712,7019
1713,7912
1713,702
1714,702
1714,1240
1714,7019
1715,210
1715,6518
1716,2201
1717,2201
1717,16974
1718,702
1718,7019
1718,3357
1719,2915
1719,702
1720,5819
1720,13063
1721,7386
1721,4324
1722,2829
1722,6129
1723,3743
1724,2201
1725,2201
1726,2201
1727,7912
1727,702
1728,2289
1728,5977
1729,16714
1729,7019
1729,19109
1730,3302
1731,702
1731,12007
1732,702
1733,175
1733,19030
1734,722
1734,6037
1734,6036
1734,5801
1734,5957
1734,6053
1734,5804
1734,5239
1734,5803
1734,5238
1734,6035
1735,5128
1736,21532
1736,7019
1737,2382
1737,4324
1738,6540
1738,15291
1739,6668
1740,1742
1741,210
1741,1240
1742,15497
1742,2604
1742,12659
1742,22917
1742,566
1742,7951
1742,1740
1743,1051
1743,210
1743,12
1743,175
1743,12026
1743,10579
1744,7133
1745,1971
1746,755
1746,4324
1747,1240
1748,210
1748,6396
1748,3755
1749,6155
1749,550
1749,1195
1749,813
1749,657
1749,19765
1749,13529
1749,10580
1749,16476
1749,23008
1749,14662
1749,23185
1749,10981
1749,959
1749,12640
1749,18622
1749,13003
1749,11701
1749,6510
1749,13383
1749,5665
1749,13536
1749,7881
1749,820
1749,11806
1749,13356
1749,23238
1749,12109
1749,10770
1749,853
1749,11704
1750,298
1751,210
1751,7019
1752,7019
1753,10914
1753,3550
1754,6806
1755,681
1755,8757
1756,10911
1757,9122
1758,702
1758,1240
1758,7019
1758,4324
1759,5193
1759,15933
1760,1300
1760,21326
1760,5172
1760,2130
1760,376
1760,5910
1760,16024
1760,765
1760,3275
1760,8813
1760,5516
1760,15283
1760,24810
1760,17785
1760,5634
1760,18536
1760,16260
1760,16045
1760,1235
1760,5679
1760,12583
1761,14752
1762,210
1762,7019
1763,7133
1764,702
1764,1240
1765,25057
1765,6462
1765,3115
1765,8430
1765,16655
1765,20864
1765,21014
1765,16173
1765,7207
1765,25054
1765,20127
1765,3550
1765,3531
1765,17497
1765,21384
1765,4057
1765,4883
1765,16316
1766,210
1766,7019
1767,175
1767,1240
1767,7019
1767,7133
1768,11687
1768,19218
1768,19783
1768,20453
1769,7133
1770,10884
1770,22172
1770,7386
1770,4324
1771,5382
1772,702
1772,7133
1773,2287
1774,702
1774,7019
1775,7912
1775,14097
1776,15501
1777,1854
1778,6518
1778,175
1779,722
1779,2287
1779,4110
1780,702
1780,1240
1781,175
1781,7019
1782,1238
1782,9271
1782,9319
1783,10911
1783,13790
1784,7019
1785,14900
1785,10256
1785,14917
1785,14796
1785,23152
1785,5717
1785,14909
1785,14903
1785,10272
1785,7019
1785,217
1785,19030
1785,8121
1785,2498
1785,1274
1785,3492
1785,13238
1785,14904
1785,11785
1785,2517
1785,4324
1785,22990
1785,14912
1785,3558
1785,11165
1785,17357
1785,6507
1785,2860
1785,5761
1785,6940
1785,16440
1785,7961
1785,542
1785,702
1785,10593
1785,5739
1785,5652
1785,6540
1785,19152
1785,10368
1785,7133
1785,11687
1785,2915
1785,14901
1786,2657
1786,7542
1786,18565
1786,21705
1786,7263
1786,3304
1786,22253
1786,24037
1786,11932
1786,11453
1786,773
1786,12257
1786,22598
1786,646
1786,21601
1786,13238
1786,6317
1786,2517
1786,943
1786,22078
1786,13667
1786,10494
1786,22118
1786,17345
1786,19675
1786,15406
1786,14981
1786,20287
1786,6940
1786,6261
1786,11702
1786,23485
1786,702
1786,4018
1786,175
1786,22705
1786,19152
1786,7127
1786,1825
1786,12208
1786,11535
1786,11592
1786,3357
1786,18994
1786,25173
1786,13335
1786,7602
1786,7521
1786,89
1786,15153
1786,15357
1786,24235
1786,14648
1786,7574
1786,13289
1786,16671
1786,3492
1786,2063
1786,6494
1786,2569
1786,25162
1786,10676
1786,11495
1786,16501
1786,16522
1786,22784
1786,22282
1786,22825
1786,14527
1786,14335
1786,13927
1786,15570
1786,22009
1786,1669
1786,1204
1786,14323
1786,11411
1786,11077
1786,12630
1786,22615
1786,13584
1786,1838
1786,6419
1786,14054
1786,17020
1786,6448
1786,10832
1786,16555
1786,11896
1786,25044
1787,7019
1788,1240
1788,5512
1789,175
1789,6129
1790,1240
1790,3649
1791,1240
1792,1240
1793,304
1794,1240
1794,7133
1795,3492
1795,15413
1796,702
1796,7019
1797,1199
1797,7019
1798,6058
1798,3179
1799,175
1799,3702
1799,6531
1800,7912
1800,4324
1800,3550
1801,210
1801,1240
1802,175
1802,1240
1803,1240
1803,2829
1804,3650
1804,1240
1804,14358
1804,637
1804,3547
1805,6462
1805,3357
1806,702
1806,227
1807,7019
1808,22154
1808,4324
1809,175
1810,1240
1810,4324
1811,702
1811,22774
1812,702
1812,3550
1813,3357
1813,3550
1814,702
1815,5589
1816,6518
1816,175
1817,6940
1818,6182
1818,7729
1819,175
1819,15271
1820,702
1820,2552
1821,7019
1821,14049
1822,702
1822,1240
1823,11807
1823,1240
1824,702
1824,14360
1825,702
1825,1786
1826,6328
1827,4324
1828,210
1829,702
1830,2902
1830,69
1830,294
1831,1240
1832,8152
1833,22646
1833,16906
1834,2031
1834,19025
1835,16468
1835,14266
1836,2604
1836,3258
1836,13238
1836,5492
1837,11685
1837,20894
1837,11937
1837,7427
1837,6018
1837,3304
1837,5974
1837,5440
1837,20869
1837,12981
1837,287
1837,13238
1837,3550
1837,2732
1837,6777
1837,12650
1838,1786
1838,6384
1839,17643
1840,7019
1841,18593
1841,6504
1841,7174
1841,8152
1842,8898
1843,11538
1843,5664
1843,22336
1843,294
1843,22285
1844,271
1844,298
1845,10911
1846,210
1846,7019
1847,10911
1848,10911
1849,2589
1850,451
1851,6678
1851,12970
1852,10224
1852,7576
1853,10887
1854,12655
1854,1115
1854,8430
1854,1240
1854,20966
1854,680
1854,2037
1854,1777
1854,24386
1854,1206
1854,175
1854,1121
1854,16315
1854,2495
1854,12992
1854,22691
1854,3304
1854,1114
1854,1111
1854,8693
1854,287
1854,761
1854,13238
1854,1118
1854,6721
1854,3321
1854,2853
1854,2608
1854,1110
1854,8502
1855,22283
1856,21129
1856,5090
1857,210
1857,3550
1858,5463
1859,7019
1859,7261
1860,3357
1861,702
1861,175
1861,7019
1862,11399
1862,7019
1863,8616
1864,2915
1864,6540
1864,9380
1865,2587
1866,3226
1867,8645
1868,702
1868,1240
1869,702
1869,1240
1870,210
1870,3550
1871,22774
1871,7019
1871,19095
1872,210
1873,7019
1873,3759
1874,1240
1874,19751
1875,722
1875,702
1876,210
1877,702
1877,7019
1878,7019
1879,210
1880,1240
1881,2604
1881,16151
1881,1240
1881,9202
1881,7248
1881,1884
1881,1882
1882,1881
1883,21445
1883,1268
1884,1881
1884,3258
1885,19025
1886,14834
1886,22823
1886,3357
1886,3562
1887,175
1887,7133
1888,3993
1888,12465
1888,8767
1888,24598
1888,15666
1888,8502
1889,1104
1890,5401
1890,13880
1890,2687
1890,8221
1890,12642
1891,1240
1891,3550
1892,10914
1893,702
1893,19263
1894,7423
1895,702
1896,3562
1897,702
1897,7133
1898,2861
1899,15910
1899,287
1899,175
1899,1274
1900,1941
1901,2915
1901,175
1901,13790
1901,3258
1902,8430
1902,25070
1902,5868
1902,20864
1902,24386
1902,3304
1902,25012
1902,217
1902,21040
1902,8972
1902,16106
1902,25054
1902,287
1902,24778
1902,3492
1902,3258
1902,8597
1902,13238
1902,12636
1902,18513
1902,3321
1902,16529
1902,12606
1902,13069
1902,9454
1902,1240
1902,9408
1902,5374
1902,20739
1902,7956
1902,175
1902,25013
1902,9024
1902,16742
1902,4640
1902,17199
1902,16607
1902,10305
1902,191
1902,20815
1902,4143
1902,5414
1902,5164
1902,7922
1903,6940
1903,3550
1904,12758
1905,722
1906,210
1906,19263
1907,1240
1907,3357
1908,210
1908,3357
1909,210
1909,20116
1910,196
1911,19025
1912,7269
1912,175
1913,702
1913,4514
1914,2633
1914,1566
1914,1240
1914,6053
1914,2266
1914,2630
1914,703
1914,702
1914,2747
1914,1583
1914,2288
1914,1567
1914,1581
1914,1563
1914,2745
1914,5840
1914,5181
1914,401
1914,510
1914,5804
1914,3550
1915,702
1915,3550
1916,19753
1916,16521
1916,6328
1916,5665
1916,175
1916,12060
1916,14543
1916,2042
1916,853
1916,15288
1917,4384
1917,11098
1917,4447
1917,11538
1917,11243
1917,21507
1917,3550
1917,11285
1917,2717
1917,10882
1917,19201
1917,22820
1917,3179
1917,2716
1918,7019
1919,3603
1919,7881
1919,175
1919,6328
1920,6594
1921,11609
1921,2126
1922,8430
1922,8515
1923,3550
1924,13256
1924,23816
1924,1240
1924,14512
1924,7019
1924,13510
1924,11139
1924,6105
1925,10911
1925,7019
1926,1240
1927,702
1927,3550
1928,17718
1929,4726
1929,175
1929,1240
1929,16456
1929,7019
1929,4516
1929,3562
1930,175
1931,175
1931,20966
1931,19429
1931,6796
1931,5517
1932,1240
1933,702
1933,7019
1934,18973
1934,4514
1935,210
1935,1240
1936,2201
1937,8122
1937,6474
1937,3321
1937,3492
1937,19152
1938,21948
1939,2201
1940,702
1940,1240
1940,7019
1941,22951
1941,6510
1941,1900
1942,702
1943,2201
1944,5007
1945,7019
1946,2201
1946,2061
1947,5767
1947,3357
1947,22829
1947,10887
1948,2857
1948,210
1948,3357
1948,5090
1948,4324
1949,2915
1950,16853
1951,10995
1952,6129
1953,703
1953,6849
1954,11428
1955,7133
1956,13093
1956,1300
1956,3315
1956,20966
1956,6712
1956,3347
1956,2548
1956,25172
1956,8513
1956,2013
1957,210
1957,7019
1958,175
1958,21945
1959,2974
1959,8403
1959,8733
1960,722
1960,2287
1961,3492
1962,210
1962,7019
1963,14091
1963,21532
1964,8247
1965,6540
1965,578
1966,1240
1966,7019
1966,7133
1967,702
1967,7019
1968,8518
1969,23273
1969,10962
1969,10579
1970,210
1970,1240
1970,2995
1970,7019
1970,14210
1971,7815
1971,277
1971,1745
1971,10598
1971,3357
1971,3795
1972,3293
1973,10887
1974,7019
1974,6198
1975,6396
1976,7019
1976,7133
1977,702
1977,2829
1978,702
1979,702
1980,12130
1981,175
1981,7019
1982,15271
1983,15182
1983,6540
1983,10595
1983,1240
1983,17309
1983,3492
1983,22973
1983,6940
1983,3562
1983,3131
1983,1193
1983,3357
1983,19030
1984,4750
1984,12696
1985,19753
1985,175
1986,2289
1986,725
1987,2829
1987,12112
1988,2829
1989,3357
1990,2289
1991,6396
1991,22774
1992,702
1992,7133
1993,1240
1994,2829
1994,3550
1995,8343
1996,2829
1997,702
1997,7019
1998,702
1998,7019
1999,58
2000,3357
2000,7019
2001,7895
2001,4324
2002,4306
2002,2003
2003,2002
2003,2004
2004,1240
2004,2003
2004,567
2004,7019
2004,6385
2005,1240
2005,4324
2006,702
2007,703
2008,6199
2009,210
2009,1240
2010,704
2011,702
2012,175
2012,6396
2012,7019
2013,1956
2014,7834
2014,7133
2015,6328
2015,23081
2016,984
2017,702
2018,210
2019,113
2019,11538
2019,20966
2019,5714
2020,12182
2021,2028
2021,175
2022,13577
2023,1240
2023,7019
2024,7019
2024,3562
2025,7019
2026,3113
2027,702
2027,7019
2028,19093
2028,175
2028,6518
2028,2021
2029,8154
2030,10911
2031,702
2031,1834
2032,13386
2033,19109
2034,175
2034,3357
2035,18991
2035,4324
2036,3562
2037,1854
2038,2153
2039,12852
2040,175
2040,3258
2041,6540
2041,3360
2042,1916
2043,4141
2043,17667
2043,4096
2043,15413
2043,23660
2043,4063
2043,17565
2043,24322
2043,24021
2043,2572
2043,2154
2043,9834
2043,6454
2043,24315
2044,287
2045,6462
2045,6540
2045,13097
2045,2829
2045,19152
2045,11039
2045,4324
2045,7253
2045,19103
2045,702
2045,175
2045,12205
2045,1597
2046,7019
2047,2287
2048,703
2048,6141
2048,702
2048,10430
2048,8221
2048,7304
2048,3550
2049,855
2049,7912
2049,9609
2049,7894
2050,8448
2051,1240
2052,1240
2052,7019
2053,7019
2054,4324
2055,10995
2055,1240
2056,1316
2056,12386
2057,1669
2058,6396
2058,175
2058,22443
2059,1604
2059,962
2059,13581
2059,6518
2059,14096
2059,2300
2059,175
2059,16926
2059,14715
2059,13375
2059,15812
2059,11749
2059,22554
2059,15259
2059,6557
2059,12097
2059,19772
2059,11489
2059,14718
2059,1034
2059,15564
2060,6462
2061,1946
2062,7830
2062,7133
2063,6518
2063,1786
2064,12407
2065,6338
2066,7391
2067,210
2068,3293
2068,12553
2069,210
2069,7019
2070,210
2071,3603
2071,702
2072,702
2072,175
2072,11956
2073,2201
2074,7537
2074,22123
2075,2829
2075,3357
2076,4514
2076,4566
2077,18973
2077,3550
2078,11913
2078,24631
2078,1240
2078,3550
2078,2405
2078,702
2078,16853
2078,20191
2078,21781
2078,14190
2079,14932
2080,702
2080,7019
2081,702
2081,19095
2082,1240
2083,1240
2083,7019
2084,22352
2085,2829
2086,175
2087,13333
2088,6129
2089,1240
2089,7019
2090,21415
2090,7390
2090,8332
2091,14745
2091,6994
2091,4324
2092,1240
2092,7133
2093,6462
2093,6328
2093,3562
2093,19025
2093,22912
2093,703
2093,9583
2093,23006
2093,175
2093,22823
2093,8191
2093,3357
2093,804
2093,12183
2094,210
2094,15271
2095,19109
2096,1240
2096,2871
2097,6462
2097,2829
2097,13363
2097,14204
2097,23491
2097,22945
2097,19149
2097,6940
2097,24971
2097,702
2097,13298
2097,759
2097,11345
2097,2933
2097,24095
2097,3304
2097,6540
2097,15348
2097,1281
2097,3550
2097,210
2097,3558
2097,16418
2097,7834
2097,23771
2097,22947
2098,702
2098,7019
2099,22774
2100,210
2100,3562
2101,2829
2101,6383
2102,7019
2103,15606
2103,4324
2104,5779
2105,7019
2105,4324
2106,3217
2107,6518
2107,7019
2108,20966
2109,20966
2110,3293
2111,2129
2111,20247
2111,6940
2111,13281
2111,19662
2111,8150
2111,5401
2111,175
2111,15503
2111,20655
2111,217
2111,287
2111,24676
2111,16283
2111,19152
2111,13238
2111,5793
2111,11522
2111,20259
2111,5414
2111,2874
2111,3357
2111,23606
2111,2136
2112,6396
2112,2829
2113,8745
2114,1240
2115,14517
2116,702
2116,3550
2117,1300
2117,5144
2117,16151
2117,175
2117,5822
2117,3304
2117,24960
2117,217
2117,16176
2117,20093
2117,3294
2117,13238
2117,14312
2117,9168
2117,3550
2117,21202
2117,25226
2117,13105
2117,13213
2117,3357
2117,12995
2118,3268
2119,14782
2119,20059
2119,5434
2119,25189
2119,6691
2119,3268
2119,217
2119,13216
2119,3278
2119,19146
2119,8378
2119,8916
2119,20484
2119,8343
2119,13283
2119,5569
2119,13080
2119,8702
2119,9655
2119,6881
2119,15758
2119,5387
2119,12336
2120,8435
2120,8643
2120,16151
2120,6845
2120,217
2120,3304
2120,10302
2120,5349
2120,18497
2120,13238
2120,19152
2120,8787
2120,8211
2120,3550
2120,2604
2120,21298
2120,5414
2120,15689
2120,3357
2120,25170
2120,8934
2121,702
2122,3334
2123,6698
2124,7019
2124,6386
2125,2573
2126,2915
2126,2829
2126,1921
2127,16853
2127,6940
2128,24786
2128,20563
2129,2111
2129,1214
2130,5433
2130,6462
2130,1760
2130,1274
2130,12875
2130,3321
2130,8221
2130,3216
2130,6668
2131,13646
2132,702
2133,6462
2133,7019
2134,15571
2134,14743
2135,20761
2135,3550
2136,2111
2137,702
2137,6518
2138,12655
2138,3492
2138,13238
2138,19152
2138,4437
2138,175
2138,19256
2138,23353
2138,217
2138,3304
2138,20563
2139,20486
2140,7019
2141,16808
2141,702
2141,210
2141,12170
2141,7019
2141,3357
2142,6123
2142,10971
2143,20116
2144,7019
2145,13761
2146,19095
2147,14744
2148,2857
2148,8221
2149,2849
2149,3059
2150,175
2151,1240
2151,22626
2152,15834
2153,33
2153,2829
2153,3852
2153,21916
2153,6932
2153,14362
2153,13941
2153,6597
2153,2501
2153,2038
2153,15170
2153,13906
2153,6100
2153,10928
2153,1281
2153,300
2153,2517
2153,4324
2153,3558
2153,15849
2153,6193
2153,22701
2153,6940
2153,15413
2153,1460
2153,16215
2153,954
2153,7378
2153,5654
2153,175
2153,21546
2153,23490
2153,2867
2153,23025
2153,2620
2153,19152
2153,1365
2153,4135
2153,21695
2153,53
2153,14256
2153,3357
2153,14214
2153,18976
2153,6462
2153,4182
2153,462
2153,568
2153,2921
2153,23343
2153,2154
2153,26
2153,14707
2153,11294
2153,21709
2153,11165
2153,21829
2153,6493
2153,10868
2153,22227
2153,23324
2153,23310
2153,7092
2153,132
2153,22324
2153,22292
2153,5784
2153,5740
2153,4767
2153,23370
2153,19266
2153,23484
2153,18559
2153,4717
2153,3735
2153,11868
2153,6107
2153,23505
2153,6131
2153,22316
2153,25131
2153,11644
2153,210
2153,7822
2153,4781
2153,10295
2153,196
2154,2043
2154,33
2154,1707
2154,3852
2154,22389
2154,23797
2154,568
2154,2908
2154,4109
2154,19402
2154,2153
2154,26
2154,17580
2154,11294
2154,300
2154,7540
2154,23815
2154,25
2154,3179
2154,23856
2154,132
2154,7942
2154,5583
2154,6193
2154,5740
2154,7378
2154,5654
2154,7576
2154,258
2154,6107
2154,18593
2154,2901
2154,11538
2154,669
2154,53
2154,102
2154,294
2154,196
2155,702
2155,1240
2156,16601
2156,7133
2157,15291
2158,702
2158,2829
2158,1240
2159,702
2159,12272
2160,5211
2161,7019
2162,1240
2163,8969
2163,21470
2163,12875
2164,210
2164,702
2164,7019
2165,1268
2165,12875
2165,3270
2166,702
2166,1240
2167,702
2167,704
2167,4658
2168,703
2168,5389
2169,703
2170,702
2170,7019
2171,2765
2172,20232
2172,7019
2173,703
2174,21739
2175,15207
2175,7133
2176,210
2177,20232
2177,2382
2178,210
2178,15728
2179,702
2179,7019
2180,175
2181,12531
2182,5415
2183,210
2183,7019
2184,277
2184,6923
2185,702
2185,210
2186,1240
2186,7019
2187,4324
2188,3216
2189,3216
2190,1240
2190,7133
2191,6462
2191,7019
2192,15219
2193,6462
2193,2901
2193,1707
2193,20072
2193,14445
2193,3550
2193,23536
2193,10818
2193,24432
2193,21541
2193,210
2193,21583
2193,12260
2194,2201
2195,7830
2195,3550
2196,24232
2196,19025
2197,7019
2198,3562
2199,6518
2199,686
2200,5512
2201,15558
2201,20966
2201,2423
2201,1726
2201,1724
2201,12957
2201,2073
2201,3304
2201,16074
2201,2203
2201,2194
2201,1725
2201,2419
2201,287
2201,1939
2201,16089
2201,5512
2201,1936
2201,2427
2201,7501
2201,13020
2201,777
2201,790
2201,6454
2201,6788
2201,1708
2201,778
2201,175
2201,1716
2201,2478
2201,1304
2201,2446
2201,2451
2201,2260
2201,1946
2201,2270
2201,2440
2201,1943
2201,15437
2201,1717
2201,1709
2201,782
2201,2486
2202,2915
2202,22692
2203,2201
2204,210
2204,1240
2205,19211
2206,6462
2206,175
2206,11910
2207,6131
2207,7019
2208,702
2208,1240
2208,7133
2209,702
2210,10911
2210,175
2211,39
2211,11538
2211,19402
2211,699
2212,6182
2212,7729
2213,12043
2214,5669
2214,4324
2215,19753
2215,175
2215,550
2216,19263
2217,175
2217,19030
2218,210
2218,702
2219,7019
2219,249
2220,702
2220,7019
2221,702
2221,7019
2222,702
2223,1576
2224,24614
2224,3357
2225,6396
2226,210
2226,6316
2227,21562
2227,6540
2227,11081
2227,672
2227,25201
2227,6940
2227,702
2227,19030
2228,21695
2229,15271
2230,210
2230,2829
2231,10887
2232,210
2232,1240
2233,702
2233,7019
2234,210
2234,7019
2235,702
2236,702
2236,3321
2236,3492
2236,6454
2236,5237
2237,9404
2238,702
2238,7019
2239,6518
2240,702
2240,19263
2241,8469
2242,702
2242,175
2243,175
2244,7019
2244,7133
2245,6060
2245,210
2245,1240
2245,13606
2245,15269
2245,10887
2246,7841
2247,7133
2248,7912
2248,3562
2249,722
2249,702
2250,175
2251,10911
2251,19263
2252,3543
2252,3472
2252,2288
2253,22352
2253,11140
2253,13857
2254,6462
2254,8003
2255,5823
2256,17322
2257,175
2257,22823
2258,702
2259,20877
2260,2201
2261,702
2262,4514
2262,12183
2263,20854
2264,6037
2264,6036
2264,5801
2264,2363
2264,2288
2264,5802
2264,5804
2265,5128
2266,722
2266,2289
2266,2287
2266,1914
2266,2288
2267,21220
2267,12531
2268,9122
2269,21498
2270,2201
2271,11956
2272,2362
2273,210
2273,4324
2274,9122
2275,702
2275,1240
2276,3357
2276,3550
2277,210
2278,5714
2279,11023
2279,10289
2279,3357
2280,24725
2281,210
2281,7019
2282,8221
2283,13031
2284,3562
2285,20116
2285,3550
2286,702
2286,578
2287,1592
2287,399
2287,5980
2287,638
2287,1476
2287,6027
2287,5975
2287,1500
2287,5181
2287,401
2287,6046
2287,1490
2287,723
2287,1532
2287,1546
2287,1478
2287,1512
2287,2321
2287,209
2287,296
2287,2266
2287,1524
2287,1477
2287,5983
2287,1960
2287,5925
2287,259
2287,766
2287,4119
2287,6039
2287,3740
2287,1507
2287,3147
2287,1525
2287,1473
2287,1484
2287,639
2287,1591
2287,2362
2287,2289
2287,576
2287,2288
2287,1483
2287,1453
2287,5962
2287,301
2287,1773
2287,3697
2287,5973
2287,1244
2287,269
2287,1504
2287,1469
2287,2308
2287,5963
2287,1513
2287,1457
2287,2047
2287,1527
2287,722
2287,1495
2287,1456
2287,2366
2287,5330
2287,1468
2287,1464
2287,220
2287,2365
2287,1779
2287,2491
2287,2319
2287,5977
2287,1463
2287,1516
2287,5308
2287,1481
2287,1467
2288,2287
2288,1914
2288,1564
2288,5330
2288,656
2288,553
2288,401
2288,2252
2288,2266
2288,2264
2288,1570
2288,3542
2288,5310
2288,1557
2288,474
2289,3917
2289,1592
2289,2287
2289,1990
2289,228
2289,639
2289,2266
2289,1638
2289,666
2289,636
2289,5959
2289,638
2289,3539
2289,748
2289,3545
2289,5973
2289,401
2289,5861
2289,2317
2289,1986
2289,620
2289,725
2289,5304
2289,1650
2289,1728
2290,10312
2291,175
2292,23006
2292,14744
2293,3550
2293,8446
2294,14443
2295,175
2295,3187
2296,8993
2296,20938
2297,10797
2298,5205
2298,24811
2299,1240
2299,7846
2300,2059
2300,3550
2301,8882
2301,287
2302,746
2303,7333
2303,4324
2304,6540
2305,20805
2306,24319
2306,1576
2307,6462
2308,722
2308,2287
2308,746
2309,746
2310,746
2311,175
2312,702
2312,7019
2313,14743
2314,18973
2314,702
2315,9895
2316,22774
2317,2289
2317,3545
2318,15062
2318,853
2319,2287
2320,3743
2321,2287
2322,23650
2322,24732
2323,20237
2324,2492
2325,25334
2326,16853
2326,12130
2326,3737
2327,6664
2327,19118
2328,6462
2328,702
2329,15086
2329,3562
2330,7019
2331,6530
2332,702
2332,4047
2332,7019
2333,19577
2333,4988
2334,14266
2335,6396
2335,175
2336,20788
2336,5401
2337,15472
2337,12311
2338,702
2338,7019
2339,175
2339,3550
2340,6080
2341,702
2341,23932
2342,12351
2342,15548
2343,9122
2344,8515
2345,6540
2346,7019
2347,19476
2347,8122
2348,175
2348,5092
2348,9154
2349,15686
2350,210
2351,7019
2351,4324
2352,3304
2352,3550
2353,217
2354,217
2355,4324
2356,19343
2357,7019
2358,4590
2358,175
2359,5618
2360,7030
2361,15271
2362,2287
2362,2272
2363,2264
2364,702
2364,6454
2365,2287
2366,2287
2367,9583
2368,9592
2368,6855
2369,15532
2369,13080
2370,7019
2370,1093
2371,14745
2371,6994
2372,6747
2373,6732
2373,8403
2374,5714
2375,5574
2376,210
2376,2829
2377,4324
2378,702
2378,4324
2379,12969
2379,5618
2380,1240
2380,21905
2380,13364
2380,1686
2380,15570
2380,14468
2380,844
2380,19535
2380,15041
2380,12173
2380,22512
2380,3649
2381,16266
2381,24786
2381,20563
2382,19185
2382,7051
2382,1240
2382,14193
2382,3137
2382,175
2382,1737
2382,859
2382,3304
2382,19030
2382,7912
2382,6540
2382,11538
2382,2177
2382,11687
2382,60
2382,210
2382,3357
2382,294
2382,867
2383,210
2383,6439
2384,14718
2385,7019
2385,19263
2386,3787
2386,18303
2387,4268
2387,14690
2387,7924
2387,1240
2387,1025
2387,4324
2387,210
2387,702
2387,3681
2387,2688
2387,7019
2387,20070
2387,2837
2388,6747
2388,8709
2389,1240
2389,7019
2390,175
2390,14743
2391,1240
2391,7130
2391,7133
2392,10911
2392,175
2392,12007
2393,175
2394,6439
2394,2829
2395,8857
2396,7133
2397,19753
2397,15291
2397,11701
2397,578
2397,6408
2398,3321
2398,175
2399,3562
2400,7019
2401,20116
2401,6984
2402,19030
2403,702
2404,10911
2404,6129
2405,2078
2406,3304
2406,3357
2406,6454
2407,210
2407,2829
2408,12969
2408,7901
2409,6182
2409,10797
2410,6540
2410,6328
2411,8085
2411,4324
2412,2545
2412,10431
2413,12182
2413,19230
2414,7133
2415,7912
2415,19030
2416,3550
2417,5714
2418,702
2418,7019
2419,2201
2420,210
2421,5519
2422,5484
2422,8709
2423,5190
2423,2201
2423,1308
2424,6131
2424,22838
2424,11842
2424,7019
2425,175
2425,6940
2426,18713
2427,2201
2428,3217
2428,8676
2428,20486
2429,7030
2430,6286
2430,5694
2431,12612
2432,1240
2432,7019
2433,7796
2434,210
2434,6387
2435,6182
2435,4324
2436,703
2436,8221
2437,3562
2437,11487
2438,702
2438,7019
2439,21192
2440,2201
2441,19263
2442,1240
2443,4324
2444,11352
2444,19095
2445,6396
2445,16811
2446,2201
2447,12183
2448,175
2448,19407
2449,702
2449,4566
2449,21216
2450,2947
2450,7133
2451,2201
2452,210
2453,5534
2453,175
2454,861
2454,6940
2454,3550
2455,1240
2455,7019
2456,175
2456,3562
2457,702
2457,1240
2458,702
2459,210
2459,2829
2460,702
2460,1240
2461,175
2461,4566
2462,1240
2463,2915
2463,7133
2464,175
2464,2983
2464,13857
2464,12181
2465,210
2465,1240
2466,702
2466,7019
2467,8448
2467,8515
2468,6396
2468,14718
2469,14986
2470,175
2470,14718
2471,12742
2472,5512
2473,5512
2474,2829
2474,3562
2475,702
2476,20125
2477,5533
2478,776
2478,2201
2479,22976
2479,5378
2479,16554
2479,1270
2479,1096
2480,7019
2480,10913
2481,17055
2482,11427
2483,175
2484,1240
2484,7386
2485,702
2485,7019
2486,2201
2487,175
2487,3304
2487,6454
2488,8343
2489,2915
2489,7019
2490,15925
2491,722
2491,2287
2492,3603
2492,2324
2493,7912
2493,175
2494,3603
2495,1854
2496,11660
2496,11318
2496,2702
2496,22246
2496,22774
2496,7130
2496,2497
2497,11318
2497,2496
2498,23777
2498,2528
2498,4545
2498,17944
2498,17517
2498,14362
2498,4590
2498,2688
2498,7532
2498,6080
2498,15170
2498,7672
2498,2648
2498,17951
2498,9226
2498,1274
2498,7504
2498,7520
2498,3258
2498,13238
2498,2519
2498,2904
2498,24255
2498,2517
2498,7517
2498,1281
2498,2524
2498,7501
2498,7688
2498,9996
2498,1258
2498,6454
2498,22213
2498,4778
2498,17952
2498,4681
2498,1240
2498,10027
2498,6940
2498,15413
2498,3742
2498,24279
2498,23775
2498,17527
2498,7576
2498,18127
2498,14341
2498,4686
2498,227
2498,4135
2498,7133
2498,9623
2498,20145
2498,7474
2498,4703
2498,3357
2498,3463
2498,17678
2498,6462
2498,10311
2498,4514
2498,3301
2498,4740
2498,17512
2498,7671
2498,17940
2498,7522
2498,3492
2498,17513
2498,4437
2498,2511
2498,9371
2498,17535
2498,23804
2498,7666
2498,23635
2498,8967
2498,6328
2498,23827
2498,17674
2498,1669
2498,4683
2498,4717
2498,18075
2498,17530
2498,7992
2498,17687
2498,6540
2498,4674
2498,9618
2498,8423
2498,9615
2498,578
2498,6731
2498,8211
2498,210
2498,23830
2498,15291
2498,861
2498,7677
2498,853
2498,24289
2498,9825
2498,9596
2498,34
2498,2829
2498,4863
2498,13446
2498,7686
2498,17942
2498,2908
2498,2501
2498,10022
2498,3304
2498,4689
2498,217
2498,23762
2498,7665
2498,19030
2498,298
2498,2621
2498,4475
2498,6396
2498,5463
2498,4324
2498,4638
2498,9681
2498,1785
2498,3558
2498,7673
2498,4566
2498,7669
2498,18095
2498,2530
2498,3948
2498,4705
2498,17698
2498,24278
2498,4678
2498,24266
2498,18082
2498,8070
2498,8929
2498,702
2498,7683
2498,4692
2498,175
2498,13031
2498,17525
2498,24573
2498,8221
2498,9366
2498,8002
2498,10015
2498,6067
2498,9157
2498,7515
2498,23968
2498,2516
2498,9358
2498,17677
2498,19152
2498,20677
2498,23817
2498,7680
2498,4714
2498,294
2498,7525
2498,9372
2498,4182
2498,6831
2498,11349
2498,5401
2498,3952
2498,2515
2498,9355
2498,23792
2498,7019
2498,17699
2498,24280
2498,11609
2498,4724
2498,19549
2498,10011
2498,3321
2498,11165
2498,13038
2498,6668
2498,7092
2498,8675
2498,9319
2498,4679
2498,9506
2498,704
2498,43
2498,9801
2498,2527
2498,8076
2498,11868
2498,23779
2498,4673
2498,9994
2498,24478
2498,10001
2498,3550
2498,2915
2498,9606
2498,4726
2498,7530
2498,4781
2498,17681
2498,9620
2499,7130
2500,3357
2501,4719
2501,7661
2501,4718
2501,23635
2501,6940
2501,2505
2501,24048
2501,702
2501,23800
2501,10015
2501,2502
2501,2153
2501,17950
2501,9226
2501,2498
2501,2516
2501,2620
2501,19152
2501,2517
2501,7501
2501,2915
2501,23815
2501,3558
2501,4714
2501,17933
2501,9368
2501,4778
2502,2908
2502,2501
2503,23149
2504,2908
2504,9371
2505,7661
2505,2908
2505,7503
2505,2501
2505,18280
2505,24255
2506,2908
2506,7661
2507,2908
2507,4714
2508,17643
2508,8718
2509,2908
2510,21863
2511,18083
2511,18071
2511,23821
2511,9226
2511,2498
2511,10027
2511,23783
2511,24276
2511,3961
2511,2517
2511,23786
2511,2915
2511,3954
2511,23818
2511,18285
2512,174
2513,4714
2514,2908
2514,2517
2515,7522
2515,9226
2515,2498
2515,9600
2515,10027
2515,18276
2515,7675
2515,2517
2515,2915
2515,24295
2515,3964
2515,23799
2515,23817
2515,7672
2515,23780
2515,7524
2516,2501
2516,2498
2516,7515
2516,2517
2517,2528
2517,4545
2517,17958
2517,10002
2517,4590
2517,7672
2517,24277
2517,9608
2517,9226
2517,2904
2517,17697
2517,1786
2517,12125
2517,7501
2517,1258
2517,4778
2517,4681
2517,4789
2517,10027
2517,3947
2517,22221
2517,24263
2517,3742
2517,18140
2517,23625
2517,14341
2517,2620
2517,4135
2517,7474
2517,3463
2517,10311
2517,4514
2517,4984
2517,17512
2517,9601
2517,23809
2517,23795
2517,10020
2517,3492
2517,9300
2517,17510
2517,4610
2517,4437
2517,2511
2517,4762
2517,3937
2517,3787
2517,23620
2517,4652
2517,23635
2517,8967
2517,6328
2517,4658
2517,4767
2517,10012
2517,4717
2517,18071
2517,11404
2517,8423
2517,9618
2517,6731
2517,4356
2517,23786
2517,16560
2517,5651
2517,7480
2517,10849
2517,2514
2517,9605
2517,23886
2517,17507
2517,24254
2517,9825
2517,17676
2517,9596
2517,2829
2517,4863
2517,3942
2517,3944
2517,17948
2517,2908
2517,12957
2517,2501
2517,8122
2517,3304
2517,10000
2517,2621
2517,18916
2517,6396
2517,22782
2517,4324
2517,4638
2517,4676
2517,7523
2517,19818
2517,7669
2517,7644
2517,4705
2517,17698
2517,24296
2517,6304
2517,18082
2517,8929
2517,175
2517,14278
2517,24573
2517,13031
2517,18126
2517,9366
2517,8221
2517,8002
2517,11698
2517,23968
2517,7515
2517,8882
2517,17452
2517,20941
2517,20677
2517,23817
2517,18386
2517,4838
2517,4182
2517,23622
2517,18272
2517,6316
2517,2520
2517,5401
2517,9610
2517,6963
2517,2515
2517,9355
2517,23828
2517,18134
2517,2525
2517,5512
2517,9270
2517,9506
2517,43
2517,7785
2517,8076
2517,5431
2517,4687
2517,9994
2517,10001
2517,24320
2517,9606
2517,4726
2517,4781
2517,6763
2517,14362
2517,7668
2517,2688
2517,15170
2517,6080
2517,2153
2517,7504
2517,18150
2517,3258
2517,2519
2517,13238
2517,715
2517,1281
2517,9930
2517,7688
2517,14590
2517,2518
2517,9996
2517,12223
2517,152
2517,6454
2517,18128
2517,16816
2517,1240
2517,6940
2517,15413
2517,18069
2517,4460
2517,23826
2517,4686
2517,7133
2517,20145
2517,9623
2517,23394
2517,4703
2517,3357
2517,6462
2517,24019
2517,3301
2517,7671
2517,3954
2517,4776
2517,6433
2517,23793
2517,13769
2517,9371
2517,14493
2517,17535
2517,7066
2517,17532
2517,6129
2517,23787
2517,17661
2517,17530
2517,6540
2517,9615
2517,578
2517,8211
2517,6408
2517,210
2517,15291
2517,861
2517,23781
2517,853
2517,7661
2517,18283
2517,24276
2517,23636
2517,10022
2517,22613
2517,4689
2517,23762
2517,4756
2517,19030
2517,10003
2517,7691
2517,2498
2517,9681
2517,3558
2517,1785
2517,4566
2517,18095
2517,2530
2517,17445
2517,9146
2517,18136
2517,8070
2517,12009
2517,4692
2517,23799
2517,18090
2517,9157
2517,17677
2517,2516
2517,9358
2517,19152
2517,9614
2517,4695
2517,7680
2517,4714
2517,294
2517,18078
2517,24293
2517,7525
2517,7507
2517,23642
2517,6831
2517,8003
2517,18086
2517,23343
2517,17699
2517,24280
2517,17389
2517,11609
2517,4724
2517,19549
2517,4733
2517,23132
2517,10011
2517,3321
2517,22774
2517,24294
2517,3973
2517,6668
2517,7092
2517,3943
2517,4679
2517,17820
2517,9319
2517,17686
2517,704
2517,10013
2517,4649
2517,9801
2517,7229
2517,2527
2517,11868
2517,10004
2517,4694
2517,3550
2517,7528
2517,7530
2518,1300
2518,6540
2518,19152
2518,14713
2518,2517
2518,4324
2518,5714
2518,3550
2518,7351
2518,10607
2518,13321
2518,3304
2518,217
2518,6454
2518,6214
2519,18083
2519,9226
2519,2498
2519,10027
2519,704
2519,2517
2519,15413
2519,2915
2519,7501
2519,702
2520,9353
2520,4699
2520,17962
2520,10027
2520,15413
2520,23643
2520,18069
2520,9355
2520,7678
2520,24281
2520,17708
2520,23837
2520,10020
2520,17687
2520,9226
2520,4722
2520,23617
2520,2517
2520,2915
2520,4676
2520,9612
2520,23778
2520,9371
2520,17515
2520,23781
2521,7912
2521,6396
2521,18436
2522,8438
2523,20486
2523,15790
2524,2908
2524,7661
2524,2498
2525,2517
2525,15413
2526,18131
2527,2498
2527,2517
2528,2915
2528,23826
2528,2498
2528,9226
2528,9601
2528,2517
2528,15413
2529,7019
2529,7133
2530,6462
2530,1300
2530,5565
2530,21055
2530,15784
2530,18702
2530,8943
2530,16151
2530,7274
2530,217
2530,8297
2530,21347
2530,2498
2530,5463
2530,3492
2530,5460
2530,13238
2530,2517
2530,4638
2530,4693
2530,6454
2530,4688
2530,1240
2530,6940
2530,3562
2530,21370
2530,175
2530,8002
2530,10010
2530,19325
2530,6540
2530,22124
2530,19152
2530,5295
2530,5501
2530,5414
2530,3357
2530,5588
2530,13208
2531,703
2531,702
2531,6182
2531,8839
2531,7019
2531,5423
2531,4516
2531,5090
2531,6129
2532,15558
2533,702
2533,16853
2533,7019
2533,10887
2534,11856
2535,2829
2535,7019
2536,703
2536,1274
2537,3603
2537,6540
2537,15291
2538,6199
2538,561
2539,8939
2539,12742
2540,8026
2540,7133
2541,702
2541,1240
2542,6537
2543,702
2543,7019
2544,17419
2545,11470
2545,6540
2545,3492
2545,3402
2545,6681
2545,2412
2545,6941
2545,7019
2545,3357
2545,19030
2546,10911
2546,13790
2547,5409
2548,1956
2549,238
2550,18593
2550,11137
2551,15297
2552,7107
2552,4192
2552,1820
2552,2993
2552,19105
2552,19016
2552,4185
2552,7258
2552,195
2552,13300
2552,6317
2552,24116
2552,23269
2552,23073
2552,21986
2552,23303
2552,2798
2552,12031
2552,105
2552,20164
2552,14932
2552,21973
2552,2649
2552,19992
2552,7876
2552,6304
2552,13900
2552,10793
2552,23338
2552,11501
2552,10744
2552,18998
2552,15296
2552,14132
2552,14654
2552,14914
2552,10796
2552,3357
2553,741
2553,7912
2554,3507
2554,11097
2555,8709
2556,210
2556,2829
2557,15836
2557,3059
2558,19095
2559,3293
2559,12660
2560,702
2560,7019
2561,15834
2562,24836
2562,24864
2562,21321
2563,9168
2564,210
2565,12742
2565,8247
2566,210
2566,22774
2566,19856
2566,6129
2567,702
2567,1240
2568,7950
2569,7193
2569,1786
2570,14942
2570,12884
2571,210
2571,7133
2572,2043
2572,21143
2572,4789
2572,5611
2572,702
2572,12182
2572,14637
2572,7019
2573,2125
2573,11318
2573,210
2573,1240
2573,3391
2573,23322
2574,19263
2575,16468
2575,13386
2575,7133
2576,210
2576,7019
2577,702
2577,3550
2578,702
2578,7019
2579,7616
2579,8905
2579,8984
2579,5578
2579,12897
2579,8343
2579,20486
2579,8637
2579,3268
2579,25252
2579,3530
2579,217
2580,578
2580,853
2581,1135
2582,19296
2583,4514
2583,8114
2584,14711
2584,7229
2585,4944
2585,11767
2586,702
2586,1240
2587,4996
2587,8715
2587,10245
2587,19173
2587,3676
2587,1865
2587,3337
2587,6668
2588,2896
2589,16590
2589,18884
2589,21181
2589,14004
2589,12848
2589,20549
2589,22464
2589,22067
2589,21179
2589,21360
2589,5749
2589,12444
2589,19178
2589,4542
2589,20697
2589,15685
2589,15776
2589,19976
2589,1849
2589,24590
2590,3603
2590,7789
2590,578
2590,6797
2590,8002
2591,8929
2591,3321
2592,702
2593,8518
2594,702
2594,175
2595,1268
2595,8221
2595,3270
2596,6462
2596,3357
2597,11321
2598,2829
2599,210
2600,1240
2600,7019
2601,9122
2602,203
2603,20966
2603,8221
2604,1300
2604,8675
2604,20966
2604,8435
2604,3344
2604,8643
2604,2120
2604,15475
2604,703
2604,702
2604,16151
2604,8929
2604,175
2604,3302
2604,1836
2604,8221
2604,3304
2604,514
2604,1881
2604,13238
2604,1742
2604,1258
2604,1654
2604,225
2605,15834
2606,309
2606,5364
2607,7019
2607,3562
2608,5589
2608,2853
2608,20966
2608,267
2608,1854
2609,15925
2610,8929
2610,6763
2610,5512
2610,15413
2611,15739
2612,22203
2612,8675
2612,287
2612,1274
2612,20966
2612,3258
2612,5512
2612,19152
2612,13238
2612,15384
2612,21240
2612,16151
2612,9922
2612,25345
2612,5414
2612,16327
2613,8221
2613,6731
2614,10913
2615,2653
2615,22355
2615,20966
2615,12676
2615,9200
2615,16221
2615,8317
2615,25305
2615,24840
2615,6694
2616,3357
2616,4324
2617,175
2617,5431
2618,6123
2619,702
2619,17232
2620,2501
2620,3558
2620,6940
2620,2517
2620,2153
2621,4295
2621,6462
2621,6540
2621,2498
2621,3258
2621,4296
2621,6940
2621,2517
2621,4324
2621,4590
2621,3558
2621,8002
2621,22692
2621,217
2622,5398
2622,5395
2623,6940
2624,3742
2624,3558
2624,2906
2625,499
2625,6994
2626,3603
2626,15291
2626,6328
2627,3492
2627,6940
2627,702
2627,11428
2627,18500
2627,7460
2627,24459
2627,3357
2627,7906
2627,7019
2627,1174
2628,5607
2629,6328
2629,853
2630,1914
2631,8493
2632,702
2632,4629
2632,3357
2632,17055
2632,7019
2632,3562
2632,3550
2633,1914
2634,7019
2635,10911
2636,13250
2637,5569
2638,10491
2638,210
2638,175
2638,3357
2639,9098
2640,7912
2640,1240
2641,294
2642,22774
2642,196
2643,1227
2643,7386
2644,2684
2645,175
2645,13790
2646,1240
2646,12065
2647,22774
2647,7133
2648,13740
2648,6940
2648,4006
2648,175
2648,8002
2648,217
2648,18458
2648,6540
2648,2498
2648,4806
2648,3492
2648,19152
2648,5512
2648,25237
2648,4324
2648,11424
2648,3558
2648,22233
2649,14042
2649,2552
2650,7133
2651,11096
2652,22053
2652,22959
2653,2615
2654,6664
2655,175
2656,703
2656,12671
2656,702
2656,4231
2656,7019
2656,704
2656,7304
2657,2829
2657,1786
2658,217
2659,16257
2659,20486
2660,7229
2660,7133
2661,13047
2662,4324
2663,9122
2664,7133
2665,17322
2666,4324
2667,6462
2667,3550
2668,12773
2669,16257
2670,578
2670,15291
2671,7912
2671,6462
2671,1300
2671,1240
2671,10914
2671,23839
2671,210
2671,7019
2672,702
2672,7019
2673,20486
2674,22319
2674,10675
2675,175
2675,7019
2676,210
2676,3357
2677,702
2677,1240
2677,6129
2678,210
2678,1240
2678,3550
2679,702
2679,7019
2680,702
2680,6129
2681,14670
2681,3562
2682,1240
2682,7019
2683,13052
2683,7133
2684,2876
2684,12926
2684,5569
2684,3344
2684,3278
2684,2644
2685,175
2685,19407
2686,17290
2686,15291
2686,7868
2686,21434
2686,7019
2687,7124
2687,6763
2687,11003
2687,12957
2687,5825
2687,3304
2687,217
2687,5783
2687,16087
2687,19244
2687,12981
2687,2906
2687,8233
2687,3258
2687,5624
2687,13238
2687,715
2687,22284
2687,25182
2687,4638
2687,1890
2687,15424
2687,13044
2687,6454
2687,3487
2687,20959
2687,25032
2687,9338
2687,6940
2687,20101
2687,16356
2687,3742
2687,17181
2687,702
2687,175
2687,8517
2687,8002
2687,2979
2687,3574
2687,7808
2687,6073
2687,19152
2687,13168
2687,5414
2687,3357
2687,15682
2687,12968
2687,12766
2687,8716
2687,24679
2687,1300
2687,13721
2687,13894
2687,5900
2687,16151
2687,21209
2687,10271
2687,7019
2687,16808
2687,21398
2687,287
2687,5512
2687,8888
2687,15777
2687,4547
2687,3321
2687,14927
2687,17004
2687,3739
2687,10880
2687,18724
2687,15516
2687,24605
2687,7358
2687,20286
2687,21857
2687,159
2687,703
2687,19240
2687,148
2687,250
2687,20869
2687,5309
2687,7249
2687,3550
2687,5600
2687,13779
2688,24190
2688,7661
2688,9469
2688,24113
2688,9452
2688,7019
2688,1222
2688,7475
2688,4636
2688,2498
2688,18179
2688,9226
2688,18645
2688,2517
2688,1151
2688,9307
2688,4638
2688,9503
2688,2387
2688,24348
2688,10023
2688,18724
2688,18290
2688,9506
2688,24025
2688,15413
2688,17181
2688,4632
2688,9936
2688,678
2688,19240
2688,16839
2688,24011
2688,4771
2688,18292
2688,23966
2688,17487
2688,210
2688,7474
2688,13779
2688,178
2688,9654
2689,4452
2689,3252
2689,7019
2689,1642
2690,8709
2691,15695
2692,16714
2693,5618
2693,17998
2694,19095
2694,12181
2695,2915
2695,6396
2696,702
2696,210
2697,20851
2698,20966
2698,18102
2698,9499
2698,4756
2699,11318
2699,6123
2699,7912
2699,22595
2699,3677
2700,3217
2700,22082
2701,21965
2701,5889
2702,11318
2702,2496
2702,7019
2703,13250
2704,2860
2704,702
2704,20476
2704,17055
2704,7019
2704,11525
2704,14743
2705,4324
2706,7133
2706,22562
2707,4636
2707,24012
2707,10128
2707,9749
2707,4054
2707,10148
2707,2915
2707,4638
2707,10232
2707,3321
2707,17991
2708,702
2708,7195
2708,3357
2709,1240
2709,3550
2710,13454
2710,175
2710,15594
2710,3562
2710,7133
2711,702
2712,23111
2712,21714
2712,175
2712,14336
2712,2940
2712,6363
2712,16546
2712,21767
2712,7912
2712,22647
2712,2957
2712,3492
2712,12956
2712,19152
2712,20258
2712,4324
2712,3550
2712,11687
2712,14616
2713,13792
2714,6462
2715,3357
2716,21613
2716,1917
2716,4231
2717,1917
2717,4231
2718,7019
2718,7133
2719,8929
2720,13660
2720,15109
2721,702
2721,3562
2722,210
2722,702
2722,175
2722,4514
2723,21948
2723,7019
2724,16853
2724,3550
2725,6431
2725,861
2726,7019
2726,7133
2727,6396
2727,4324
2728,11457
2729,7019
2730,6462
2730,24786
2731,175
2731,19263
2732,1837
2733,1240
2733,4324
2734,6396
2734,7019
2735,12881
2736,6940
2737,12964
2738,1240
2739,138
2740,210
2740,2829
2740,3562
2741,13185
2741,8221
2742,11919
2742,7133
2743,8929
2744,3550
2745,1914
2746,61
2747,1914
2748,210
2748,702
2749,1240
2749,7019
2750,722
2751,8062
2751,22806
2752,6080
2753,702
2753,7019
2754,10911
2754,14743
2755,210
2755,7019
2756,20116
2756,19030
2757,10911
2757,175
2758,10911
2759,9122
2760,15271
2761,175
2762,16909
2763,210
2763,7019
2764,702
2764,7133
2765,9314
2765,9718
2765,7580
2765,18251
2765,9823
2765,1222
2765,4066
2765,4839
2765,23608
2765,18358
2765,24244
2765,23682
2765,7702
2765,24221
2765,17536
2765,4855
2765,18405
2765,18211
2765,24105
2765,7601
2765,18360
2765,7648
2765,9281
2765,24464
2765,9263
2765,18292
2765,9422
2765,9315
2765,7719
2765,9337
2765,17633
2765,23670
2765,2171
2765,24514
2765,9748
2765,10028
2765,17984
2765,4843
2765,9914
2765,4169
2765,18202
2765,24111
2765,7493
2765,9739
2765,10093
2765,9400
2765,18112
2765,9556
2765,10224
2765,18054
2765,23728
2765,7497
2765,9838
2765,9649
2765,17919
2765,24130
2765,4799
2765,24106
2765,4745
2765,17988
2765,4649
2765,9285
2765,3998
2765,5255
2765,9652
2765,9343
2765,17478
2765,4818
2766,7019
2767,175
2767,10249
2768,1240
2769,210
2769,2829
2770,175
2770,2829
2770,4324
2771,1240
2771,7019
2772,12742
2773,18991
2773,702
2773,1240
2773,11668
2774,210
2774,702
2774,22823
2774,3357
2774,6940
2775,175
2776,16107
2777,3357
2778,12531
2778,15786
2778,19073
2779,287
2780,175
2780,6299
2781,6396
2781,7019
2782,6403
2782,4324
2783,15925
2784,7019
2785,82
2785,1240
2785,11673
2785,15878
2785,7939
2786,175
2787,12969
2788,1300
2788,13271
2789,7133
2789,19030
2790,210
2790,7133
2791,6396
2791,7019
2792,6321
2793,4571
2793,12482
2794,8487
2795,10934
2795,6396
2796,4324
2797,702
2797,7019
2798,2552
2799,702
2799,7133
2800,210
2801,6011
2802,7912
2802,18973
2803,2946
2804,8199
2805,16244
2805,175
2805,8882
2806,702
2806,1240
2806,2829
2806,3357
2807,702
2807,1240
2808,5484
2808,3341
2809,3603
2810,1240
2810,2829
2811,175
2812,3562
2813,2904
2813,3562
2814,10911
2815,14642
2815,10741
2815,18695
2815,22745
2815,12411
2815,11352
2815,6337
2815,19629
2815,24645
2815,18804
2815,558
2815,22971
2816,6199
2816,3357
2817,12553
2818,7019
2819,6940
2819,5714
2819,12957
2819,16151
2819,175
2819,8002
2819,217
2819,3304
2819,9157
2819,287
2819,12683
2819,13238
2819,3550
2819,4638
2819,3321
2819,5414
2819,6454
2820,9716
2820,25239
2820,10940
2820,4919
2820,6722
2820,13238
2820,21206
2820,3891
2820,16126
2820,5830
2820,5589
2820,15615
2820,8748
2820,21434
2820,3574
2821,25309
2821,20691
2821,5776
2821,3217
2821,16346
2821,17377
2821,5041
2821,3278
2821,24723
2822,702
2822,2829
2823,14391
2824,1222
2824,7475
2825,1240
2825,7019
2826,7133
2827,3744
2827,3210
2828,1240
2829,12807
2829,7250
2829,13961
2829,2126
2829,11273
2829,11507
2829,1996
2829,10356
2829,3821
2829,14836
2829,1987
2829,586
2829,11633
2829,1184
2829,2517
2829,8016
2829,21804
2829,20201
2829,7068
2829,11320
2829,12166
2829,1054
2829,1144
2829,1217
2829,20191
2829,2822
2829,19093
2829,15988
2829,13423
2829,12213
2829,14840
2829,11639
2829,4308
2829,6951
2829,15124
2829,20250
2829,7264
2829,23540
2829,17290
2829,13868
2829,24373
2829,906
2829,15115
2829,1441
2829,1026
2829,2953
2829,14246
2829,23112
2829,14842
2829,13704
2829,11711
2829,13521
2829,1395
2829,13392
2829,13895
2829,6159
2829,21715
2829,10436
2829,24354
2829,4966
2829,15324
2829,22008
2829,712
2829,15488
2829,1977
2829,549
2829,24984
2829,6138
2829,23461
2829,6147
2829,15259
2829,530
2829,3492
2829,21719
2829,7969
2829,2598
2829,12308
2829,23323
2829,561
2829,1226
2829,23405
2829,6029
2829,4320
2829,1694
2829,577
2829,10790
2829,7430
2829,16259
2829,16587
2829,23355
2829,11799
2829,19203
2829,20200
2829,14697
2829,19012
2829,13823
2829,21936
2829,15190
2829,24344
2829,22021
2829,10849
2829,453
2829,7927
2829,14063
2829,22772
2829,15168
2829,2657
2829,12072
2829,11627
2829,23305
2829,1344
2829,14871
2829,21722
2829,21871
2829,22889
2829,11506
2829,14826
2829,13746
2829,11632
2829,18526
2829,15552
2829,3304
2829,6676
2829,20204
2829,11659
2829,19086
2829,14634
2829,1803
2829,11916
2829,4324
2829,19092
2829,4638
2829,12029
2829,1722
2829,13982
2829,12489
2829,14896
2829,11053
2829,14718
2829,854
2829,22746
2829,11556
2829,16493
2829,11985
2829,19319
2829,10474
2829,5726
2829,11875
2829,10640
2829,1491
2829,702
2829,14839
2829,175
2829,20428
2829,14409
2829,19546
2829,11178
2829,13391
2829,4379
2829,14816
2829,2535
2829,2810
2829,13757
2829,12010
2829,1616
2829,521
2829,423
2829,1260
2829,22651
2829,22198
2829,23493
2829,15157
2829,5004
2829,11348
2829,18644
2829,1331
2829,14995
2829,19652
2829,4182
2829,14495
2829,24091
2829,24210
2829,14447
2829,11832
2829,2112
2829,14857
2829,6316
2829,18469
2829,14045
2829,10668
2829,19691
2829,14769
2829,24530
2829,17167
2829,16504
2829,17404
2829,11358
2829,5512
2829,15269
2829,16467
2829,23380
2829,21624
2829,15513
2829,11504
2829,11979
2829,22655
2829,6543
2829,21685
2829,892
2829,6813
2829,6275
2829,22683
2829,25005
2829,12000
2829,13608
2829,11296
2829,2158
2829,22468
2829,7398
2829,14637
2829,2394
2829,8076
2829,22398
2829,11077
2829,2769
2829,14077
2829,25084
2829,15058
2829,17120
2829,11133
2829,2915
2829,7245
2829,10992
2829,7195
2829,10681
2829,18997
2829,7703
2829,6439
2829,6097
2829,11094
2829,22859
2829,14234
2829,14360
2829,4472
2829,16551
2829,25294
2829,24163
2829,13735
2829,2097
2829,5768
2829,2153
2829,8154
2829,11375
2829,12127
2829,643
2829,3258
2829,19987
2829,6317
2829,22534
2829,11792
2829,6034
2829,7077
2829,7735
2829,17249
2829,22155
2829,1574
2829,6454
2829,2854
2829,1470
2829,10771
2829,2860
2829,8078
2829,1240
2829,20287
2829,14983
2829,21906
2829,13730
2829,24949
2829,6940
2829,11573
2829,13791
2829,6373
2829,19865
2829,13471
2829,14299
2829,12100
2829,2806
2829,11423
2829,14289
2829,22368
2829,19669
2829,16403
2829,16482
2829,19744
2829,2459
2829,12699
2829,6897
2829,14490
2829,11075
2829,23075
2829,7133
2829,23425
2829,17217
2829,11863
2829,16946
2829,12643
2829,23249
2829,3357
2829,21581
2829,7056
2829,11259
2829,14353
2829,7238
2829,6935
2829,17041
2829,19975
2829,407
2829,2376
2829,2556
2829,2770
2829,23610
2829,19894
2829,13952
2829,23278
2829,10511
2829,2990
2829,10592
2829,14259
2829,17279
2829,7265
2829,20139
2829,23058
2829,14046
2829,16990
2829,10729
2829,19996
2829,22593
2829,10971
2829,25335
2829,13544
2829,493
2829,3562
2829,6420
2829,15300
2829,6129
2829,20071
2829,24887
2829,10317
2829,3846
2829,1669
2829,14249
2829,1349
2829,13956
2829,10243
2829,515
2829,7172
2829,15318
2829,19050
2829,2085
2829,15178
2829,5065
2829,17171
2829,16494
2829,11248
2829,23181
2829,210
2829,1988
2829,21848
2829,16870
2829,23027
2829,853
2829,4167
2829,15225
2829,2101
2829,12573
2829,24827
2829,21527
2829,22140
2829,1994
2829,980
2829,15761
2829,19356
2829,13424
2829,6870
2829,2075
2829,12285
2829,1486
2829,2474
2829,14024
2829,13410
2829,13375
2829,482
2829,23279
2829,2498
2829,10498
2829,11887
2829,10488
2829,1400
2829,23139
2829,6520
2829,11012
2829,19365
2829,3558
2829,23522
2829,6121
2829,10825
2829,12275
2829,11369
2829,22988
2829,15235
2829,23293
2829,7025
2829,16868
2829,7178
2829,13420
2829,13348
2829,20018
2829,13900
2829,1128
2829,14884
2829,12009
2829,23104
2829,23235
2829,17062
2829,11771
2829,21736
2829,12049
2829,14321
2829,13422
2829,18567
2829,21767
2829,11664
2829,8084
2829,23395
2829,2407
2829,13615
2829,22028
2829,19881
2829,1319
2829,11796
2829,5414
2829,10796
2829,294
2829,22935
2829,13350
2829,23044
2829,1300
2829,23018
2829,19536
2829,22038
2829,12113
2829,11914
2829,1429
2829,15138
2829,7790
2829,2230
2829,7019
2829,14279
2829,6363
2829,13897
2829,17007
2829,25247
2829,22901
2829,11740
2829,21710
2829,22403
2829,21569
2829,7725
2829,14025
2829,22434
2829,14148
2829,19649
2829,413
2829,1227
2829,18928
2829,25128
2829,2045
2829,25031
2829,18814
2829,13117
2829,1695
2829,23460
2829,621
2829,16101
2829,12247
2829,5064
2829,21554
2829,1688
2829,20401
2829,3550
2829,2740
2829,22455
2829,19797
2829,11705
2829,3871
2829,6826
2829,23623
2829,22931
2829,21923
2830,702
2830,7019
2831,703
2831,702
2831,3667
2832,1654
2833,22692
2834,1654
2835,7019
2835,3562
2836,2857
2837,2387
2838,1654
2839,15786
2840,8974
2840,1654
2841,16151
2842,1654
2843,1654
2844,1654
2845,175
2846,175
2847,1654
2848,5480
2848,20966
2849,5468
2849,5569
2849,3515
2849,2149
2849,3344
2849,8593
2849,4732
2849,3059
2849,3278
2850,24786
2850,20563
2851,19856
2852,8263
2852,8391
2853,1300
2853,20966
2853,3258
2853,13238
2853,2608
2853,1854
2854,2829
2854,6396
2854,4566
2854,3357
2855,3916
2855,20886
2855,4959
2855,8850
2855,10473
2855,8437
2855,19920
2855,3268
2855,5549
2855,6426
2855,25087
2855,20165
2855,17819
2855,19123
2855,4825
2855,9988
2855,21232
2855,19517
2855,9199
2855,24589
2855,13226
2855,8791
2855,3724
2855,9292
2855,10409
2855,9889
2855,12791
2855,14555
2855,19871
2855,8581
2855,4918
2855,19907
2855,5564
2855,21809
2855,25284
2855,17369
2855,15633
2855,13106
2855,21253
2855,18966
2855,20875
2855,15501
2855,24824
2855,18588
2855,8849
2855,13228
2855,17246
2855,3051
2855,16535
2855,4943
2855,20904
2855,25272
2855,8394
2855,21496
2855,4929
2855,16346
2855,20699
2855,5721
2855,20264
2855,124
2855,5750
2855,5283
2855,8132
2855,2875
2855,5548
2855,16095
2855,10169
2855,10044
2855,6695
2855,21047
2855,24914
2855,20807
2856,11399
2856,23006
2857,4532
2857,6763
2857,15511
2857,19204
2857,7332
2857,19323
2857,17035
2857,19076
2857,13109
2857,19990
2857,245
2857,25051
2857,3304
2857,5262
2857,3866
2857,13115
2857,7198
2857,24662
2857,5258
2857,15009
2857,8652
2857,3688
2857,1948
2857,13238
2857,11108
2857,19677
2857,5216
2857,14071
2857,2836
2857,3487
2857,13206
2857,2148
2857,7863
2857,6469
2857,12867
2857,5789
2857,21249
2857,16033
2857,7301
2857,19081
2857,18502
2857,10120
2857,8469
2857,8002
2857,12008
2857,24950
2857,21465
2857,21471
2857,19152
2857,12642
2857,7769
2857,17282
2857,15770
2857,16012
2857,5414
2857,12605
2857,5042
2857,6462
2857,10377
2857,4728
2857,1449
2857,16931
2857,7954
2857,5401
2857,16151
2857,15725
2857,15978
2857,25029
2857,5091
2857,8719
2857,18012
2857,8297
2857,24896
2857,287
2857,8436
2857,9015
2857,19523
2857,8163
2857,19597
2857,6433
2857,8629
2857,15142
2857,17004
2857,7311
2857,25007
2857,20690
2857,8699
2857,13145
2857,5090
2857,1584
2857,21131
2857,24776
2857,4685
2857,15061
2857,16458
2857,25050
2857,11567
2857,7674
2857,24626
2857,8589
2857,9091
2858,12655
2858,3492
2858,13238
2858,8451
2858,8929
2858,175
2858,217
2858,8366
2859,8343
2859,8692
2860,2829
2860,1057
2860,175
2860,1785
2860,6080
2860,2704
2860,12945
2860,16994
2861,1898
2861,13135
2861,16621
2861,19429
2861,13157
2861,19969
2861,13201
2861,175
2861,11360
2861,9924
2861,24699
2861,9119
2861,9549
2861,5512
2861,3550
2861,15648
2861,3321
2861,6454
2862,5402
2862,6742
2862,287
2862,175
2862,25168
2862,8490
2862,13238
2863,9122
2864,19030
2865,12742
2865,8247
2866,234
2867,2153
2868,8193
2869,16605
2870,7019
2870,7133
2871,7317
2871,14733
2871,1437
2871,19759
2871,22930
2871,702
2871,15717
2871,21705
2871,14395
2871,19683
2871,12266
2871,1292
2871,15395
2871,6486
2871,1045
2871,17089
2871,263
2871,2915
2871,1462
2871,3321
2871,2096
2871,15728
2872,8448
2873,702
2873,6518
2874,2111
2874,8761
2875,11503
2875,1300
2875,5512
2875,17651
2875,16151
2875,5910
2875,175
2875,3304
2875,217
2875,2855
2876,2684
2876,5569
2876,3059
2877,17124
2878,21017
2879,8343
2880,21414
2881,702
2881,7386
2882,3357
2883,3777
2884,12969
2884,5618
2885,113
2885,488
2885,6510
2885,819
2885,10534
2886,702
2887,175
2887,3562
2888,8247
2889,210
2889,13676
2890,1240
2890,20116
2891,702
2891,7019
2892,23394
2893,14637
2894,7912
2894,13927
2895,210
2896,2588
2896,5569
2896,3059
2896,3344
2896,5432
2896,3278
2897,6396
2897,7019
2898,6198
2899,6911
2899,15472
2900,6540
2900,3492
2900,19786
2900,4324
2900,7386
2901,21583
2901,2154
2901,2193
2902,14819
2902,1830
2902,23613
2902,4324
2902,10481
2902,14446
2902,752
2902,10382
2903,14042
2903,15728
2904,13339
2904,22790
2904,813
2904,12228
2904,6940
2904,18950
2904,21961
2904,20316
2904,217
2904,3304
2904,19030
2904,23070
2904,6540
2904,621
2904,2498
2904,1274
2904,2813
2904,3492
2904,13238
2904,15759
2904,7415
2904,20941
2904,2517
2904,3550
2904,7133
2904,4324
2904,7060
2904,11165
2904,15849
2905,18593
2905,8152
2906,6188
2906,648
2906,1016
2906,5714
2906,3742
2906,703
2906,43
2906,12009
2906,702
2906,18776
2906,19233
2906,2624
2906,11846
2906,22356
2906,16273
2906,6969
2906,16854
2906,22751
2906,22573
2906,2687
2906,10799
2906,17149
2906,706
2906,16638
2907,175
2907,8002
2908,7661
2908,17944
2908,20966
2908,17945
2908,23800
2908,24249
2908,7532
2908,18129
2908,17702
2908,18277
2908,2506
2908,2498
2908,23616
2908,9226
2908,24262
2908,2517
2908,2524
2908,4731
2908,17533
2908,3948
2908,18128
2908,23801
2908,18268
2908,18088
2908,3972
2908,23808
2908,4708
2908,18126
2908,24471
2908,18125
2908,3938
2908,10015
2908,23782
2908,11538
2908,17524
2908,18287
2908,2507
2908,3357
2908,294
2908,24265
2908,18149
2908,24261
2908,4730
2908,24288
2908,2505
2908,23797
2908,2154
2908,24269
2908,2502
2908,24298
2908,4075
2908,9356
2908,3973
2908,17933
2908,23804
2908,17961
2908,18124
2908,2504
2908,2509
2908,7510
2908,3489
2908,2514
2908,17947
2908,23624
2908,9368
2909,6462
2909,7912
2909,12125
2909,22868
2910,1240
2910,7019
2911,681
2912,702
2912,7019
2913,9912
2913,4658
2914,3357
2914,7019
2915,8564
2915,21156
2915,2126
2915,10158
2915,2489
2915,12732
2915,7672
2915,13750
2915,6460
2915,15445
2915,10098
2915,13006
2915,17978
2915,4558
2915,2463
2915,5377
2915,4789
2915,13790
2915,9421
2915,19622
2915,2707
2915,8609
2915,7514
2915,18991
2915,10205
2915,8362
2915,14341
2915,227
2915,24484
2915,19128
2915,102
2915,9382
2915,12629
2915,7020
2915,4293
2915,4514
2915,19878
2915,21118
2915,9601
2915,21744
2915,18183
2915,12860
2915,17510
2915,1901
2915,7603
2915,2511
2915,9598
2915,7787
2915,7743
2915,17667
2915,3787
2915,235
2915,4652
2915,9228
2915,4658
2915,4767
2915,16086
2915,6762
2915,9618
2915,4857
2915,9909
2915,5915
2915,9
2915,16971
2915,14970
2915,9825
2915,17676
2915,18535
2915,22443
2915,14487
2915,13446
2915,17942
2915,12957
2915,865
2915,24282
2915,2501
2915,9379
2915,24369
2915,13906
2915,3304
2915,9919
2915,18808
2915,11019
2915,19868
2915,19025
2915,4324
2915,9144
2915,23145
2915,4705
2915,17566
2915,17698
2915,6874
2915,23882
2915,8221
2915,24964
2915,24247
2915,8882
2915,7515
2915,7131
2915,12181
2915,24032
2915,5504
2915,238
2915,4838
2915,13408
2915,25042
2915,2520
2915,6963
2915,9991
2915,24643
2915,17767
2915,13993
2915,287
2915,5356
2915,5512
2915,4748
2915,12837
2915,17004
2915,11975
2915,213
2915,3946
2915,21972
2915,1052
2915,11405
2915,16035
2915,13688
2915,3940
2915,6497
2915,43
2915,7785
2915,3214
2915,17932
2915,11629
2915,24320
2915,15213
2915,7534
2915,18404
2915,8684
2915,17681
2915,7094
2915,15962
2915,6763
2915,16127
2915,10566
2915,10014
2915,9920
2915,6080
2915,3728
2915,9584
2915,3258
2915,2519
2915,5669
2915,110
2915,17931
2915,9809
2915,15831
2915,705
2915,24246
2915,1240
2915,12474
2915,19810
2915,7576
2915,4923
2915,12431
2915,6089
2915,23719
2915,8431
2915,9849
2915,4460
2915,11279
2915,13438
2915,6140
2915,725
2915,7225
2915,11026
2915,3357
2915,22552
2915,9943
2915,11923
2915,14470
2915,3301
2915,17511
2915,7671
2915,8312
2915,5714
2915,18073
2915,25099
2915,9931
2915,13803
2915,4636
2915,22137
2915,4722
2915,24368
2915,6945
2915,24292
2915,16083
2915,9444
2915,7830
2915,3613
2915,22197
2915,17532
2915,1864
2915,17687
2915,6540
2915,15271
2915,8530
2915,17409
2915,23614
2915,18283
2915,14301
2915,10218
2915,9238
2915,24721
2915,5941
2915,24990
2915,10022
2915,18531
2915,4689
2915,16091
2915,19030
2915,1201
2915,19150
2915,22299
2915,18826
2915,11842
2915,12015
2915,18489
2915,4678
2915,19815
2915,17525
2915,17677
2915,11717
2915,17646
2915,15404
2915,5414
2915,21147
2915,294
2915,18118
2915,7277
2915,1300
2915,15390
2915,7507
2915,4921
2915,21845
2915,8012
2915,3945
2915,7019
2915,19549
2915,11740
2915,9730
2915,3321
2915,7092
2915,9230
2915,16510
2915,14204
2915,17686
2915,24381
2915,17185
2915,9514
2915,22212
2915,4649
2915,25288
2915,6211
2915,5134
2915,24078
2915,9585
2915,6826
2915,11840
2915,2528
2915,13257
2915,8092
2915,3950
2915,4590
2915,21368
2915,9608
2915,7599
2915,11566
2915,7177
2915,18137
2915,17952
2915,4810
2915,8514
2915,8839
2915,7742
2915,3975
2915,17981
2915,3574
2915,11917
2915,2871
2915,4135
2915,14727
2915,18270
2915,18259
2915,3463
2915,14744
2915,18370
2915,23396
2915,10913
2915,4698
2915,16165
2915,16909
2915,13444
2915,5948
2915,10101
2915,3492
2915,9300
2915,18110
2915,4437
2915,13891
2915,5092
2915,11767
2915,6994
2915,4717
2915,7992
2915,11458
2915,18132
2915,18446
2915,5651
2915,3941
2915,12039
2915,4231
2915,17507
2915,9535
2915,3293
2915,9596
2915,9375
2915,2829
2915,4137
2915,17959
2915,3944
2915,22692
2915,4066
2915,11727
2915,9265
2915,7541
2915,1949
2915,7644
2915,20748
2915,24164
2915,4646
2915,13715
2915,24296
2915,6421
2915,24266
2915,10590
2915,1131
2915,18261
2915,702
2915,14745
2915,175
2915,9366
2915,13642
2915,7553
2915,10914
2915,98
2915,12087
2915,20941
2915,6401
2915,10375
2915,20677
2915,4059
2915,19857
2915,24653
2915,11936
2915,4720
2915,4182
2915,18091
2915,19936
2915,9367
2915,2515
2915,25109
2915,4931
2915,13792
2915,15132
2915,12655
2915,9270
2915,9305
2915,18792
2915,14586
2915,16207
2915,8076
2915,18662
2915,9994
2915,4781
2915,5707
2915,13355
2915,7180
2915,17517
2915,9925
2915,23640
2915,18150
2915,13238
2915,24297
2915,7386
2915,9930
2915,12223
2915,16881
2915,6454
2915,12183
2915,21343
2915,11275
2915,15413
2915,7618
2915,24219
2915,23775
2915,16245
2915,17684
2915,10095
2915,12169
2915,4686
2915,9623
2915,9989
2915,3210
2915,23788
2915,11259
2915,6462
2915,6210
2915,3928
2915,6369
2915,951
2915,4740
2915,7675
2915,18303
2915,8723
2915,4612
2915,4706
2915,18449
2915,9828
2915,7783
2915,25121
2915,9371
2915,16527
2915,21393
2915,3562
2915,6129
2915,703
2915,1669
2915,16468
2915,10873
2915,12180
2915,4674
2915,578
2915,18821
2915,4784
2915,17679
2915,210
2915,25339
2915,2202
2915,6649
2915,22823
2915,4756
2915,7475
2915,298
2915,14610
2915,2498
2915,11230
2915,1785
2915,3558
2915,6121
2915,4566
2915,10007
2915,15849
2915,22461
2915,4540
2915,18681
2915,12009
2915,8070
2915,25153
2915,4692
2915,2695
2915,23395
2915,18260
2915,7363
2915,10172
2915,4714
2915,10099
2915,13705
2915,24786
2915,1719
2915,3857
2915,6831
2915,15735
2915,4051
2915,3131
2915,24131
2915,15539
2915,12120
2915,11609
2915,17943
2915,3390
2915,21569
2915,25095
2915,10912
2915,17711
2915,22774
2915,19121
2915,24092
2915,6200
2915,8675
2915,4679
2915,9319
2915,17820
2915,704
2915,10013
2915,22872
2915,4673
2915,10911
2915,4694
2915,3550
2915,11247
2915,7530
2915,14166
2915,6892
2916,18143
2916,4726
2916,9600
2916,17677
2916,17505
2916,24264
2916,13779
2916,9603
2917,5128
2918,21917
2918,24719
2919,702
2919,4324
2920,175
2920,7019
2921,13866
2921,2153
2922,210
2922,702
2923,7019
2924,6462
2924,702
2924,14746
2924,1240
2924,6385
2924,13791
2925,3562
2925,5770
2926,10911
2926,175
2927,23132
2927,4324
2928,4566
2929,7133
2930,11427
2931,12969
2932,20524
2932,12302
2933,23343
2933,2097
2934,11428
2934,175
2934,7030
2934,3357
2934,4324
2935,7019
2935,7133
2936,702
2936,7019
2937,17124
2937,8199
2938,7912
2939,15624
2939,24329
2940,7895
2940,2712
2941,7386
2942,1240
2942,19095
2943,19720
2944,22172
2944,19030
2945,9071
2945,8391
2946,113
2946,22990
2946,175
2946,6673
2946,2803
2947,13550
2947,11387
2947,13905
2947,11131
2947,2450
2947,15155
2947,210
2947,3357
2948,3183
2948,702
2948,7019
2949,1274
2950,8929
2951,12716
2951,8221
2952,8199
2952,12311
2953,1240
2953,2829
2954,3562
2954,19095
2955,702
2956,6396
2956,7133
2957,2712
2957,7676
2958,175
2959,702
2959,210
2959,1240
2959,6129
2960,13537
2960,19030
2961,19095
2962,702
2962,7133
2963,210
2964,21147
2965,150
2965,8882
2966,3357
2966,7019
2967,702
2967,15219
2968,210
2968,1240
2969,7783
2970,25229
2970,8669
2971,233
2972,8115
2972,6664
2973,18677
2974,17322
2974,1959
2975,3550
2976,15219
2976,7133
2977,210
2977,1240
2978,702
2978,6198
2979,1240
2979,2687
2979,7019
2980,175
2981,8929
2981,12770
2982,3562
2983,6763
2983,2464
2983,175
2983,3492
2983,3550
2984,11427
2984,4324
2985,217
2986,175
2986,1240
2987,21220
2988,277
2988,6923
2989,4475
2989,19152
2989,4437
2990,2829
2990,12182
2990,3357
2991,15901
2991,1240
2992,3742
2993,1240
2993,2552
2994,702
2995,1970
2995,6388
2996,20705
2996,8448
2997,175
2997,7019
2997,3562
2997,19025
2998,20647
2998,13238
2999,17715
3000,20232
3000,7019
3001,18991
3001,7133
3002,4306
3002,3003
3003,3002
3003,3004
3004,3005
3004,3003
3005,3004
3005,3006
3006,3005
3007,8062
3007,7019
3008,1300
3009,9691
3010,367
3010,8469
3011,210
3011,10914
3011,6940
3012,6763
3013,1240
3013,19263
3014,7019
3014,14744
3015,210
3015,3755
3016,210
3017,3302
3018,1240
3018,7019
3019,8929
3020,19095
3021,702
3021,7019
3022,6540
3022,3360
3023,210
3024,18973
3025,13190
3026,5484
3026,12302
3027,10451
3028,12303
3029,175
3029,861
3029,25045
3030,5378
3030,7710
3031,15413
3032,8929
3032,175
3033,6850
3034,4641
3034,16922
3035,20084
3036,16339
3037,8718
3038,702
3038,1240
3039,6222
3039,4514
3040,210
3040,7019
3041,7133
3042,7846
3043,702
3043,7019
3043,19095
3043,3550
3044,22823
3045,175
3045,14970
3046,1240
3046,3357
3046,7019
3046,7133
3047,5487
3048,6763
3048,3412
3048,3215
3048,3562
3049,3138
3050,13490
3050,18679
3050,19430
3051,8343
3051,2855
3052,4231
3053,7938
3053,10486
3053,5155
3054,6459
3055,10835
3056,4231
3057,6430
3058,7909
3059,6700
3059,2849
3059,2557
3059,2876
3059,20966
3059,5569
3059,2149
3059,2896
3059,3344
3059,5573
3059,3268
3059,3219
3059,12725
3060,6763
3060,18748
3060,3550
3061,7019
3062,4292
3062,4310
3062,4291
3063,20805
3064,6141
3064,14081
3065,22365
3065,210
3066,16398
3066,4415
3066,3550
3066,18548
3066,4416
3066,4450
3066,16736
3066,4509
3067,8775
3068,18593
3069,18593
3070,22352
3070,3186
3071,3197
3072,20633
3073,5401
3074,13190
3075,22567
3075,6504
3076,6141
3076,3598
3077,16797
3077,10887
3078,5679
3078,720
3079,7019
3080,702
3080,3357
3081,702
3082,17127
3082,16630
3083,14306
3083,6506
3083,6472
3083,10779
3083,6430
3083,16630
3084,703
3084,1274
3085,1274
3085,704
3086,7133
3087,993
3087,11557
3088,702
3088,1274
3089,6506
3089,7005
3090,6518
3090,1274
3091,11173
3091,8152
3092,10430
3093,1274
3093,6731
3094,702
3094,704
3094,7475
3095,18735
3095,13592
3096,704
3096,9305
3097,703
3097,1274
3098,16171
3099,6141
3099,3817
3100,6141
3101,11557
3102,17380
3103,7185
3103,8152
3104,24725
3105,11665
3106,16815
3106,7304
3107,4231
3108,5155
3108,4896
3109,702
3109,704
3109,7475
3110,13490
3110,18679
3111,23343
3112,1240
3112,3158
3113,160
3113,22969
3113,13088
3113,11538
3113,11051
3113,601
3113,13530
3113,14161
3113,13502
3113,11761
3113,19010
3113,2026
3113,17136
3114,6462
3115,1765
3115,8515
3116,12957
3116,10430
3117,10987
3117,7909
3117,10453
3117,19065
3117,16815
3118,6472
3118,18748
3119,6454
3120,8199
3121,13592
3122,11173
3122,22567
3123,5463
3124,6909
3124,15132
3125,22834
3125,20300
3126,12742
3127,367
3127,3357
3128,11665
3128,16815
3129,19887
3130,11665
3131,1240
3131,6940
3131,11405
3131,8122
3131,7576
3131,1983
3131,8076
3131,23505
3131,11727
3131,6457
3131,16714
3131,19152
3131,6408
3131,10613
3131,7386
3131,2915
3131,102
3132,1099
3133,6141
3133,1024
3134,11487
3135,3357
3135,6967
3136,10430
3137,20116
3137,2382
3138,14552
3138,702
3138,3049
3138,1643
3138,3368
3138,3343
3139,6506
3139,18748
3140,4221
3141,7067
3142,18593
3142,6504
3143,681
3143,6454
3144,4231
3144,10430
3145,14094
3145,10787
3145,19095
3145,12065
3146,58
3147,722
3147,2287
3148,702
3148,7019
3149,23118
3149,12742
3150,6569
3151,21220
3151,6850
3152,22408
3152,17380
3152,4495
3152,3550
3153,294
3154,11961
3155,14552
3155,993
3155,702
3156,3197
3157,12390
3158,3112
3159,16815
3159,10835
3160,6141
3160,1659
3161,14260
3162,4750
3163,12181
3164,14260
3164,6506
3164,6430
3165,6747
3166,6459
3166,10587
3167,3186
3168,6141
3168,11665
3169,16031
3170,6779
3171,3202
3171,101
3171,3454
3171,20300
3172,19301
3173,3550
3174,287
3175,6141
3175,6506
3176,22928
3176,3550
3177,11082
3178,21600
3178,1388
3179,18593
3179,3366
3179,20966
3179,11538
3179,11341
3179,3598
3179,1917
3179,19402
3179,2154
3179,1798
3179,294
3180,22928
3181,13185
3181,8882
3182,7316
3183,22928
3183,11665
3183,2948
3184,993
3184,14552
3184,702
3184,1643
3185,11665
3186,6141
3186,22725
3186,1648
3186,1240
3186,3070
3186,14421
3186,12957
3186,3167
3186,3290
3186,6506
3186,1012
3186,3408
3186,5512
3186,14523
3186,19583
3186,3550
3186,3372
3186,3445
3187,2295
3187,25229
3188,3254
3189,11557
3190,23521
3190,20300
3191,11082
3192,1643
3192,14188
3193,11557
3194,22725
3194,6141
3194,18679
3194,3372
3194,23217
3194,14523
3194,19170
3195,1240
3196,20486
3197,12957
3197,3071
3197,3156
3197,3406
3197,23202
3197,3248
3197,7304
3198,1643
3198,16815
3199,6141
3200,14552
3201,13250
3202,3171
3202,20300
3202,17087
3203,6401
3204,1240
3204,12181
3205,8709
3205,9051
3206,6732
3206,3217
3207,120
3208,16815
3208,11015
3209,20966
3209,6454
3210,3744
3210,5215
3210,25326
3210,12957
3210,9216
3210,12356
3210,18013
3210,217
3210,3304
3210,12361
3210,9139
3210,20856
3210,20881
3210,15710
3210,13238
3210,22088
3210,24962
3210,6454
3210,1240
3210,15452
3210,6940
3210,702
3210,175
3210,8002
3210,12611
3210,18687
3210,20387
3210,19152
3210,25116
3210,21060
3210,5414
3210,3357
3210,20255
3210,12858
3210,1300
3210,8766
3210,9176
3210,10472
3210,17509
3210,16151
3210,16104
3210,22095
3210,20811
3210,4905
3210,287
3210,3492
3210,5512
3210,15418
3210,16317
3210,15487
3210,13053
3210,16357
3210,17321
3210,4639
3210,12289
3210,13084
3210,2827
3210,15541
3210,12746
3210,21356
3210,20850
3210,17403
3210,703
3210,12421
3210,20928
3210,15740
3210,16073
3210,16025
3210,21174
3210,3746
3210,3550
3210,2915
3210,11935
3210,5325
3210,12438
3211,11173
3211,6504
3212,702
3213,25018
3213,12645
3213,1300
3213,25035
3213,4523
3213,12779
3213,8592
3213,16151
3213,175
3213,217
3213,16780
3213,287
3213,3492
3213,19152
3213,13238
3213,8654
3213,3321
3213,24748
3213,15823
3214,15558
3214,13214
3214,8092
3214,19323
3214,4590
3214,9691
3214,20461
3214,22823
3214,217
3214,3247
3214,15989
3214,787
3214,5211
3214,24932
3214,15445
3214,8658
3214,8420
3214,9010
3214,6872
3214,24943
3214,13006
3214,6771
3214,12990
3214,21100
3214,8709
3214,19319
3214,1291
3214,8839
3214,20680
3214,6940
3214,13277
3214,9146
3214,3742
3214,8547
3214,8690
3214,13123
3214,175
3214,7576
3214,21056
3214,25311
3214,15767
3214,8623
3214,20924
3214,20548
3214,5073
3214,3855
3214,6657
3214,19152
3214,20486
3214,20941
3214,20835
3214,9032
3214,9029
3214,15396
3214,5504
3214,5414
3214,8270
3214,61
3214,3357
3214,8587
3214,5553
3214,8944
3214,16909
3214,8554
3214,25109
3214,16277
3214,6780
3214,17704
3214,8402
3214,7925
3214,10455
3214,12400
3214,13454
3214,20977
3214,9744
3214,3492
3214,5460
3214,15132
3214,12391
3214,8872
3214,5092
3214,13769
3214,12497
3214,13038
3214,6775
3214,5661
3214,6668
3214,6321
3214,12933
3214,17913
3214,9319
3214,16354
3214,6328
3214,8967
3214,21129
3214,13286
3214,12553
3214,15774
3214,19266
3214,4715
3214,20719
3214,5090
3214,16340
3214,6687
3214,8898
3214,8331
3214,4033
3214,8343
3214,6731
3214,12683
3214,8211
3214,2915
3214,9192
3214,15916
3214,8116
3214,15291
3214,8684
3215,3048
3215,6506
3216,15558
3216,19727
3216,16255
3216,25187
3216,20292
3216,12745
3216,2130
3216,1302
3216,16102
3216,8922
3216,9090
3216,17160
3216,17789
3216,8848
3216,20034
3216,10343
3216,18026
3216,16190
3216,16078
3216,23474
3216,12697
3216,16782
3216,20692
3216,12319
3216,8958
3216,14316
3216,23938
3216,5136
3216,9338
3216,5184
3216,20926
3216,18407
3216,13045
3216,5282
3216,8221
3216,19902
3216,21273
3216,3260
3216,12877
3216,8363
3216,21861
3216,15847
3216,8678
3216,8568
3216,21654
3216,25208
3216,5829
3216,8892
3216,5444
3216,21446
3216,12766
3216,8909
3216,20673
3216,13035
3216,16974
3216,20542
3216,24712
3216,15402
3216,9160
3216,19294
3216,10271
3216,8256
3216,12827
3216,16072
3216,24976
3216,16089
3216,12808
3216,5512
3216,5198
3216,24599
3216,13020
3216,186
3216,7441
3216,16058
3216,25216
3216,20585
3216,12865
3216,18764
3216,24764
3216,4604
3216,16049
3216,2189
3216,21115
3216,21499
3216,3297
3216,4655
3216,7
3216,2188
3216,16842
3216,10290
3216,16253
3216,13224
3216,24955
3216,8434
3216,9181
3216,21305
3216,16237
3217,6768
3217,9680
3217,17630
3217,19920
3217,22272
3217,22452
3217,20165
3217,8004
3217,7320
3217,1274
3217,8826
3217,3768
3217,9988
3217,24956
3217,19209
3217,16706
3217,8299
3217,18827
3217,5852
3217,363
3217,18204
3217,20670
3217,9266
3217,24937
3217,8756
3217,22871
3217,24740
3217,21157
3217,3281
3217,8596
3217,25228
3217,20486
3217,8372
3217,16044
3217,20631
3217,6748
3217,16090
3217,22470
3217,3357
3217,22169
3217,20187
3217,18196
3217,4922
3217,3437
3217,15708
3217,24639
3217,15056
3217,21481
3217,20534
3217,5155
3217,5912
3217,17652
3217,5450
3217,17246
3217,20290
3217,4677
3217,16535
3217,16708
3217,9240
3217,5205
3217,20718
3217,15751
3217,21806
3217,322
3217,16144
3217,16603
3217,20497
3217,16799
3217,9069
3217,703
3217,21454
3217,18762
3217,4907
3217,20362
3217,17425
3217,7446
3217,12687
3217,2428
3217,8343
3217,19467
3217,21241
3217,10933
3217,20181
3217,12531
3217,21047
3217,10655
3217,17252
3217,20886
3217,20645
3217,8407
3217,19491
3217,11448
3217,19528
3217,8360
3217,24666
3217,15532
3217,6426
3217,3278
3217,9814
3217,13193
3217,5519
3217,20110
3217,21700
3217,2821
3217,17716
3217,17068
3217,19123
3217,8098
3217,4825
3217,24690
3217,16344
3217,6135
3217,19347
3217,21336
3217,16952
3217,8905
3217,3206
3217,10495
3217,9592
3217,13226
3217,8300
3217,4750
3217,16257
3217,8349
3217,702
3217,22465
3217,2700
3217,4608
3217,12315
3217,3601
3217,13079
3217,8949
3217,8450
3217,9033
3217,8178
3217,8630
3217,8403
3217,12544
3217,22761
3217,12696
3217,11
3217,19354
3217,12691
3217,5800
3217,17475
3217,13005
3217,23803
3217,8353
3217,140
3217,5524
3217,21354
3217,8447
3217,17612
3217,20545
3217,16694
3217,24824
3217,9016
3217,8733
3217,242
3217,8635
3217,8653
3217,5228
3217,3929
3217,21728
3217,5015
3217,12419
3217,5087
3217,21496
3217,20535
3217,20849
3217,20059
3217,21689
3217,17590
3217,16346
3217,17058
3217,3336
3217,22736
3217,20765
3217,21388
3217,21226
3217,8335
3217,2106
3217,3476
3217,3550
3217,10464
3217,8637
3217,20114
3217,16524
3217,20807
3218,21171
3218,8343
3219,5569
3219,3059
3219,3344
3220,10164
3221,1258
3222,20966
3223,15076
3223,21600
3224,18488
3225,1654
3226,22352
3226,5105
3226,1866
3226,24628
3226,5237
3226,5527
3226,702
3226,25243
3226,6454
3226,25123
3227,20486
3228,22834
3229,21310
3229,3258
3230,993
3230,11557
3231,6141
3231,7304
3231,10835
3232,21220
3233,22352
3233,5640
3234,12311
3235,7909
3235,11665
3236,3254
3237,6141
3238,6141
3238,7304
3239,16151
3239,175
3239,17668
3239,22039
3239,3357
3239,217
3239,3550
3240,22055
3240,8096
3240,21066
3241,703
3242,5401
3243,1268
3244,5999
3244,19525
3244,25254
3244,13201
3244,8658
3244,9887
3244,12528
3244,9119
3244,6774
3245,12302
3246,13269
3246,9071
3246,3357
3247,6462
3247,3293
3247,18719
3247,21491
3247,18216
3247,18855
3247,16116
3247,16151
3247,4129
3247,12598
3247,19706
3247,3304
3247,217
3247,20889
3247,10122
3247,5100
3247,18765
3247,3398
3247,287
3247,1274
3247,3492
3247,12353
3247,13238
3247,19400
3247,4638
3247,12077
3247,19768
3247,15794
3247,12783
3247,6940
3247,4880
3247,20932
3247,175
3247,19781
3247,19606
3247,25214
3247,8002
3247,3214
3247,20884
3247,8029
3247,10316
3247,7440
3247,18123
3247,7011
3247,15283
3247,13151
3247,17341
3247,19152
3247,22039
3247,8053
3247,3433
3247,8572
3247,20575
3247,25177
3247,18915
3247,5414
3247,20862
3247,15992
3248,3197
3249,8430
3249,13043
3249,21361
3249,16655
3249,21080
3249,21214
3249,250
3249,287
3249,15428
3249,13238
3249,3550
3249,21384
3249,19778
3249,5851
3249,21839
3249,17024
3250,1300
3250,1240
3250,8241
3250,15441
3250,3333
3250,6940
3250,19075
3250,12758
3250,16151
3250,175
3250,217
3250,3304
3250,3351
3250,4996
3250,3492
3250,13238
3250,19152
3250,16015
3250,6748
3250,19173
3250,17999
3250,3321
3250,5414
3250,21062
3251,14552
3251,702
3251,11557
3251,3550
3252,2689
3252,11665
3253,13229
3254,12390
3254,19907
3254,3188
3254,9889
3254,8258
3254,20620
3254,8343
3254,8156
3254,17754
3254,22310
3254,3716
3254,20530
3254,3236
3254,4917
3255,20791
3255,20844
3255,13250
3255,13229
3255,19520
3255,20704
3256,25283
3256,6885
3256,25144
3256,20832
3256,21092
3256,18455
3256,24897
3256,5123
3256,14361
3256,16428
3256,10096
3256,17796
3256,19001
3256,17920
3256,16224
3256,20951
3256,19889
3256,12688
3256,21489
3256,5560
3256,21257
3256,5944
3256,3534
3256,12357
3256,20874
3256,24894
3256,17719
3256,25120
3256,16009
3256,4369
3256,8869
3256,3320
3256,8792
3256,5709
3256,10135
3256,15646
3256,12554
3256,3357
3256,24594
3257,6141
3257,13490
3258,21445
3258,179
3258,20455
3258,20812
3258,15920
3258,8092
3258,9777
3258,8496
3258,9080
3258,13265
3258,11496
3258,5291
3258,13285
3258,9501
3258,24563
3258,16081
3258,1274
3258,2517
3258,12587
3258,5175
3258,8658
3258,7501
3258,25149
3258,1258
3258,330
3258,6872
3258,13192
3258,16031
3258,21100
3258,10027
3258,20639
3258,8547
3258,10110
3258,5951
3258,4861
3258,12949
3258,16775
3258,12877
3258,747
3258,20548
3258,6741
3258,13040
3258,15636
3258,4135
3258,20442
3258,19974
3258,10434
3258,16978
3258,20835
3258,15396
3258,5124
3258,18935
3258,15267
3258,19498
3258,10311
3258,5509
3258,12907
3258,18918
3258,5563
3258,19379
3258,13251
3258,13444
3258,17704
3258,3303
3258,8402
3258,18210
3258,5948
3258,7988
3258,5086
3258,4868
3258,9300
3258,1901
3258,4437
3258,5092
3258,9011
3258,3823
3258,20651
3258,8967
3258,4767
3258,6895
3258,5145
3258,5090
3258,16379
3258,10331
3258,24750
3258,6731
3258,18446
3258,14443
3258,6714
3258,13966
3258,22495
3258,17183
3258,20636
3258,3293
3258,11773
3258,2829
3258,19028
3258,681
3258,12770
3258,11113
3258,12957
3258,18286
3258,3304
3258,217
3258,6390
3258,9106
3258,16657
3258,21502
3258,15773
3258,2621
3258,6396
3258,5611
3258,5463
3258,8578
3258,9128
3258,15534
3258,10342
3258,4324
3258,6719
3258,1268
3258,24829
3258,8320
3258,9144
3258,13274
3258,8401
3258,6882
3258,8202
3258,8709
3258,22757
3258,4750
3258,702
3258,4785
3258,5589
3258,6013
3258,175
3258,13031
3258,8221
3258,6203
3258,6805
3258,8882
3258,388
3258,559
3258,5295
3258,16137
3258,20941
3258,16534
3258,17322
3258,20607
3258,4307
3258,15505
3258,4838
3258,25144
3258,6909
3258,19936
3258,5401
3258,25109
3258,23149
3258,22405
3258,15380
3258,5956
3258,12430
3258,8590
3258,20385
3258,287
3258,7909
3258,5512
3258,12307
3258,15132
3258,3843
3258,16717
3258,5386
3258,9270
3258,5706
3258,21648
3258,9305
3258,7304
3258,16035
3258,43
3258,16129
3258,350
3258,9084
3258,5866
3258,8076
3258,5431
3258,18662
3258,21981
3258,9211
3258,15704
3258,24779
3258,8561
3258,1104
3258,2915
3258,18590
3258,2853
3258,19616
3258,18908
3258,12849
3258,6763
3258,19752
3258,20752
3258,3652
3258,12322
3258,14362
3258,20761
3258,22206
3258,15686
3258,6080
3258,24777
3258,13227
3258,21699
3258,15944
3258,5616
3258,12970
3258,13238
3258,10125
3258,1281
3258,12722
3258,16511
3258,6006
3258,9071
3258,15831
3258,12223
3258,20528
3258,6771
3258,6454
3258,1240
3258,4881
3258,14619
3258,6111
3258,15413
3258,17705
3258,20711
3258,23205
3258,2612
3258,6662
3258,5550
3258,10087
3258,8431
3258,8953
3258,12288
3258,9102
3258,7133
3258,16572
3258,5823
3258,8817
3258,3357
3258,6462
3258,7970
3258,21310
3258,6952
3258,22278
3258,3820
3258,12313
3258,8723
3258,185
3258,24356
3258,25099
3258,8303
3258,24303
3258,19418
3258,20977
3258,7944
3258,25048
3258,10374
3258,5460
3258,3939
3258,6433
3258,5193
3258,367
3258,8779
3258,14493
3258,8923
3258,20622
3258,13801
3258,15560
3258,12716
3258,3562
3258,22197
3258,12875
3258,703
3258,11084
3258,12886
3258,1669
3258,20090
3258,3334
3258,20719
3258,6687
3258,15150
3258,10355
3258,15518
3258,16907
3258,210
3258,18236
3258,15341
3258,24972
3258,15437
3258,2687
3258,12704
3258,8552
3258,8422
3258,6649
3258,24721
3258,8528
3258,20316
3258,22823
3258,1902
3258,8930
3258,25221
3258,18483
3258,2498
3258,5211
3258,19265
3258,9089
3258,20826
3258,16172
3258,18748
3258,3653
3258,4540
3258,20680
3258,1884
3258,5393
3258,5639
3258,297
3258,24509
3258,9149
3258,12351
3258,19152
3258,6084
3258,12851
3258,16998
3258,708
3258,231
3258,5093
3258,8263
3258,294
3258,18717
3258,4522
3258,1300
3258,8408
3258,24786
3258,6831
3258,15735
3258,4511
3258,4630
3258,8003
3258,13012
3258,4559
3258,12787
3258,1836
3258,3229
3258,24941
3258,7019
3258,8807
3258,5487
3258,12338
3258,7619
3258,425
3258,10550
3258,8940
3258,3321
3258,20049
3258,22001
3258,13436
3258,7896
3258,6668
3258,8675
3258,15807
3258,20918
3258,9669
3258,9583
3258,15653
3258,6664
3258,4715
3258,5317
3258,4121
3258,5139
3258,12294
3258,23545
3258,24954
3258,3314
3258,2040
3258,16648
3258,10008
3258,10207
3258,3550
3258,16746
3258,9154
3258,20724
3258,13209
3259,8709
3260,15558
3260,3216
3261,3330
3262,10529
3262,15417
3262,15587
3262,12707
3262,3694
3262,21190
3262,12774
3262,8338
3262,8694
3262,15801
3262,22264
3262,7554
3262,20745
3262,9214
3262,12915
3263,9350
3263,1274
3263,14303
3263,8929
3263,175
3263,21365
3263,217
3263,15712
3264,8733
3265,8391
3266,1240
3266,287
3266,13238
3266,19396
3266,8284
3266,3550
3266,5418
3266,16151
3266,175
3266,5414
3266,3304
3266,217
3267,18841
3268,3352
3268,3317
3268,15532
3268,8483
3268,5496
3268,8412
3268,3278
3268,22315
3268,9111
3268,19502
3268,6864
3268,5461
3268,6821
3268,2119
3268,5568
3268,8616
3268,15836
3268,5434
3268,21415
3268,17383
3268,23038
3268,16034
3268,5831
3268,8624
3268,24937
3268,13079
3268,21627
3268,21450
3268,6904
3268,9163
3268,5430
3268,2855
3268,16461
3268,16692
3268,5800
3268,3344
3268,5227
3268,8353
3268,12417
3268,20598
3268,19487
3268,21354
3268,4753
3268,5481
3268,21296
3268,2118
3268,7467
3268,4732
3268,8733
3268,8399
3268,8942
3268,6869
3268,309
3268,2579
3268,8631
3268,9805
3268,19100
3268,5890
3268,8471
3268,12771
3268,6858
3268,3059
3268,20808
3268,12390
3268,3328
3268,9207
3268,9125
3268,5569
3268,9112
3269,21321
3270,21007
3270,6763
3270,20747
3270,21075
3270,8599
3270,740
3270,16202
3270,19161
3270,20973
3270,16233
3270,3304
3270,2165
3270,15747
3270,12638
3270,12955
3270,20820
3270,9073
3270,8464
3270,20146
3270,8235
3270,20959
3270,16162
3270,12469
3270,21116
3270,13184
3270,15554
3270,22251
3270,17608
3270,9041
3270,20746
3270,6666
3270,5907
3270,11995
3270,13019
3270,15715
3270,20982
3270,21135
3270,10307
3270,21035
3270,5025
3270,15608
3270,5207
3270,12651
3270,13146
3270,15530
3270,12364
3270,12516
3270,5115
3270,2595
3270,20555
3270,5610
3270,5718
3270,21712
3270,12515
3270,20943
3270,19893
3270,6876
3270,12552
3270,256
3270,20960
3270,4974
3270,21455
3270,16220
3270,6841
3271,993
3272,13490
3273,19951
3274,8939
3275,1760
3275,6668
3276,12875
3277,3817
3277,19430
3278,8564
3278,2849
3278,12959
3278,4949
3278,8483
3278,12623
3278,9899
3278,3268
3278,5496
3278,15935
3278,6783
3278,2821
3278,5538
3278,3217
3278,8558
3278,8516
3278,8242
3278,5461
3278,6821
3278,2119
3278,6859
3278,8332
3278,6732
3278,20656
3278,9592
3278,8300
3278,8906
3278,5434
3278,18922
3278,12315
3278,15732
3278,8378
3278,8424
3278,5132
3278,24740
3278,21157
3278,21450
3278,6904
3278,8226
3278,21863
3278,20664
3278,9033
3278,12791
3278,18074
3278,20631
3278,8403
3278,13203
3278,15894
3278,6881
3278,5430
3278,12696
3278,4896
3278,295
3278,25033
3278,5592
3278,12698
3278,9040
3278,13106
3278,13239
3278,2684
3278,4922
3278,5835
3278,24639
3278,21118
3278,13303
3278,140
3278,5524
3278,21354
3278,22082
3278,21296
3278,9393
3278,5450
3278,113
3278,15758
3278,20904
3278,242
3278,9331
3278,12419
3278,5015
3278,12655
3278,8394
3278,25309
3278,8264
3278,8642
3278,15659
3278,310
3278,20765
3278,20484
3278,5468
3278,9207
3278,12715
3278,5569
3278,2896
3278,13175
3278,21241
3278,12980
3278,8637
3278,9446
3278,5969
3278,13063
3278,13306
3278,8396
3279,12844
3279,3321
3280,5538
3281,3217
3282,19301
3283,6141
3284,18679
3284,13879
3285,20486
3286,993
3286,11557
3287,6141
3287,11665
3287,16815
3287,7304
3288,15757
3289,8585
3289,379
3290,3186
3291,11817
3292,8929
3292,15797
3292,5004
3292,7149
3293,6763
3293,24585
3293,6786
3293,20682
3293,12957
3293,19647
3293,21349
3293,3304
3293,217
3293,4723
3293,24854
3293,20775
3293,3247
3293,15528
3293,20269
3293,8452
3293,5542
3293,1274
3293,3258
3293,13238
3293,10133
3293,4324
3293,4638
3293,3595
3293,13171
3293,21172
3293,6821
3293,17396
3293,15424
3293,6454
3293,16248
3293,1240
3293,3748
3293,8990
3293,6940
3293,175
3293,8002
3293,12478
3293,20572
3293,16096
3293,20905
3293,3593
3293,9482
3293,19152
3293,21332
3293,11801
3293,5625
3293,7133
3293,20753
3293,5414
3293,8830
3293,25226
3293,3357
3293,5369
3293,1300
3293,15390
3293,21491
3293,18702
3293,5172
3293,16151
3293,16909
3293,19816
3293,2559
3293,2110
3293,8819
3293,287
3293,3492
3293,22632
3293,3321
3293,19486
3293,21367
3293,5470
3293,4807
3293,20348
3293,3322
3293,16793
3293,2068
3293,5421
3293,1972
3293,703
3293,3861
3293,12631
3293,20932
3293,21061
3293,5329
3293,21466
3293,12484
3293,100
3293,12835
3293,13121
3293,6835
3293,3550
3293,2915
3293,22401
3293,18214
3293,6840
3294,9150
3294,8435
3294,2117
3295,24963
3296,703
3296,3550
3297,3216
3298,702
3298,7019
3299,703
3299,3550
3300,22448
3300,19882
3301,23741
3301,8552
3301,12470
3301,20966
3301,184
3301,4122
3301,24575
3301,15688
3301,21138
3301,24085
3301,3304
3301,1222
3301,4756
3301,19030
3301,21071
3301,2498
3301,8848
3301,2517
3301,21485
3301,4324
3301,23048
3301,4638
3301,21435
3301,7735
3301,1240
3301,20324
3301,6940
3301,6414
3301,175
3301,8002
3301,20878
3301,4786
3301,19152
3301,5355
3301,5414
3301,4445
3301,4697
3301,294
3301,3348
3301,6462
3301,5526
3301,13220
3301,10073
3301,9431
3301,25282
3301,5401
3301,8152
3301,24237
3301,287
3301,3492
3301,17936
3301,24375
3301,8888
3301,118
3301,21934
3301,18102
3301,6445
3301,3562
3301,703
3301,17127
3301,6811
3301,5363
3301,12332
3301,23985
3301,10638
3301,21773
3301,5403
3301,3550
3301,2915
3301,210
3301,13779
3301,18168
3302,18719
3302,1300
3302,24820
3302,12126
3302,5752
3302,16116
3302,12502
3302,16151
3302,17668
3302,8703
3302,19706
3302,9054
3302,15528
3302,10142
3302,18765
3302,3398
3302,5236
3302,14560
3302,9196
3302,19717
3302,21225
3302,19790
3302,8175
3302,22254
3302,4880
3302,3017
3302,17651
3302,159
3302,14893
3302,19606
3302,9349
3302,1730
3302,21201
3302,8029
3302,8465
3302,18123
3302,17054
3302,13151
3302,9202
3302,18573
3302,2604
3302,5300
3302,109
3302,16124
3302,5570
3302,4521
3302,15992
3303,21310
3303,6763
3303,1240
3303,13048
3303,16005
3303,15562
3303,175
3303,12664
3303,12651
3303,18278
3303,15554
3303,8123
3303,12429
3303,4611
3303,3258
3303,20925
3303,12482
3303,16347
3303,12506
3303,5259
3303,24818
3303,3357
3303,16935
3303,7896
3303,12499
3304,18948
3304,560
3304,8435
3304,8092
3304,13185
3304,15533
3304,2819
3304,4590
3304,16632
3304,5635
3304,12638
3304,1274
3304,2904
3304,2517
3304,1786
3304,8658
3304,7501
3304,9133
3304,1837
3304,1258
3304,12323
3304,4789
3304,5251
3304,8333
3304,21196
3304,22221
3304,20474
3304,18408
3304,15636
3304,4135
3304,20641
3304,8474
3304,8427
3304,15396
3304,12929
3304,7474
3304,9109
3304,10311
3304,813
3304,24693
3304,25106
3304,15421
3304,15536
3304,8433
3304,7427
3304,8190
3304,8409
3304,15601
3304,13251
3304,7988
3304,8145
3304,3492
3304,25276
3304,4437
3304,2138
3304,2382
3304,9212
3304,12777
3304,3787
3304,8448
3304,9174
3304,6328
3304,8967
3304,8643
3304,4767
3304,14595
3304,12553
3304,250
3304,5090
3304,4717
3304,554
3304,20933
3304,8423
3304,6731
3304,9064
3304,5651
3304,16401
3304,391
3304,8742
3304,3293
3304,15558
3304,2829
3304,681
3304,20805
3304,8360
3304,8855
3304,12957
3304,8122
3304,2487
3304,217
3304,3247
3304,12671
3304,16216
3304,8764
3304,787
3304,9265
3304,5463
3304,19868
3304,4324
3304,4638
3304,9144
3304,1268
3304,9010
3304,17744
3304,14892
3304,8709
3304,19319
3304,22514
3304,11909
3304,21203
3304,16884
3304,8929
3304,5589
3304,702
3304,8305
3304,175
3304,13031
3304,10801
3304,8469
3304,8221
3304,8002
3304,24964
3304,8882
3304,12751
3304,11538
3304,20941
3304,12624
3304,20677
3304,1127
3304,7903
3304,8521
3304,8976
3304,238
3304,16266
3304,20466
3304,4182
3304,6909
3304,19936
3304,5401
3304,25097
3304,5870
3304,16151
3304,23149
3304,25287
3304,12430
3304,3628
3304,8590
3304,4903
3304,8840
3304,287
3304,21399
3304,13268
3304,12307
3304,5540
3304,2352
3304,6838
3304,17913
3304,13102
3304,43
3304,13286
3304,16129
3304,350
3304,5152
3304,5431
3304,8076
3304,5395
3304,10006
3304,3328
3304,5428
3304,2875
3304,15704
3304,1104
3304,9097
3304,12653
3304,8561
3304,2915
3304,4726
3304,20004
3304,8684
3304,2857
3304,6763
3304,12512
3304,25233
3304,15514
3304,14362
3304,21070
3304,24952
3304,6080
3304,15170
3304,10505
3304,25091
3304,2097
3304,3258
3304,13128
3304,13238
3304,19033
3304,2518
3304,8566
3304,12223
3304,6454
3304,22213
3304,6788
3304,1240
3304,6806
3304,6111
3304,6940
3304,15413
3304,15624
3304,8455
3304,1141
3304,6662
3304,8173
3304,25311
3304,8431
3304,5571
3304,16536
3304,7133
3304,138
3304,9029
3304,23394
3304,21114
3304,5823
3304,3357
3304,3210
3304,13190
3304,5526
3304,6462
3304,3301
3304,2120
3304,6269
3304,13050
3304,12714
3304,3250
3304,3957
3304,15599
3304,12621
3304,6179
3304,5460
3304,6854
3304,8069
3304,13769
3304,5391
3304,10328
3304,5661
3304,15590
3304,8969
3304,8804
3304,21393
3304,6129
3304,12875
3304,703
3304,17251
3304,8196
3304,19645
3304,3334
3304,20506
3304,23505
3304,9357
3304,6540
3304,21410
3304,13278
3304,8343
3304,578
3304,5569
3304,15518
3304,9194
3304,8211
3304,24680
3304,17027
3304,2604
3304,210
3304,5389
3304,2687
3304,15291
3304,5298
3304,861
3304,853
3304,17218
3304,25075
3304,20635
3304,2406
3304,16134
3304,13284
3304,2117
3304,8738
3304,8528
3304,19299
3304,3915
3304,1121
3304,1902
3304,22823
3304,8730
3304,16087
3304,1201
3304,21386
3304,8583
3304,2498
3304,12369
3304,20774
3304,21435
3304,24962
3304,3558
3304,12650
3304,5623
3304,21467
3304,8751
3304,1291
3304,21503
3304,9146
3304,20744
3304,16215
3304,12009
3304,25153
3304,24953
3304,24731
3304,23353
3304,514
3304,5805
3304,19152
3304,5137
3304,20815
3304,5414
3304,1300
3304,21844
3304,6831
3304,6696
3304,4630
3304,13302
3304,25290
3304,16277
3304,21845
3304,23343
3304,13515
3304,11609
3304,12338
3304,19549
3304,9043
3304,15662
3304,20494
3304,10550
3304,13194
3304,25095
3304,3321
3304,16268
3304,11165
3304,20049
3304,13038
3304,22774
3304,5154
3304,7995
3304,6775
3304,6668
3304,8675
3304,5248
3304,9319
3304,8342
3304,20612
3304,353
3304,1854
3304,6725
3304,15362
3304,5306
3304,16080
3304,21223
3304,14810
3304,3314
3304,2201
3304,16648
3304,3550
3304,4948
3304,21218
3304,5411
3304,14548
3304,3266
3304,3270
3305,7809
3305,3850
3305,15584
3305,287
3305,1240
3305,22260
3305,3550
3305,22182
3305,9922
3305,175
3306,15558
3307,6747
3307,5607
3308,12264
3308,1300
3308,8997
3308,22033
3308,25352
3308,15561
3308,8522
3308,5620
3308,16151
3308,20148
3308,13076
3308,4723
3308,16176
3308,16181
3308,20093
3308,17215
3308,21332
3308,11801
3308,22632
3308,21202
3308,5378
3308,21172
3308,15689
3308,6454
3309,1300
3309,100
3309,5542
3309,18532
3309,9121
3309,4651
3309,16412
3309,3890
3309,18591
3310,13125
3310,8718
3311,6141
3312,23542
3313,8471
3313,20486
3314,21007
3314,16178
3314,20893
3314,21851
3314,20643
3314,24782
3314,3304
3314,15832
3314,15982
3314,12429
3314,5737
3314,3258
3314,16895
3314,8728
3314,12364
3314,5872
3314,5173
3314,5259
3314,4713
3314,24806
3314,15482
3314,6454
3314,7896
3314,12499
3314,15516
3314,15716
3314,308
3314,16005
3314,13254
3314,175
3314,5267
3314,8979
3314,5503
3314,18278
3314,4409
3314,12975
3314,8598
3314,4654
3314,4741
3314,24781
3314,9736
3314,16220
3315,1956
3316,15831
3317,6783
3317,5569
3317,8371
3317,15836
3317,3344
3317,20817
3317,20818
3317,3268
3317,16034
3318,6141
3318,11665
3319,19963
3319,3550
3320,12688
3320,3256
3321,18948
3321,560
3321,13065
3321,21445
3321,15517
3321,20938
3321,4590
3321,2819
3321,1548
3321,8939
3321,4629
3321,17326
3321,5474
3321,9139
3321,19235
3321,25039
3321,2517
3321,23048
3321,9187
3321,15496
3321,1258
3321,2707
3321,24910
3321,5647
3321,224
3321,5484
3321,5609
3321,24607
3321,24703
3321,12479
3321,16775
3321,12889
3321,3574
3321,24087
3321,8007
3321,20548
3321,436
3321,15636
3321,10081
3321,2871
3321,5604
3321,9515
3321,16152
3321,17597
3321,9382
3321,10073
3321,10496
3321,20557
3321,12629
3321,9670
3321,8021
3321,5563
3321,7816
3321,3801
3321,18696
3321,16165
3321,5128
3321,12311
3321,8197
3321,8579
3321,13454
3321,10335
3321,19591
3321,4762
3321,19074
3321,2398
3321,8203
3321,21462
3321,5447
3321,20263
3321,5935
3321,9499
3321,19943
3321,686
3321,8448
3321,8967
3321,12425
3321,20609
3321,315
3321,8290
3321,20698
3321,4381
3321,12332
3321,554
3321,16379
3321,6731
3321,5818
3321,15896
3321,5185
3321,19625
3321,8374
3321,12511
3321,24710
3321,3293
3321,18535
3321,12888
3321,12477
3321,681
3321,2130
3321,12957
3321,20964
3321,18286
3321,22692
3321,11706
3321,20900
3321,3304
3321,16657
3321,17823
3321,11714
3321,15468
3321,21058
3321,4878
3321,21162
3321,22782
3321,16449
3321,8565
3321,24916
3321,10342
3321,4638
3321,8758
3321,12626
3321,6719
3321,2591
3321,1268
3321,24875
3321,8401
3321,7644
3321,12292
3321,4587
3321,22446
3321,19319
3321,899
3321,15452
3321,16278
3321,16108
3321,702
3321,8929
3321,6856
3321,175
3321,8221
3321,8697
3321,8035
3321,20941
3321,13863
3321,12895
3321,17643
3321,4838
3321,10100
3321,24658
3321,22117
3321,23149
3321,3213
3321,13016
3321,4903
3321,287
3321,15490
3321,17923
3321,12307
3321,5512
3321,5006
3321,17808
3321,9391
3321,5028
3321,25193
3321,4647
3321,5540
3321,12303
3321,1088
3321,4513
3321,11857
3321,24774
3321,7739
3321,21022
3321,9305
3321,5556
3321,16207
3321,8628
3321,16525
3321,350
3321,19004
3321,7778
3321,8340
3321,3746
3321,21495
3321,8561
3321,24779
3321,18438
3321,2915
3321,16459
3321,4539
3321,12414
3321,6879
3321,17629
3321,18404
3321,5459
3321,6763
3321,13234
3321,10523
3321,9138
3321,18107
3321,11114
3321,24952
3321,16631
3321,8388
3321,5783
3321,13223
3321,9584
3321,3258
3321,13238
3321,13647
3321,8919
3321,15607
3321,9809
3321,9930
3321,8968
3321,15571
3321,6454
3321,4889
3321,8446
3321,16816
3321,1240
3321,15624
3321,12947
3321,6662
3321,16366
3321,9395
3321,2861
3321,5392
3321,2236
3321,7133
3321,13131
3321,5730
3321,5691
3321,6140
3321,8350
3321,3357
3321,12858
3321,6462
3321,6905
3321,25110
3321,20571
3321,15621
3321,15780
3321,20839
3321,8560
3321,3250
3321,4351
3321,12400
3321,24303
3321,19418
3321,15599
3321,9005
3321,17464
3321,19597
3321,8834
3321,8069
3321,19443
3321,12969
3321,22326
3321,11849
3321,14493
3321,8754
3321,13801
3321,10573
3321,23541
3321,5618
3321,24920
3321,3562
3321,12685
3321,12492
3321,12875
3321,9507
3321,703
3321,16372
3321,12886
3321,25154
3321,1669
3321,3334
3321,25069
3321,15150
3321,8413
3321,6540
3321,17709
3321,21436
3321,17214
3321,15518
3321,8168
3321,23499
3321,8247
3321,210
3321,18236
3321,6908
3321,2687
3321,15858
3321,3279
3321,853
3321,12339
3321,17218
3321,20601
3321,20635
3321,9238
3321,13531
3321,12335
3321,15705
3321,13263
3321,9657
3321,24990
3321,1902
3321,22823
3321,165
3321,19836
3321,25221
3321,20854
3321,12061
3321,24957
3321,1937
3321,23245
3321,8583
3321,2498
3321,5211
3321,20774
3321,10970
3321,18625
3321,21180
3321,22299
3321,3558
3321,10607
3321,20459
3321,9036
3321,9170
3321,17445
3321,16367
3321,4540
3321,8927
3321,6678
3321,12432
3321,6346
3321,25181
3321,5972
3321,12351
3321,16096
3321,14454
3321,21193
3321,24725
3321,8273
3321,20815
3321,9953
3321,3885
3321,10688
3321,15500
3321,294
3321,14117
3321,5765
3321,8272
3321,21143
3321,1300
3321,8903
3321,24786
3321,24636
3321,15735
3321,13012
3321,4535
3321,13302
3321,3788
3321,20562
3321,3629
3321,120
3321,24941
3321,7019
3321,12338
3321,7619
3321,4924
3321,7643
3321,6823
3321,20547
3321,8940
3321,6775
3321,7995
3321,5225
3321,6668
3321,9189
3321,9100
3321,20722
3321,17799
3321,21013
3321,10264
3321,288
3321,1854
3321,16017
3321,10209
3321,4649
3321,9801
3321,18468
3321,9164
3321,4121
3321,12942
3321,15373
3321,10008
3321,3550
3321,5411
3321,13195
3321,13055
3321,13209
3321,22868
3322,703
3322,3293
3323,9010
3324,5409
3325,8929
3325,3357
3325,6454
3326,5569
3327,21339
3327,8789
3328,21205
3328,8729
3328,21220
3328,12977
3328,14877
3328,8360
3328,3268
3328,3304
3328,217
3328,3351
3328,7946
3328,22027
3328,21032
3328,9141
3328,13250
3328,9258
3328,17068
3328,9010
3328,4100
3328,6668
3328,322
3328,9663
3328,17590
3328,175
3328,25230
3328,14059
3328,22250
3328,19178
3328,20563
3328,11939
3328,1270
3328,19152
3328,3550
3328,22525
3328,9048
3328,15896
3328,7891
3328,5969
3328,9861
3329,10587
3330,21279
3330,15440
3330,15854
3330,21229
3330,703
3330,702
3330,24736
3330,5017
3330,15415
3330,8125
3330,3261
3330,15765
3330,22497
3330,3550
3330,9129
3330,8542
3330,5327
3331,1300
3331,21407
3331,4549
3331,20938
3331,5160
3331,4874
3331,8929
3331,175
3331,19311
3331,24793
3331,18466
3331,4640
3331,8080
3331,19062
3331,5851
3331,10058
3332,22928
3333,3250
3334,1300
3334,6763
3334,6321
3334,16151
3334,175
3334,2122
3334,217
3334,3304
3334,287
3334,3258
3334,12860
3334,5512
3334,13238
3334,1104
3334,3321
3334,5414
3334,3357
3335,7304
3336,3217
3337,2587
3337,6668
3338,25064
3339,6141
3340,8066
3340,19430
3341,3518
3341,8230
3341,8276
3341,329
3341,8239
3341,5589
3341,15954
3341,17745
3341,8045
3341,10642
3341,8101
3341,874
3341,8426
3341,21210
3341,21187
3341,5157
3341,2808
3341,6791
3341,21266
3341,12304
3341,12590
3342,13250
3343,3138
3343,11557
3344,322
3344,1300
3344,2849
3344,3317
3344,2684
3344,3219
3344,175
3344,3268
3344,217
3344,3059
3344,5524
3344,5569
3344,2896
3344,20486
3344,5538
3344,9895
3344,2604
3344,5432
3344,4896
3344,16461
3345,24592
3345,21100
3345,5948
3345,4033
3345,15654
3345,20977
3345,5711
3345,6673
3345,6940
3345,8656
3345,21938
3345,17411
3345,122
3345,21368
3345,9154
3345,9010
3346,7909
3347,1956
3348,15966
3348,703
3348,8221
3348,6662
3348,3301
3349,8782
3350,8792
3351,3328
3351,3250
3352,3268
3353,16204
3353,20567
3353,24921
3353,24625
3353,286
3353,9562
3353,13446
3353,243
3353,21026
3353,25248
3353,334
3353,12957
3353,25262
3353,6814
3353,20761
3353,25141
3353,12320
3353,21028
3353,15634
3353,15549
3353,24581
3353,8118
3353,20967
3353,15938
3353,13160
3353,21408
3353,5986
3353,10287
3353,20749
3353,5921
3353,16789
3353,118
3353,20976
3353,20785
3353,9053
3353,21469
3353,15609
3353,20907
3353,5772
3353,18716
3353,3935
3353,16374
3353,25268
3353,9110
3353,8337
3353,15811
3353,9370
3353,9076
3353,22109
3353,13138
3353,9468
3353,21954
3353,16
3353,19433
3353,16384
3353,8689
3353,21224
3354,18679
3355,6923
3356,6472
3357,11003
3357,21156
3357,4545
3357,13500
3357,8435
3357,6626
3357,19068
3357,13185
3357,18833
3357,20666
3357,6573
3357,10356
3357,20713
3357,6460
3357,10362
3357,21641
3357,1274
3357,6850
3357,20007
3357,20738
3357,23685
3357,2517
3357,3402
3357,1786
3357,8658
3357,5920
3357,17146
3357,12606
3357,11208
3357,19093
3357,4789
3357,3958
3357,23410
3357,2552
3357,1163
3357,18991
3357,3325
3357,13123
3357,12949
3357,12479
3357,6912
3357,11735
3357,21189
3357,18653
3357,11052
3357,14341
3357,12261
3357,11352
3357,10769
3357,4359
3357,20835
3357,102
3357,9209
3357,12629
3357,10762
3357,16917
3357,7205
3357,11214
3357,14611
3357,18696
3357,14509
3357,11428
3357,19497
3357,13491
3357,14485
3357,6528
3357,9986
3357,3303
3357,1189
3357,19289
3357,5068
3357,21462
3357,3787
3357,8448
3357,10865
3357,595
3357,24367
3357,6328
3357,3239
3357,11870
3357,4658
3357,20076
3357,14174
3357,3458
3357,15193
3357,565
3357,8423
3357,12330
3357,18783
3357,22916
3357,12750
3357,13932
3357,10806
3357,15190
3357,9192
3357,7392
3357,9
3357,23469
3357,13811
3357,24710
3357,2034
3357,14063
3357,18535
3357,22443
3357,13446
3357,2908
3357,12957
3357,18286
3357,4037
3357,13906
3357,7860
3357,23366
3357,12928
3357,11304
3357,14669
3357,7915
3357,8578
3357,611
3357,19831
3357,4638
3357,11684
3357,20138
3357,9010
3357,10754
3357,6984
3357,12733
3357,8768
3357,1420
3357,11202
3357,16804
3357,20428
3357,11589
3357,11715
3357,19042
3357,15569
3357,19604
3357,18448
3357,20378
3357,559
3357,12181
3357,6222
3357,11437
3357,19020
3357,19558
3357,14822
3357,24319
3357,3708
3357,17643
3357,10468
3357,16583
3357,13408
3357,13507
3357,117
3357,13846
3357,11021
3357,12408
3357,8721
3357,13723
3357,1805
3357,23319
3357,17116
3357,22939
3357,7425
3357,19701
3357,16225
3357,492
3357,22822
3357,13286
3357,14637
3357,3214
3357,23028
3357,19445
3357,21322
3357,3606
3357,20783
3357,22957
3357,372
3357,17968
3357,13125
3357,11708
3357,6763
3357,8222
3357,6353
3357,21207
3357,9584
3357,3528
3357,5669
3357,15831
3357,9722
3357,15571
3357,20745
3357,6771
3357,10617
3357,6111
3357,18490
3357,13136
3357,14289
3357,16443
3357,2224
3357,20924
3357,14251
3357,16656
3357,138
3357,12601
3357,11977
3357,22049
3357,6140
3357,8270
3357,8060
3357,11772
3357,3599
3357,7502
3357,11923
3357,14470
3357,5714
3357,15873
3357,19917
3357,16568
3357,19230
3357,6221
3357,23867
3357,22224
3357,2596
3357,19418
3357,10374
3357,15900
3357,2990
3357,10592
3357,5193
3357,367
3357,7406
3357,14493
3357,14003
3357,8969
3357,10353
3357,4312
3357,23514
3357,16456
3357,8852
3357,14794
3357,312
3357,8343
3357,12112
3357,9168
3357,4633
3357,21607
3357,10728
3357,2687
3357,16975
3357,17218
3357,2406
3357,10662
3357,6182
3357,1171
3357,2117
3357,24721
3357,20282
3357,14746
3357,15335
3357,15803
3357,7350
3357,25280
3357,19030
3357,352
3357,742
3357,13010
3357,18773
3357,2708
3357,22299
3357,11842
3357,10825
3357,7234
3357,21233
3357,20680
3357,23495
3357,24619
3357,14961
3357,16163
3357,16986
3357,7855
3357,4010
3357,599
3357,10851
3357,8191
3357,23401
3357,9157
3357,1346
3357,16806
3357,11330
3357,19898
3357,13333
3357,767
3357,21875
3357,6483
3357,13386
3357,8587
3357,19398
3357,1147
3357,15309
3357,16473
3357,20097
3357,1554
3357,8682
3357,9447
3357,9474
3357,24843
3357,13012
3357,8003
3357,18964
3357,19809
3357,8012
3357,15703
3357,7019
3357,14928
3357,10934
3357,7266
3357,11777
3357,21077
3357,19389
3357,3127
3357,10550
3357,12077
3357,22522
3357,23017
3357,15807
3357,8894
3357,16510
3357,22292
3357,9087
3357,15594
3357,17185
3357,4715
3357,23067
3357,13725
3357,23545
3357,19067
3357,17169
3357,8603
3357,812
3357,8809
3357,15171
3357,24078
3357,19856
3357,20812
3357,2966
3357,4590
3357,5302
3357,9839
3357,24939
3357,14324
3357,8687
3357,18431
3357,3480
3357,21804
3357,15955
3357,6872
3357,13192
3357,12990
3357,12323
3357,6732
3357,15915
3357,8839
3357,10027
3357,5961
3357,12110
3357,14628
3357,18492
3357,5558
3357,19564
3357,21000
3357,7797
3357,15636
3357,10434
3357,7220
3357,12084
3357,25023
3357,14744
3357,10311
3357,17365
3357,10913
3357,5563
3357,19686
3357,8037
3357,20116
3357,12962
3357,16909
3357,11169
3357,7058
3357,2676
3357,12391
3357,12702
3357,15730
3357,3739
3357,141
3357,24233
3357,9212
3357,21929
3357,13648
3357,15464
3357,17166
3357,20536
3357,8643
3357,11661
3357,23988
3357,12553
3357,4717
3357,6586
3357,6731
3357,6990
3357,4356
3357,12531
3357,8391
3357,15352
3357,3293
3357,18889
3357,14501
3357,21268
3357,23250
3357,19171
3357,14092
3357,2715
3357,10398
3357,10929
3357,12770
3357,14743
3357,22562
3357,12671
3357,20061
3357,15989
3357,15205
3357,5463
3357,17335
3357,15534
3357,20221
3357,12179
3357,12489
3357,18488
3357,8709
3357,1351
3357,15410
3357,17181
3357,3080
3357,702
3357,8305
3357,996
3357,8277
3357,12780
3357,21708
3357,10914
3357,15566
3357,9498
3357,8014
3357,20677
3357,19199
3357,20607
3357,8019
3357,249
3357,3980
3357,11348
3357,4182
3357,19530
3357,10764
3357,25097
3357,10668
3357,2777
3357,6323
3357,14397
3357,7707
3357,22827
3357,19656
3357,12373
3357,14559
3357,15969
3357,14212
3357,4647
3357,15840
3357,21537
3357,17055
3357,9122
3357,242
3357,3246
3357,20861
3357,19385
3357,19292
3357,14679
3357,5780
3357,9536
3357,11097
3357,22996
3357,14145
3357,8561
3357,14910
3357,22524
3357,8255
3357,4726
3357,24852
3357,21919
3357,8219
3357,18512
3357,3592
3357,14360
3357,22259
3357,1409
3357,20461
3357,2153
3357,14601
3357,5697
3357,21735
3357,1436
3357,10125
3357,715
3357,7923
3357,7447
3357,11430
3357,2854
3357,7137
3357,19327
3357,14262
3357,13327
3357,15413
3357,17705
3357,14990
3357,5636
3357,2806
3357,25311
3357,15642
3357,6168
3357,12169
3357,6300
3357,15512
3357,13447
3357,22515
3357,40
3357,9032
3357,16626
3357,13610
3357,10693
3357,23394
3357,19751
3357,21139
3357,7056
3357,6286
3357,7741
3357,12461
3357,3781
3357,21123
3357,11367
3357,8845
3357,4740
3357,2120
3357,15053
3357,971
3357,185
3357,13807
3357,15948
3357,13434
3357,11006
3357,7271
3357,12400
3357,18380
3357,7394
3357,6179
3357,19182
3357,7415
3357,18510
3357,6433
3357,21479
3357,12969
3357,14046
3357,13380
3357,11216
3357,11956
3357,22377
3357,1619
3357,13989
3357,12089
3357,16354
3357,3562
3357,3896
3357,6129
3357,703
3357,1669
3357,16468
3357,8196
3357,8369
3357,19360
3357,23505
3357,4033
3357,16755
3357,14132
3357,13847
3357,6567
3357,210
3357,24975
3357,24972
3357,12616
3357,8116
3357,14752
3357,15291
3357,861
3357,12761
3357,4690
3357,1813
3357,16155
3357,6939
3357,25075
3357,6583
3357,5565
3357,22535
3357,11016
3357,10336
3357,13963
3357,20966
3357,7149
3357,11681
3357,6455
3357,14603
3357,16437
3357,298
3357,15593
3357,14610
3357,22200
3357,2498
3357,2627
3357,10488
3357,15937
3357,6098
3357,24232
3357,14479
3357,18704
3357,9676
3357,4566
3357,15849
3357,20058
3357,9146
3357,13910
3357,16215
3357,6678
3357,18960
3357,5498
3357,1387
3357,23353
3357,25181
3357,12272
3357,18567
3357,10312
3357,25169
3357,24725
3357,15273
3357,7089
3357,231
3357,23243
3357,18486
3357,17368
3357,3702
3357,13890
3357,17319
3357,8903
3357,764
3357,23339
3357,14295
3357,3256
3357,6831
3357,21905
3357,20618
3357,8944
3357,794
3357,11187
3357,20767
3357,8048
3357,10643
3357,157
3357,7619
3357,18852
3357,6585
3357,13681
3357,23427
3357,6393
3357,22774
3357,15958
3357,6668
3357,6974
3357,16156
3357,23317
3357,9319
3357,11408
3357,15929
3357,7943
3357,13829
3357,21072
3357,4121
3357,12294
3357,3550
3357,10479
3357,19159
3357,22868
3357,560
3357,2279
3357,6315
3357,786
3357,207
3357,8806
3357,8913
3357,15698
3357,6985
3357,23006
3357,12732
3357,21234
3357,17205
3357,6689
3357,586
3357,20001
3357,11267
3357,1948
3357,13842
3357,3668
3357,21780
3357,1258
3357,24003
3357,24415
3357,6326
3357,13489
3357,2914
3357,12130
3357,18566
3357,8547
3357,22362
3357,1718
3357,17022
3357,20934
3357,11790
3357,18688
3357,24109
3357,3763
3357,10521
3357,25027
3357,227
3357,6636
3357,6861
3357,10995
3357,7474
3357,5124
3357,7030
3357,3886
3357,5509
3357,4514
3357,4914
3357,13721
3357,8559
3357,15601
3357,10462
3357,12311
3357,12884
3357,2000
3357,2500
3357,13316
3357,7620
3357,20521
3357,4299
3357,14787
3357,10954
3357,7152
3357,15864
3357,19934
3357,15144
3357,13964
3357,16587
3357,6005
3357,20792
3357,13374
3357,315
3357,13646
3357,17358
3357,7803
3357,6835
3357,22204
3357,11225
3357,6913
3357,12028
3357,11237
3357,12511
3357,22490
3357,7343
3357,7810
3357,14455
3357,23039
3357,16400
3357,3304
3357,12295
3357,18887
3357,24879
3357,14655
3357,11791
3357,20881
3357,11916
3357,19025
3357,16190
3357,14056
3357,10285
3357,16638
3357,1435
3357,788
3357,4944
3357,22514
3357,10309
3357,21415
3357,8929
3357,14934
3357,4785
3357,12343
3357,17182
3357,15034
3357,8221
3357,7900
3357,10800
3357,1216
3357,23373
3357,8882
3357,13757
3357,14245
3357,21540
3357,6375
3357,10419
3357,14729
3357,19805
3357,8094
3357,6474
3357,4838
3357,14206
3357,14134
3357,18940
3357,18469
3357,11282
3357,5870
3357,16098
3357,5399
3357,13016
3357,10455
3357,22426
3357,11574
3357,5512
3357,14023
3357,11998
3357,8733
3357,12972
3357,10945
3357,21865
3357,13547
3357,6497
3357,7785
3357,8994
3357,13858
3357,6716
3357,2111
3357,8781
3357,22255
3357,7791
3357,7748
3357,24779
3357,6971
3357,13077
3357,567
3357,22399
3357,15217
3357,1209
3357,7382
3357,5990
3357,14362
3357,17285
3357,12393
3357,19963
3357,6080
3357,14913
3357,8765
3357,19599
3357,11375
3357,9448
3357,3258
3357,22626
3357,3217
3357,10692
3357,8785
3357,16053
3357,1240
3357,14619
3357,13791
3357,19070
3357,15717
3357,12809
3357,13449
3357,7396
3357,8576
3357,23719
3357,22891
3357,10396
3357,14266
3357,13913
3357,5392
3357,7133
3357,5730
3357,5050
3357,9029
3357,11854
3357,7225
3357,2616
3357,22638
3357,15102
3357,3135
3357,16447
3357,12714
3357,22970
3357,15185
3357,12123
3357,13009
3357,18756
3357,12514
3357,14001
3357,24783
3357,5063
3357,17059
3357,22963
3357,21440
3357,14986
3357,24640
3357,7830
3357,1371
3357,13979
3357,17175
3357,22059
3357,18487
3357,12875
3357,10317
3357,1983
3357,25015
3357,19853
3357,9357
3357,20283
3357,8168
3357,3901
3357,16907
3357,19219
3357,20887
3357,15172
3357,14823
3357,2276
3357,20329
3357,14237
3357,23544
3357,20332
3357,14939
3357,602
3357,10824
3357,15993
3357,25229
3357,20316
3357,2075
3357,15234
3357,16091
3357,16442
3357,15961
3357,24932
3357,16441
3357,12038
3357,14712
3357,11152
3357,11144
3357,2530
3357,19661
3357,7330
3357,5069
3357,360
3357,10339
3357,11307
3357,2947
3357,8269
3357,21803
3357,21056
3357,15163
3357,514
3357,15752
3357,16407
3357,6657
3357,15404
3357,21328
3357,7151
3357,10348
3357,13695
3357,7261
3357,8649
3357,21985
3357,10449
3357,13798
3357,13537
3357,11105
3357,20038
3357,22821
3357,294
3357,14042
3357,1300
3357,17439
3357,17779
3357,14677
3357,16203
3357,21845
3357,12025
3357,13047
3357,2882
3357,2638
3357,11891
3357,13332
3357,19938
3357,3738
3357,19549
3357,495
3357,70
3357,6849
3357,23132
3357,22325
3357,6867
3357,10961
3357,3321
3357,12497
3357,13038
3357,21890
3357,21461
3357,23023
3357,14905
3357,11427
3357,12667
3357,19095
3357,12080
3357,17314
3357,10808
3357,14136
3357,20386
3357,1440
3357,6190
3357,20215
3357,24726
3357,19131
3357,19807
3357,10460
3357,20724
3357,13768
3357,13339
3357,14954
3357,6280
3357,2774
3357,7989
3357,11045
3357,14735
3357,18707
3357,16081
3357,18805
3357,16360
3357,19179
3357,22352
3357,14840
3357,9830
3357,2141
3357,24910
3357,20474
3357,9386
3357,11220
3357,18485
3357,15367
3357,5073
3357,4040
3357,13868
3357,24638
3357,6900
3357,17089
3357,11856
3357,18984
3357,11687
3357,15396
3357,11179
3357,19099
3357,25043
3357,24787
3357,18962
3357,13619
3357,795
3357,22930
3357,1971
3357,16165
3357,14584
3357,24674
3357,14396
3357,20831
3357,15383
3357,13454
3357,11449
3357,22967
3357,12291
3357,15007
3357,2382
3357,5632
3357,11399
3357,6866
3357,16774
3357,16446
3357,21178
3357,5090
3357,20933
3357,16379
3357,11404
3357,440
3357,6509
3357,16560
3357,25131
3357,1576
3357,11910
3357,873
3357,499
3357,8893
3357,18753
3357,22997
3357,856
3357,16335
3357,5079
3357,15558
3357,6518
3357,19028
3357,2829
3357,21473
3357,6786
3357,11493
3357,8360
3357,20576
3357,21887
3357,7779
3357,15678
3357,6390
3357,217
3357,12378
3357,18796
3357,18916
3357,6396
3357,4702
3357,16962
3357,13411
3357,10342
3357,6860
3357,7834
3357,24829
3357,8401
3357,19818
3357,14012
3357,18549
3357,11909
3357,11167
3357,10797
3357,175
3357,9855
3357,20156
3357,7912
3357,13916
3357,1220
3357,12973
3357,16197
3357,5295
3357,10608
3357,1908
3357,6773
3357,18491
3357,13707
3357,6431
3357,10361
3357,2816
3357,9840
3357,24388
3357,24649
3357,5725
3357,5401
3357,13365
3357,18961
3357,23149
3357,16693
3357,22682
3357,5066
3357,12646
3357,16717
3357,13990
3357,17001
3357,20022
3357,10537
3357,25207
3357,1907
3357,13102
3357,16525
3357,8076
3357,5431
3357,9143
3357,13400
3357,7919
3357,15827
3357,12717
3357,2915
3357,2545
3357,11644
3357,15358
3357,20916
3357,7399
3357,8677
3357,11057
3357,12849
3357,24157
3357,21911
3357,22790
3357,13731
3357,7080
3357,12520
3357,22983
3357,15170
3357,6622
3357,15690
3357,12981
3357,14920
3357,8328
3357,541
3357,6453
3357,13647
3357,18650
3357,22841
3357,6103
3357,22563
3357,12223
3357,16881
3357,177
3357,13116
3357,6454
3357,6068
3357,12183
3357,12794
3357,443
3357,6806
3357,11814
3357,20075
3357,21341
3357,13561
3357,13650
3357,4537
3357,1886
3357,16177
3357,3591
3357,20961
3357,82
3357,12389
3357,3046
3357,13962
3357,24673
3357,793
3357,3210
3357,8688
3357,20173
3357,6462
3357,22594
3357,14964
3357,22278
3357,8723
3357,14768
3357,24356
3357,25098
3357,17308
3357,15134
3357,16619
3357,2934
3357,11929
3357,4776
3357,6216
3357,4928
3357,7282
3357,16573
3357,8069
3357,11848
3357,9283
3357,20002
3357,25216
3357,722
3357,6060
3357,21393
3357,12685
3357,18094
3357,16772
3357,12886
3357,25040
3357,12180
3357,1349
3357,10010
3357,3334
3357,2093
3357,10355
3357,6131
3357,21052
3357,13534
3357,12415
3357,9194
3357,10807
3357,1445
3357,5389
3357,22386
3357,2632
3357,1278
3357,9508
3357,19804
3357,12135
3357,22435
3357,16734
3357,11890
3357,11083
3357,19109
3357,1947
3357,7423
3357,7387
3357,3706
3357,8681
3357,22330
3357,3558
3357,24570
3357,10795
3357,9036
3357,16813
3357,4540
3357,1291
3357,22015
3357,24868
3357,16868
3357,22586
3357,15510
3357,20402
3357,23661
3357,16798
3357,14128
3357,7454
3357,18925
3357,11664
3357,21471
3357,16998
3357,13217
3357,11796
3357,13988
3357,17117
3357,5036
3357,71
3357,17152
3357,14538
3357,14711
3357,13820
3357,15991
3357,6233
3357,7712
3357,15194
3357,12114
3357,7925
3357,5994
3357,15539
3357,1989
3357,11949
3357,7995
3357,7367
3357,7297
3357,13344
3357,8997
3357,16725
3357,15541
3357,11993
3357,1860
3357,6365
3357,16856
3357,19266
3357,21573
3357,19288
3357,7229
3357,4
3357,12961
3357,7381
3357,13209
3357,19707
3358,3787
3358,18303
3359,6821
3360,3022
3360,6510
3360,2041
3360,6328
3360,853
3361,4238
3361,7019
3361,3550
3362,23384
3363,7838
3363,1240
3364,3663
3364,9305
3364,9382
3365,702
3365,1240
3366,3179
3367,6597
3368,993
3368,3138
3369,6763
3370,3379
3370,3378
3371,3379
3371,3378
3372,3194
3372,3186
3372,19170
3373,6141
3373,18679
3374,16815
3375,23149
3376,7909
3377,14260
3378,3379
3378,3371
3378,3370
3379,702
3379,3371
3379,3378
3379,3370
3380,210
3380,7133
3381,294
3382,11557
3382,1643
3383,4762
3383,7714
3384,6856
3385,16151
3386,14260
3386,16630
3387,993
3387,11557
3388,16301
3389,19402
3389,4324
3390,2915
3390,702
3390,1240
3390,7019
3391,2573
3392,14260
3392,18748
3393,19095
3393,3550
3394,23353
3395,10835
3396,12303
3397,25249
3398,3302
3398,3247
3399,8049
3399,6506
3400,6080
3401,10453
3402,2545
3402,102
3402,3357
3403,6462
3403,6597
3404,1643
3405,16815
3405,7304
3406,3197
3407,5848
3408,3186
3409,12553
3410,18748
3410,16815
3411,6141
3411,16815
3412,6141
3412,3048
3413,11557
3414,17127
3414,6472
3415,1214
3416,23149
3416,3550
3417,6141
3418,11140
3419,18748
3420,16098
3420,13238
3421,16815
3422,6569
3423,8221
3424,9122
3425,11956
3425,294
3426,8585
3427,24786
3427,20563
3428,14517
3428,8407
3429,102
3429,10610
3429,294
3430,14260
3431,5569
3431,5430
3432,294
3433,1258
3433,3247
3434,8698
3435,16244
3435,24786
3435,20563
3436,8673
3437,3217
3437,20486
3438,12742
3439,9051
3440,6141
3440,6430
3440,11341
3441,21190
3441,13107
3442,15695
3443,702
3444,8417
3445,3186
3446,17998
3446,8247
3447,22774
3447,7133
3448,12254
3448,24538
3448,7008
3448,1240
3448,13731
3448,24689
3448,21919
3448,7203
3449,7019
3450,3598
3450,11665
3451,11687
3451,210
3451,10491
3451,19152
3452,14260
3453,6984
3454,3171
3455,18593
3455,8152
3455,14001
3455,18735
3456,1240
3456,7019
3456,14743
3456,7133
3457,19549
3458,3357
3458,6849
3459,1240
3459,7133
3460,7579
3461,16125
3461,21220
3462,14260
3463,10230
3463,15413
3463,18180
3463,18411
3463,24161
3463,23713
3463,23676
3463,2498
3463,18423
3463,2517
3463,2915
3463,4638
3463,4783
3463,9681
3463,17422
3463,24507
3463,4250
3464,6909
3465,10365
3465,13761
3465,6389
3465,10491
3465,702
3465,8064
3465,8136
3465,14794
3466,702
3467,9089
3468,15413
3469,703
3469,5401
3469,702
3470,21385
3470,15773
3471,12881
3472,2252
3473,3539
3474,12742
3475,6046
3476,24740
3476,3217
3477,20024
3478,12500
3479,20635
3480,11687
3480,210
3480,175
3480,10632
3480,3357
3480,24416
3481,15413
3482,702
3482,22743
3483,175
3484,6791
3485,8152
3486,8221
3487,2857
3487,2687
3488,12553
3489,18128
3489,2908
3490,7019
3491,9122
3492,21156
3492,4545
3492,8092
3492,16532
3492,1703
3492,4590
3492,13265
3492,8366
3492,16235
3492,7599
3492,9226
3492,10615
3492,1274
3492,14000
3492,23685
3492,15759
3492,2904
3492,13903
3492,2517
3492,8658
3492,15445
3492,1786
3492,9133
3492,14675
3492,864
3492,1258
3492,6872
3492,12990
3492,6326
3492,12323
3492,16031
3492,3596
3492,4810
3492,4789
3492,8839
3492,10027
3492,11581
3492,3742
3492,8547
3492,6406
3492,10110
3492,9120
3492,17495
3492,23540
3492,20548
3492,12175
3492,4135
3492,20641
3492,20835
3492,7474
3492,20496
3492,12084
3492,15267
3492,22242
3492,12629
3492,813
3492,13721
3492,23052
3492,20647
3492,12677
3492,7796
3492,18183
3492,4004
3492,13454
3492,21841
3492,10101
3492,17654
3492,12860
3492,9300
3492,4610
3492,12391
3492,22967
3492,4437
3492,2138
3492,4762
3492,18443
3492,5923
3492,9212
3492,686
3492,8448
3492,6328
3492,8967
3492,4658
3492,4767
3492,13646
3492,16131
3492,19263
3492,14209
3492,5090
3492,9264
3492,554
3492,8423
3492,6457
3492,6731
3492,13932
3492,9064
3492,16560
3492,9192
3492,10700
3492,16059
3492,5651
3492,16335
3492,12788
3492,3293
3492,15558
3492,18535
3492,9926
3492,2829
3492,4137
3492,681
3492,12957
3492,8122
3492,12898
3492,5410
3492,217
3492,6390
3492,3304
3492,12881
3492,15773
3492,3247
3492,11727
3492,18916
3492,787
3492,5463
3492,4324
3492,2900
3492,4638
3492,8320
3492,1268
3492,9010
3492,18782
3492,19818
3492,1681
3492,7644
3492,14892
3492,8709
3492,22757
3492,6853
3492,1795
3492,702
3492,8929
3492,5589
3492,175
3492,6013
3492,13031
3492,8469
3492,8002
3492,8221
3492,23859
3492,19042
3492,6667
3492,7553
3492,8882
3492,559
3492,20941
3492,10613
3492,20677
3492,5504
3492,11510
3492,9222
3492,6141
3492,16266
3492,4838
3492,6474
3492,4182
3492,6909
3492,25042
3492,5401
3492,5870
3492,16151
3492,16098
3492,1643
3492,23149
3492,12408
3492,3213
3492,10455
3492,8880
3492,287
3492,7909
3492,17923
3492,12307
3492,5356
3492,11920
3492,23931
3492,8818
3492,20022
3492,9506
3492,3933
3492,9305
3492,4761
3492,11405
3492,43
3492,13102
3492,16538
3492,7785
3492,350
3492,13247
3492,3214
3492,18043
3492,22996
3492,5428
3492,8561
3492,15187
3492,24779
3492,5237
3492,2545
3492,2915
3492,4726
3492,22399
3492,3606
3492,5590
3492,18404
3492,10950
3492,3721
3492,17343
3492,6763
3492,22790
3492,9117
3492,6673
3492,25233
3492,3884
3492,10491
3492,22206
3492,20461
3492,6080
3492,9925
3492,2648
3492,11173
3492,9584
3492,13238
3492,8919
3492,7386
3492,4622
3492,735
3492,9809
3492,19195
3492,9071
3492,15831
3492,21789
3492,20528
3492,22904
3492,14384
3492,24943
3492,6771
3492,4516
3492,6454
3492,6068
3492,12794
3492,2983
3492,6806
3492,6111
3492,6940
3492,15413
3492,6373
3492,7618
3492,18735
3492,7576
3492,20407
3492,6662
3492,10095
3492,24635
3492,12169
3492,9849
3492,9395
3492,12635
3492,13913
3492,13447
3492,2236
3492,20486
3492,7133
3492,9032
3492,12601
3492,6140
3492,5588
3492,3210
3492,9943
3492,6462
3492,4005
3492,8860
3492,4740
3492,22654
3492,8845
3492,3301
3492,5714
3492,5467
3492,24356
3492,9931
3492,3250
3492,12714
3492,14260
3492,23034
3492,4636
3492,6216
3492,20977
3492,7783
3492,6847
3492,6179
3492,6433
3492,8069
3492,367
3492,13769
3492,5391
3492,14493
3492,6846
3492,2858
3492,13979
3492,12716
3492,7066
3492,8805
3492,12481
3492,12492
3492,3562
3492,6129
3492,24588
3492,703
3492,2712
3492,10283
3492,22276
3492,1669
3492,4571
3492,1983
3492,16340
3492,585
3492,23505
3492,12390
3492,7172
3492,6540
3492,9357
3492,578
3492,5569
3492,8343
3492,8530
3492,8168
3492,24680
3492,9194
3492,5389
3492,14391
3492,15437
3492,8116
3492,15291
3492,861
3492,853
3492,25075
3492,8552
3492,6598
3492,9238
3492,24044
3492,25229
3492,22613
3492,22823
3492,1902
3492,19430
3492,298
3492,19030
3492,1937
3492,6296
3492,21285
3492,2498
3492,2627
3492,9681
3492,1785
3492,22299
3492,6646
3492,4566
3492,18748
3492,24692
3492,2530
3492,16299
3492,1291
3492,22265
3492,20680
3492,9146
3492,25153
3492,18635
3492,25181
3492,21803
3492,8191
3492,23353
3492,15767
3492,19152
3492,6084
3492,708
3492,1961
3492,8649
3492,5414
3492,294
3492,9052
3492,22821
3492,8587
3492,4522
3492,9151
3492,1300
3492,6831
3492,10786
3492,6696
3492,13302
3492,16277
3492,21845
3492,15436
3492,7925
3492,5487
3492,5994
3492,5584
3492,11609
3492,729
3492,19549
3492,7619
3492,6867
3492,8940
3492,13681
3492,12077
3492,11165
3492,13038
3492,22774
3492,6775
3492,17710
3492,6668
3492,9230
3492,6321
3492,12933
3492,9319
3492,650
3492,8342
3492,704
3492,1330
3492,4363
3492,11868
3492,8898
3492,23545
3492,16714
3492,8275
3492,3550
3492,23308
3492,5134
3492,5411
3492,9154
3492,6191
3493,5714
3494,17124
3495,7019
3495,3550
3496,702
3496,7019
3497,6141
3497,6506
3498,5615
3499,19341
3499,5607
3500,12886
3500,25099
3501,8221
3502,13125
3503,7019
3504,18581
3504,6161
3504,8515
3505,16125
3506,1240
3506,7019
3506,22656
3506,14944
3507,2554
3508,12390
3508,24627
3509,5463
3510,17124
3511,12969
3511,5618
3512,12390
3512,260
3513,3550
3514,175
3515,2849
3516,16337
3517,6013
3518,3341
3519,20486
3520,287
3521,16171
3522,20486
3523,5944
3524,19887
3525,5312
3526,1240
3526,7019
3527,12390
3528,3357
3529,4988
3529,9404
3530,2579
3531,1765
3532,21489
3533,5611
3534,3256
3535,5211
3536,25348
3537,8552
3537,9117
3538,5569
3539,2289
3539,3473
3539,5989
3540,5401
3540,6740
3541,12390
3541,20486
3542,2288
3542,4022
3543,2252
3544,21415
3544,24639
3545,2289
3545,4022
3545,6044
3545,2317
3546,19211
3547,1804
3548,6911
3549,6504
3549,279
3549,8419
3550,560
3550,4545
3550,19890
3550,207
3550,5007
3550,20380
3550,1288
3550,11496
3550,6573
3550,14519
3550,10356
3550,1915
3550,1274
3550,11267
3550,15754
3550,2517
3550,14918
3550,8016
3550,1049
3550,22558
3550,8099
3550,1258
3550,14114
3550,21780
3550,13006
3550,19223
3550,11310
3550,8515
3550,3596
3550,10319
3550,13790
3550,13489
3550,23314
3550,21196
3550,19167
3550,929
3550,11825
3550,13968
3550,14347
3550,11922
3550,15613
3550,22099
3550,5142
3550,21319
3550,14999
3550,4196
3550,697
3550,3495
3550,11071
3550,20246
3550,24991
3550,12046
3550,25277
3550,8474
3550,20442
3550,7474
3550,6514
3550,20557
3550,23105
3550,4514
3550,13721
3550,13638
3550,18696
3550,8152
3550,15601
3550,16949
3550,17223
3550,1388
3550,3771
3550,7796
3550,11821
3550,24881
3550,20112
3550,8049
3550,15071
3550,22456
3550,13815
3550,17648
3550,23054
3550,13384
3550,18612
3550,18631
3550,4299
3550,14090
3550,6214
3550,2975
3550,3787
3550,13964
3550,12281
3550,16005
3550,3239
3550,4658
3550,3887
3550,1917
3550,21498
3550,20698
3550,19837
3550,1927
3550,19470
3550,8423
3550,2135
3550,10481
3550,10806
3550,21765
3550,9192
3550,12979
3550,22710
3550,7251
3550,22204
3550,10849
3550,22845
3550,863
3550,24562
3550,17012
3550,2416
3550,3956
3550,4395
3550,20805
3550,13446
3550,20358
3550,20570
3550,815
3550,12957
3550,10298
3550,7860
3550,6633
3550,3304
3550,13906
3550,24879
3550,420
3550,16216
3550,14088
3550,22782
3550,15938
3550,19025
3550,19572
3550,4638
3550,9010
3550,14881
3550,11004
3550,6984
3550,223
3550,8086
3550,19785
3550,8768
3550,6874
3550,6304
3550,22603
3550,11589
3550,12182
3550,3060
3550,8221
3550,23595
3550,16815
3550,19042
3550,6248
3550,3319
3550,8882
3550,23246
3550,559
3550,12181
3550,18923
3550,5625
3550,6222
3550,17917
3550,22627
3550,23838
3550,19020
3550,15256
3550,6141
3550,21264
3550,14414
3550,25111
3550,13271
3550,18855
3550,16918
3550,16151
3550,6963
3550,14977
3550,2048
3550,16430
3550,10726
3550,12221
3550,12430
3550,25220
3550,5399
3550,22959
3550,15522
3550,2724
3550,287
3550,4946
3550,13056
3550,5512
3550,2116
3550,17295
3550,16614
3550,2709
3550,21521
3550,20962
3550,8733
3550,3654
3550,2352
3550,6710
3550,7739
3550,18972
3550,24406
3550,7145
3550,2678
3550,7785
3550,13425
3550,3361
3550,14637
3550,16240
3550,22308
3550,5848
3550,11843
3550,20765
3550,20172
3550,580
3550,1812
3550,13818
3550,15704
3550,21495
3550,1653
3550,7791
3550,15461
3550,1104
3550,7748
3550,21883
3550,20004
3550,19410
3550,6763
3550,19610
3550,12567
3550,12997
3550,11557
3550,3186
3550,21474
3550,14362
3550,19090
3550,12734
3550,12393
3550,11114
3550,6353
3550,22206
3550,19181
3550,11173
3550,2293
3550,9584
3550,168
3550,3258
3550,9448
3550,12970
3550,3217
3550,20208
3550,1891
3550,15831
3550,9722
3550,15571
3550,16633
3550,4433
3550,2195
3550,13361
3550,7379
3550,16816
3550,1240
3550,12867
3550,16421
3550,5136
3550,10359
3550,6307
3550,6111
3550,6940
3550,642
3550,13791
3550,19070
3550,10854
3550,13111
3550,5240
3550,7396
3550,15078
3550,14202
3550,10087
3550,23894
3550,24582
3550,13913
3550,7133
3550,138
3550,5534
3550,9029
3550,6140
3550,11854
3550,7225
3550,8270
3550,3357
3550,6513
3550,22148
3550,11923
3550,3301
3550,22654
3550,23641
3550,5714
3550,19917
3550,5648
3550,2577
3550,6221
3550,12714
3550,22970
3550,8660
3550,927
3550,16393
3550,24303
3550,18756
3550,15599
3550,14001
3550,1161
3550,5063
3550,12007
3550,5193
3550,17059
3550,24640
3550,19010
3550,6846
3550,14003
3550,14493
3550,5661
3550,15590
3550,17379
3550,12716
3550,16060
3550,12875
3550,4312
3550,2712
3550,4449
3550,1800
3550,3296
3550,8852
3550,3664
3550,18744
3550,21337
3550,6687
3550,12168
3550,11563
3550,16472
3550,15271
3550,5857
3550,23422
3550,7846
3550,25258
3550,19219
3550,15518
3550,8211
3550,9168
3550,19170
3550,2276
3550,2687
3550,24884
3550,23393
3550,16634
3550,19382
3550,1471
3550,18608
3550,1994
3550,14301
3550,7352
3550,2117
3550,8738
3550,14746
3550,24990
3550,23029
3550,17293
3550,21372
3550,13970
3550,16087
3550,22999
3550,11887
3550,18563
3550,5613
3550,16441
3550,7162
3550,3829
3550,11152
3550,22299
3550,18736
3550,6571
3550,11630
3550,22382
3550,23495
3550,22556
3550,25270
3550,1437
3550,5393
3550,18730
3550,24731
3550,10851
3550,18804
3550,21803
3550,11457
3550,514
3550,450
3550,5051
3550,24752
3550,11746
3550,10348
3550,21893
3550,708
3550,17150
3550,5414
3550,4582
3550,11105
3550,20038
3550,294
3550,22048
3550,1300
3550,16097
3550,17779
3550,9474
3550,4559
3550,22728
3550,120
3550,21845
3550,23343
3550,16246
3550,7019
3550,14313
3550,1267
3550,10934
3550,10665
3550,19780
3550,19505
3550,18882
3550,13957
3550,3321
3550,20049
3550,5154
3550,11855
3550,10303
3550,23771
3550,21461
3550,13273
3550,15262
3550,22567
3550,10836
3550,16510
3550,6321
3550,4634
3550,19480
3550,22373
3550,1914
3550,9045
3550,12916
3550,6664
3550,678
3550,21834
3550,10808
3550,22212
3550,14136
3550,5652
3550,3176
3550,14357
3550,20356
3550,9417
3550,23545
3550,12903
3550,5064
3550,16714
3550,2078
3550,15171
3550,10460
3550,20646
3550,6891
3550,6191
3550,20426
3550,21878
3550,11467
3550,18750
3550,22178
3550,8092
3550,15783
3550,5333
3550,2819
3550,2300
3550,4590
3550,7557
3550,14735
3550,23003
3550,3416
3550,58
3550,19183
3550,15759
3550,2904
3550,1184
3550,8687
3550,18431
3550,20405
3550,13667
3550,22900
3550,1837
3550,12323
3550,19179
3550,23168
3550,2077
3550,7257
3550,24055
3550,10027
3550,5251
3550,18437
3550,8379
3550,18901
3550,19088
3550,14883
3550,15744
3550,3579
3550,7884
3550,1626
3550,14199
3550,22450
3550,24638
3550,14829
3550,11856
3550,4135
3550,14734
3550,22591
3550,7231
3550,7978
3550,13704
3550,16658
3550,12084
3550,3066
3550,10311
3550,1765
3550,13691
3550,813
3550,3043
3550,16660
3550,10913
3550,12962
3550,13251
3550,14584
3550,14758
3550,21841
3550,13454
3550,9732
3550,19682
3550,16913
3550,3492
3550,1099
3550,4437
3550,7085
3550,21219
3550,23161
3550,11767
3550,7756
3550,16849
3550,16446
3550,21929
3550,23347
3550,6994
3550,13101
3550,8643
3550,8290
3550,16839
3550,12553
3550,8058
3550,13142
3550,21499
3550,4717
3550,19643
3550,20933
3550,16944
3550,6472
3550,4355
3550,5651
3550,13378
3550,499
3550,4231
3550,12531
3550,6297
3550,13208
3550,23148
3550,5079
3550,3293
3550,14546
3550,2829
3550,6518
3550,6786
3550,22765
3550,681
3550,8360
3550,16359
3550,11113
3550,7779
3550,9035
3550,22754
3550,15543
3550,15678
3550,6390
3550,18916
3550,20061
3550,22156
3550,14060
3550,20035
3550,5916
3550,104
3550,6651
3550,7322
3550,11783
3550,4434
3550,13274
3550,8401
3550,14896
3550,1681
3550,24164
3550,21352
3550,8575
3550,23142
3550,11082
3550,8709
3550,4044
3550,19319
3550,22814
3550,7771
3550,702
3550,14745
3550,175
3550,14940
3550,10914
3550,11538
3550,16826
3550,21619
3550,20941
3550,1426
3550,3249
3550,20677
3550,6431
3550,22141
3550,11510
3550,1127
3550,5603
3550,1004
3550,2339
3550,15181
3550,19753
3550,16266
3550,14995
3550,7357
3550,24388
3550,1002
3550,11689
3550,5401
3550,19245
3550,11065
3550,4903
3550,7342
3550,13792
3550,7909
3550,12307
3550,10650
3550,5066
3550,11920
3550,11366
3550,15943
3550,21757
3550,14253
3550,5540
3550,4387
3550,19486
3550,9122
3550,17055
3550,9331
3550,8867
3550,21948
3550,22168
3550,17380
3550,14286
3550,9305
3550,502
3550,3173
3550,20449
3550,6130
3550,1857
3550,6327
3550,16129
3550,21584
3550,16066
3550,8777
3550,5431
3550,860
3550,5395
3550,8076
3550,3328
3550,7
3550,1753
3550,18667
3550,6380
3550,8561
3550,427
3550,2915
3550,12717
3550,18590
3550,8255
3550,4726
3550,11580
3550,20916
3550,4781
3550,10779
3550,10490
3550,12849
3550,7296
3550,13355
3550,23594
3550,24157
3550,5615
3550,6187
3550,14360
3550,18888
3550,6637
3550,14834
3550,3513
3550,14168
3550,12177
3550,15170
3550,20222
3550,2097
3550,14649
3550,3251
3550,3299
3550,21703
3550,13238
3550,7923
3550,18810
3550,7386
3550,15660
3550,14590
3550,14502
3550,22563
3550,2518
3550,12223
3550,15589
3550,6454
3550,10896
3550,12183
3550,21827
3550,25062
3550,6068
3550,4881
3550,2983
3550,6806
3550,4584
3550,758
3550,13322
3550,10601
3550,3393
3550,23542
3550,20569
3550,22202
3550,14819
3550,24117
3550,16403
3550,2861
3550,2454
3550,11652
3550,22501
3550,12597
3550,1214
3550,15580
3550,22515
3550,13610
3550,19751
3550,5823
3550,9753
3550,13962
3550,3210
3550,11509
3550,18693
3550,7056
3550,6462
3550,3781
3550,23996
3550,2120
3550,185
3550,16545
3550,24356
3550,11402
3550,24746
3550,18449
3550,18458
3550,14260
3550,13262
3550,6433
3550,8897
3550,8069
3550,12969
3550,5234
3550,22044
3550,7066
3550,16354
3550,1280
3550,3562
3550,703
3550,21176
3550,1669
3550,22106
3550,8196
3550,12180
3550,16068
3550,20870
3550,2285
3550,10243
3550,7519
3550,578
3550,9194
3550,1870
3550,12415
3550,841
3550,11128
3550,210
3550,5995
3550,13046
3550,21600
3550,2667
3550,24899
3550,7202
3550,2632
3550,15202
3550,1278
3550,1813
3550,6939
3550,11016
3550,5081
3550,23942
3550,2193
3550,8056
3550,6455
3550,12598
3550,22823
3550,13972
3550,16736
3550,7475
3550,12244
3550,298
3550,14610
3550,8583
3550,2498
3550,5211
3550,23352
3550,11521
3550,16036
3550,1252
3550,278
3550,11947
3550,3558
3550,4566
3550,19540
3550,1903
3550,1233
3550,23100
3550,4540
3550,22015
3550,7025
3550,6405
3550,16215
3550,16743
3550,12009
3550,3152
3550,18524
3550,19972
3550,16252
3550,13382
3550,6185
3550,1387
3550,12351
3550,21017
3550,23848
3550,6022
3550,6707
3550,13879
3550,22526
3550,14179
3550,11796
3550,14378
3550,17319
3550,24786
3550,14295
3550,23339
3550,6831
3550,17152
3550,5553
3550,20618
3550,15880
3550,4630
3550,16277
3550,5230
3550,1923
3550,17389
3550,18677
3550,11609
3550,11583
3550,23191
3550,15804
3550,6906
3550,13194
3550,922
3550,3330
3550,16352
3550,22482
3550,5734
3550,7995
3550,22385
3550,6668
3550,8675
3550,8997
3550,3743
3550,5209
3550,16725
3550,14946
3550,11993
3550,2744
3550,17302
3550,3832
3550,21370
3550,1239
3550,13578
3550,19239
3550,3305
3550,8898
3550,23053
3550,10911
3550,21652
3550,22174
3550,16648
3550,16810
3550,4502
3550,18886
3550,10482
3550,13195
3550,24465
3550,3266
3550,6892
3551,4903
3552,11557
3553,4753
3554,17374
3555,3903
3556,7019
3557,20486
3558,2829
3558,6794
3558,22453
3558,14362
3558,19356
3558,2501
3558,8147
3558,6080
3558,22823
3558,15170
3558,3304
3558,2097
3558,2153
3558,2648
3558,2621
3558,9265
3558,6783
3558,2498
3558,2517
3558,1281
3558,4324
3558,9681
3558,1785
3558,12223
3558,4566
3558,6454
3558,6788
3558,4789
3558,6940
3558,11645
3558,15413
3558,1131
3558,14278
3558,7576
3558,6805
3558,2620
3558,6797
3558,14302
3558,15566
3558,7474
3558,3357
3558,6462
3558,10311
3558,4182
3558,4514
3558,23709
3558,11609
3558,19549
3558,5512
3558,113
3558,3321
3558,4310
3558,12655
3558,9319
3558,9506
3558,6328
3558,43
3558,4649
3558,4717
3558,8076
3558,11868
3558,23505
3558,6540
3558,2624
3558,14304
3558,4356
3558,3550
3558,2915
3558,210
3558,4726
3558,15291
3558,861
3558,853
3559,13250
3559,20745
3560,9122
3561,9122
3562,13339
3562,10918
3562,19698
3562,20417
3562,7952
3562,14692
3562,7542
3562,16399
3562,11908
3562,1439
3562,10362
3562,13750
3562,22672
3562,11948
3562,1274
3562,14938
3562,11171
3562,7060
3562,15625
3562,13197
3562,23056
3562,6778
3562,18472
3562,16540
3562,2329
3562,3596
3562,23110
3562,23207
3562,12068
3562,13790
3562,20429
3562,12130
3562,22133
3562,12054
3562,14664
3562,23596
3562,23272
3562,6406
3562,1488
3562,25346
3562,916
3562,11790
3562,16321
3562,2887
3562,14171
3562,10782
3562,7797
3562,11191
3562,4526
3562,19913
3562,4135
3562,17089
3562,11856
3562,16871
3562,11687
3562,7474
3562,13622
3562,12863
3562,20496
3562,10888
3562,13704
3562,6588
3562,19761
3562,12084
3562,4209
3562,1577
3562,13914
3562,14744
3562,10751
3562,12629
3562,1533
3562,21623
3562,2248
3562,10913
3562,2198
3562,7816
3562,13176
3562,18696
3562,11383
3562,16165
3562,18666
3562,3771
3562,14396
3562,4285
3562,393
3562,11313
3562,23461
3562,13289
3562,1166
3562,3492
3562,22967
3562,4294
3562,4437
3562,2721
3562,637
3562,13474
3562,23124
3562,11074
3562,10275
3562,686
3562,571
3562,10909
3562,13964
3562,6994
3562,24156
3562,2925
3562,8967
3562,12806
3562,11456
3562,14082
3562,10695
3562,4717
3562,7992
3562,565
3562,14054
3562,12750
3562,7803
3562,15901
3562,22021
3562,1929
3562,5651
3562,2607
3562,7460
3562,1446
3562,10834
3562,956
3562,14524
3562,18535
3562,11831
3562,2829
3562,11068
3562,7852
3562,6196
3562,14871
3562,1611
3562,14743
3562,22993
3562,5463
3562,17335
3562,7364
3562,22284
3562,20241
3562,19025
3562,3048
3562,4638
3562,6719
3562,12179
3562,7918
3562,1312
3562,24164
3562,6145
3562,14718
3562,13930
3562,19841
3562,22757
3562,4944
3562,13628
3562,15829
3562,534
3562,19122
3562,702
3562,175
3562,14745
3562,12182
3562,8221
3562,8002
3562,796
3562,10270
3562,23517
3562,10914
3562,18720
3562,22982
3562,23098
3562,20941
3562,12181
3562,14926
3562,22198
3562,11696
3562,442
3562,19020
3562,2835
3562,10468
3562,21534
3562,11692
3562,4182
3562,10906
3562,5770
3562,10557
3562,2681
3562,5401
3562,1692
3562,11844
3562,2437
3562,13329
3562,13016
3562,11574
3562,12250
3562,287
3562,15197
3562,5512
3562,10599
3562,23287
3562,7239
3562,10986
3562,8129
3562,11857
3562,6350
3562,11622
3562,1411
3562,12086
3562,594
3562,15573
3562,12105
3562,7739
3562,14859
3562,12678
3562,11623
3562,16225
3562,12045
3562,19453
3562,7785
3562,16525
3562,17013
3562,15918
3562,13346
3562,22555
3562,8076
3562,16720
3562,451
3562,5428
3562,11185
3562,13400
3562,11846
3562,22836
3562,15461
3562,11644
3562,2915
3562,687
3562,19658
3562,23377
3562,15050
3562,11580
3562,6371
3562,22365
3562,20020
3562,6763
3562,22859
3562,22790
3562,16019
3562,1328
3562,10566
3562,2954
3562,8500
3562,17268
3562,11114
3562,15180
3562,6353
3562,15170
3562,11050
3562,11329
3562,10951
3562,22926
3562,8133
3562,3258
3562,11324
3562,16685
3562,7923
3562,22301
3562,6441
3562,17315
3562,12150
3562,18731
3562,14502
3562,15571
3562,13417
3562,17249
3562,1574
3562,6454
3562,12183
3562,17364
3562,14725
3562,2456
3562,1240
3562,13730
3562,6111
3562,13791
3562,14592
3562,23072
3562,8159
3562,11013
3562,804
3562,2036
3562,2100
3562,1886
3562,10856
3562,4134
3562,22244
3562,14726
3562,20486
3562,7133
3562,16626
3562,10919
3562,6140
3562,6970
3562,24673
3562,3357
3562,6462
3562,6286
3562,18892
3562,10673
3562,19142
3562,19734
3562,22654
3562,3301
3562,12290
3562,2710
3562,6819
3562,13540
3562,6862
3562,1680
3562,14260
3562,24303
3562,24368
3562,7950
3562,19597
3562,7415
3562,2399
3562,12007
3562,12420
3562,1537
3562,14986
3562,22326
3562,14807
3562,5640
3562,13769
3562,6655
3562,11058
3562,634
3562,11874
3562,23541
3562,22068
3562,12117
3562,7105
3562,13379
3562,6129
3562,703
3562,16228
3562,18851
3562,1669
3562,13701
3562,7738
3562,19148
3562,1983
3562,12180
3562,13592
3562,2093
3562,6540
3562,19978
3562,6246
3562,7452
3562,2813
3562,15672
3562,19731
3562,578
3562,13534
3562,14207
3562,12112
3562,8168
3562,2284
3562,210
3562,7217
3562,10831
3562,2632
3562,861
3562,652
3562,853
3562,11587
3562,11642
3562,12041
3562,7352
3562,16342
3562,10694
3562,7171
3562,6455
3562,7401
3562,21856
3562,15335
3562,14746
3562,653
3562,20316
3562,7350
3562,23029
3562,2474
3562,19030
3562,16761
3562,2812
3562,24856
3562,16389
3562,2024
3562,20202
3562,22330
3562,1682
3562,7188
3562,20259
3562,22299
3562,3999
3562,11540
3562,11842
3562,2982
3562,12015
3562,2530
3562,20996
3562,16977
3562,25210
3562,1673
3562,22955
3562,1291
3562,16567
3562,6424
3562,13984
3562,14961
3562,9146
3562,14239
3562,16215
3562,12043
3562,7611
3562,23408
3562,13771
3562,18801
3562,6151
3562,7283
3562,12196
3562,15782
3562,17021
3562,19740
3562,411
3562,13879
3562,20326
3562,8120
3562,10518
3562,10293
3562,11796
3562,1896
3562,15215
3562,11435
3562,15146
3562,294
3562,11371
3562,13953
3562,17319
3562,10296
3562,1300
3562,15309
3562,1354
3562,14422
3562,14339
3562,13012
3562,11805
3562,22072
3562,15015
3562,18964
3562,20013
3562,21845
3562,23343
3562,23232
3562,22681
3562,7019
3562,11609
3562,729
3562,692
3562,6557
3562,7619
3562,22600
3562,20342
3562,3321
3562,21852
3562,11151
3562,459
3562,22774
3562,10912
3562,5734
3562,7367
3562,833
3562,18755
3562,19702
3562,6355
3562,24978
3562,1330
3562,15967
3562,14991
3562,12222
3562,18967
3562,678
3562,2997
3562,13583
3562,1305
3562,9801
3562,18597
3562,13578
3562,13718
3562,4121
3562,14152
3562,23545
3562,10911
3562,19923
3562,21564
3562,16810
3562,3550
3562,19807
3562,2740
3562,15250
3562,5200
3562,14742
3562,6429
3562,16641
3562,13621
3562,13768
3562,19420
3563,12390
3564,9211
3565,20805
3565,24710
3566,8247
3567,1240
3567,10971
3568,24924
3569,17124
3570,21744
3571,12311
3572,1240
3572,7019
3573,17124
3574,1274
3574,18882
3574,9300
3574,703
3574,2915
3574,4767
3574,5401
3574,4638
3574,702
3574,8929
3574,3321
3574,2687
3574,7019
3574,2820
3574,7475
3575,12773
3576,175
3576,1240
3577,18581
3578,17643
3579,15224
3579,3550
3580,12616
3581,10478
3581,7914
3582,1291
3583,3702
3583,4601
3584,18060
3585,702
3585,13769
3586,702
3586,7019
3587,10293
3588,5714
3589,287
3590,287
3591,6462
3591,287
3591,3357
3591,6454
3592,14746
3592,3357
3593,8575
3593,3293
3594,10514
3594,1027
3594,22581
3594,13710
3594,14770
3594,23945
3594,13455
3594,461
3594,5651
3594,11195
3594,6359
3594,10543
3594,23046
3594,15063
3594,7019
3595,3293
3596,11687
3596,1300
3596,3492
3596,1074
3596,16627
3596,3562
3596,3550
3596,22923
3597,18593
3597,8152
3598,10672
3598,6141
3598,14846
3598,5693
3598,3076
3598,3450
3598,4271
3598,3179
3599,3357
3599,8076
3600,14872
3600,20116
3600,1240
3600,1019
3600,4182
3600,23302
3600,4324
3601,3217
3601,24627
3602,17256
3603,15085
3603,2590
3603,21950
3603,22685
3603,2071
3603,23277
3603,1919
3603,1479
3603,21611
3603,377
3603,19836
3603,15170
3603,20162
3603,1135
3603,75
3603,24663
3603,1531
3603,11182
3603,20133
3603,11226
3603,12223
3603,4250
3603,14015
3603,23081
3603,16533
3603,16521
3603,1240
3603,21549
3603,219
3603,16950
3603,13320
3603,20474
3603,19676
3603,14257
3603,13031
3603,8002
3603,2809
3603,14643
3603,24621
3603,11648
3603,7272
3603,18639
3603,6797
3603,19929
3603,13651
3603,9029
3603,19189
3603,14117
3603,23374
3603,5765
3603,2626
3603,19753
3603,6905
3603,10809
3603,813
3603,19447
3603,10997
3603,2492
3603,20454
3603,5770
3603,11667
3603,11291
3603,7781
3603,24677
3603,4471
3603,22513
3603,7871
3603,21653
3603,11047
3603,14192
3603,14367
3603,14531
3603,15265
3603,12060
3603,4470
3603,6281
3603,12834
3603,2537
3603,19916
3603,21571
3603,7993
3603,16933
3603,6328
3603,7082
3603,25154
3603,1669
3603,2494
3603,6540
3603,578
3603,11637
3603,21739
3603,6408
3603,23499
3603,12059
3603,13301
3603,15291
3603,7285
3603,6484
3604,13066
3604,8247
3605,16495
3606,4767
3606,21997
3606,3492
3606,861
3606,3357
3606,7133
3606,4324
3607,9005
3607,9116
3608,7475
3609,17833
3609,4767
3609,1238
3609,9271
3609,3787
3609,9319
3609,17842
3610,10826
3611,9071
3612,19972
3613,2915
3614,3759
3615,7912
3615,702
3615,7019
3615,4324
3615,7133
3616,5467
3617,15841
3618,5364
3619,6850
3620,20877
3621,25145
3622,702
3623,8733
3624,175
3625,8515
3626,5463
3627,287
3628,8221
3628,3304
3629,3321
3630,16266
3631,8709
3632,6013
3632,8221
3633,287
3634,13769
3634,853
3635,7912
3635,4558
3636,8199
3637,12969
3637,8247
3638,17643
3639,9122
3640,5524
3640,5538
3641,16597
3641,18593
3641,8152
3641,6333
3642,21503
3643,13195
3644,12390
3644,12691
3645,1240
3646,8104
3647,13250
3648,15695
3648,12742
3649,2380
3649,1790
3650,1804
3650,1240
3651,13123
3652,175
3652,3258
3653,175
3653,3258
3654,210
3654,3550
3655,15773
3656,702
3656,6396
3656,7019
3657,25077
3658,12303
3659,20263
3660,568
3660,227
3661,21192
3662,7578
3662,3663
3662,4636
3663,3364
3663,18219
3663,9265
3663,11538
3663,9305
3663,7652
3663,4529
3663,4617
3663,4606
3663,4159
3663,3662
3663,7651
3664,210
3664,7019
3664,14160
3664,3550
3665,12875
3666,703
3667,7599
3667,2831
3667,22399
3668,175
3668,3357
3669,703
3669,175
3670,8709
3671,702
3671,4324
3672,33
3672,294
3673,15459
3673,16922
3674,12390
3674,8343
3675,13308
3676,2587
3677,6123
3677,175
3677,11538
3677,22336
3677,2699
3678,23595
3679,9663
3680,5007
3680,23127
3681,703
3681,2387
3682,4512
3682,20081
3683,19887
3684,6462
3684,20563
3685,15686
3686,6396
3686,3755
3686,14579
3686,17312
3687,8343
3687,19528
3687,20871
3688,2857
3688,4590
3689,16301
3690,24639
3690,8471
3691,4641
3692,20961
3692,24725
3693,321
3694,3262
3695,6018
3696,8566
3696,5838
3697,2287
3698,12811
3698,5392
3699,4265
3700,3743
3700,6530
3700,19030
3701,10911
3701,8121
3702,7912
3702,3583
3702,4202
3702,6367
3702,1799
3702,3357
3702,4601
3702,10877
3703,175
3703,22514
3704,20805
3705,11399
3706,702
3706,3357
3706,7019
3707,13031
3707,18712
3708,702
3708,3357
3709,24786
3709,20563
3710,16339
3711,15859
3712,19887
3713,8929
3714,8709
3715,14272
3715,1658
3715,7030
3715,11538
3716,3254
3717,16151
3717,1258
3718,24740
3719,6850
3720,6664
3720,8709
3721,16407
3721,17404
3721,13769
3721,3492
3721,559
3722,24725
3723,13250
3724,8937
3724,2855
3725,8048
3726,13721
3727,12976
3728,2915
3728,175
3729,210
3729,4324
3730,6396
3731,5461
3731,19882
3732,9386
3732,5714
3733,3744
3734,6856
3735,8122
3735,6940
3735,2153
3736,20805
3737,2326
3738,15439
3738,1240
3738,22842
3738,14770
3738,702
3738,7521
3738,6359
3738,7019
3738,3357
3738,19097
3739,9838
3739,702
3739,2687
3739,10022
3739,7019
3739,3357
3739,4717
3739,7475
3740,2287
3741,21147
3742,6677
3742,7155
3742,12557
3742,5714
3742,1377
3742,16276
3742,16320
3742,217
3742,18449
3742,7019
3742,19233
3742,287
3742,2498
3742,1274
3742,3492
3742,2906
3742,22387
3742,13238
3742,6352
3742,2517
3742,4324
3742,16854
3742,6181
3742,23059
3742,9730
3742,941
3742,22573
3742,6454
3742,16638
3742,648
3742,7461
3742,7312
3742,6940
3742,19712
3742,703
3742,702
3742,175
3742,14116
3742,8002
3742,16801
3742,3214
3742,6540
3742,2624
3742,19152
3742,16273
3742,6084
3742,2992
3742,10715
3742,917
3742,2687
3742,5414
3742,10799
3742,17149
3743,15333
3743,12213
3743,22973
3743,702
3743,7712
3743,14485
3743,19030
3743,1108
3743,2320
3743,1723
3743,6540
3743,18649
3743,3700
3743,22031
3743,19152
3743,3550
3743,4324
3744,2827
3744,3733
3744,3210
3745,20486
3746,3321
3746,3210
3747,17561
3748,3293
3749,4767
3749,9317
3750,8929
3750,315
3751,21863
3751,19882
3752,21017
3753,12969
3753,12347
3754,1240
3755,11517
3755,1424
3755,27
3755,815
3755,11483
3755,12152
3755,23010
3755,15598
3755,3757
3755,11453
3755,21
3755,11873
3755,15
3755,93
3755,21992
3755,8179
3755,10649
3755,92
3755,1748
3755,23485
3755,16814
3755,4386
3755,20253
3755,7866
3755,1212
3755,5720
3755,11538
3755,13
3755,4191
3755,99
3755,15047
3755,14511
3755,3686
3755,6125
3755,17325
3755,22991
3755,3015
3755,294
3756,3757
3756,7912
3756,16814
3757,210
3757,3755
3757,3756
3758,12531
3759,9293
3759,10137
3759,17889
3759,4984
3759,24553
3759,24039
3759,7696
3759,18403
3759,9828
3759,6610
3759,18220
3759,4579
3759,4411
3759,152
3759,23908
3759,3614
3759,11004
3759,18724
3759,7863
3759,24031
3759,24443
3759,5008
3759,23735
3759,4632
3759,19240
3759,1873
3759,23654
3759,6574
3759,17618
3759,7055
3759,18229
3759,7474
3759,6620
3759,9256
3759,9420
3760,1018
3760,5215
3761,8752
3762,20426
3763,17676
3763,10911
3763,1240
3763,13790
3763,8221
3763,3357
3764,8673
3765,4279
3765,14668
3765,10501
3765,7133
3766,20486
3767,578
3768,3217
3768,217
3769,702
3769,10914
3769,14744
3770,702
3770,19263
3771,21548
3771,3562
3771,3550
3771,702
3771,10267
3771,10315
3771,175
3771,1402
3772,20486
3773,18609
3774,7825
3775,12742
3775,8247
3776,8709
3777,1230
3777,210
3777,2883
3777,7019
3777,18613
3777,6317
3777,16539
3778,15834
3778,8247
3779,175
3779,19263
3779,10467
3780,20705
3780,8515
3781,6462
3781,3357
3781,6454
3781,3550
3782,6741
3783,21149
3784,17055
3785,4767
3785,1238
3785,3787
3786,8353
3787,5934
3787,17865
3787,4273
3787,9630
3787,18032
3787,18338
3787,5862
3787,17841
3787,10157
3787,18300
3787,9644
3787,10041
3787,9859
3787,10074
3787,6056
3787,2517
3787,4222
3787,17880
3787,18324
3787,23744
3787,18325
3787,17593
3787,6045
3787,5875
3787,18339
3787,10027
3787,18028
3787,18342
3787,9639
3787,23560
3787,9955
3787,23565
3787,9769
3787,18177
3787,4272
3787,18176
3787,9780
3787,17803
3787,17568
3787,7622
3787,17587
3787,9853
3787,9965
3787,9704
3787,17615
3787,5924
3787,18164
3787,10191
3787,4672
3787,18036
3787,9764
3787,23881
3787,10036
3787,9969
3787,9768
3787,9947
3787,9700
3787,18162
3787,18311
3787,5943
3787,9453
3787,5982
3787,1238
3787,9528
3787,17882
3787,9783
3787,5894
3787,17611
3787,10170
3787,17584
3787,4282
3787,4666
3787,9971
3787,18332
3787,9945
3787,17864
3787,23972
3787,9458
3787,10059
3787,10193
3787,4245
3787,9323
3787,24023
3787,9980
3787,12957
3787,18326
3787,3304
3787,9867
3787,9977
3787,10186
3787,4754
3787,23570
3787,6050
3787,4324
3787,4638
3787,9629
3787,9489
3787,9573
3787,4669
3787,18161
3787,9847
3787,6065
3787,9699
3787,6001
3787,9274
3787,18334
3787,18027
3787,6153
3787,9526
3787,18295
3787,9317
3787,2386
3787,175
3787,18340
3787,23976
3787,8002
3787,10053
3787,9760
3787,17589
3787,9948
3787,17571
3787,18320
3787,10161
3787,17853
3787,10068
3787,23571
3787,17604
3787,9785
3787,18310
3787,18159
3787,13911
3787,17845
3787,9966
3787,5991
3787,9982
3787,18316
3787,5886
3787,17592
3787,18321
3787,17859
3787,6136
3787,17614
3787,18175
3787,23574
3787,10195
3787,5926
3787,18374
3787,4243
3787,9569
3787,18306
3787,9524
3787,4251
3787,3785
3787,6069
3787,4216
3787,9963
3787,23982
3787,9944
3787,9527
3787,5947
3787,9950
3787,5949
3787,2915
3787,23669
3787,23715
3787,10198
3787,17609
3787,7560
3787,5865
3787,6077
3787,10067
3787,23563
3787,23585
3787,6086
3787,5849
3787,9776
3787,18170
3787,4791
3787,17857
3787,4207
3787,4309
3787,5981
3787,9525
3787,9755
3787,9772
3787,5903
3787,9320
3787,4246
3787,10160
3787,17840
3787,9957
3787,9964
3787,23984
3787,9979
3787,18327
3787,6940
3787,17602
3787,10037
3787,5885
3787,9767
3787,9275
3787,18296
3787,4203
3787,725
3787,9864
3787,3357
3787,9848
3787,9959
3787,23557
3787,18344
3787,9778
3787,17860
3787,17871
3787,9968
3787,9866
3787,9322
3787,10174
3787,9974
3787,9757
3787,17854
3787,4215
3787,18024
3787,23990
3787,17595
3787,18322
3787,4276
3787,9687
3787,10199
3787,23717
3787,6078
3787,3609
3787,7559
3787,9695
3787,9754
3787,10168
3787,9572
3787,6540
3787,3814
3787,17835
3787,9711
3787,6004
3787,9272
3787,210
3787,17850
3787,9645
3787,853
3787,9870
3787,5853
3787,9852
3787,9638
3787,18337
3787,23983
3787,9491
3787,9773
3787,10089
3787,10050
3787,9960
3787,18341
3787,18323
3787,10197
3787,9530
3787,4197
3787,9531
3787,10180
3787,4962
3787,17616
3787,9460
3787,9636
3787,23909
3787,9575
3787,10072
3787,5942
3787,10172
3787,294
3787,9956
3787,10179
3787,10046
3787,9854
3787,18304
3787,10176
3787,23568
3787,7561
3787,7019
3787,10043
3787,9457
3787,23981
3787,18029
3787,10190
3787,9961
3787,18165
3787,23562
3787,10187
3787,18335
3787,9865
3787,9857
3787,10165
3787,11165
3787,17838
3787,9841
3787,23973
3787,5882
3787,9762
3787,9571
3787,17599
3787,5922
3787,9705
3787,17600
3787,10192
3787,18299
3787,6055
3787,7563
3787,9642
3787,9845
3787,3358
3787,3550
3787,17855
3787,18318
3787,17570
3787,18039
3787,4794
3787,6008
3788,3321
3788,8221
3789,8673
3789,9071
3790,12043
3791,13442
3791,1240
3791,5512
3792,12742
3793,9122
3794,6787
3795,1971
3795,277
3795,1430
3796,6518
3797,6850
3798,16207
3798,6740
3799,17124
3800,8752
3801,3321
3801,12313
3802,25058
3802,210
3802,702
3802,1240
3802,7019
3802,19030
3803,4616
3804,12774
3804,6887
3805,578
3806,8939
3806,15834
3807,8898
3807,15132
3808,102
3808,8058
3809,13093
3809,8586
3810,21214
3810,175
3810,8221
3811,8152
3812,23353
3813,6747
3814,4767
3814,3787
3815,6462
3815,8929
3816,1240
3817,8164
3817,12957
3817,1240
3817,1630
3817,22369
3817,22454
3817,1640
3817,3277
3817,3099
3818,703
3818,8929
3818,8221
3819,15472
3819,21295
3820,350
3820,3258
3821,2829
3821,16853
3821,12252
3821,6129
3822,4522
3822,4892
3823,3258
3824,6850
3825,6462
3825,15571
3826,4767
3827,7019
3827,4324
3828,5415
3829,3550
3829,4324
3830,9122
3831,21128
3832,6462
3832,703
3832,287
3832,3550
3833,5727
3834,19093
3834,6396
3835,8221
3836,12311
3837,5253
3837,24476
3837,9412
3837,4768
3837,9932
3837,7589
3838,5401
3838,13238
3838,12677
3839,15132
3840,4622
3841,15659
3842,20486
3843,6013
3843,3258
3844,12969
3844,5618
3844,22394
3844,15834
3845,12969
3846,2829
3847,20961
3848,5135
3849,578
3850,703
3850,3305
3851,21311
3851,6850
3852,2154
3852,19152
3852,2153
3853,15472
3854,8199
3855,6462
3855,8002
3855,217
3855,19152
3855,6940
3855,3214
3856,1240
3856,24816
3856,16414
3857,2915
3857,716
3858,6850
3859,5679
3859,720
3860,1681
3861,3293
3861,8221
3862,8721
3863,21220
3864,12616
3865,8221
3866,2857
3866,12391
3867,20871
3868,1258
3868,16118
3869,21128
3870,24740
3871,2829
3872,13229
3873,19789
3874,5134
3874,13038
3874,5414
3874,8469
3875,8698
3876,12295
3877,6747
3878,8471
3879,20486
3880,703
3880,9209
3881,12347
3882,3883
3883,3882
3883,24786
3883,9144
3884,15838
3884,8929
3884,3492
3884,217
3885,3321
3886,3357
3886,8474
3887,13248
3887,8428
3887,7139
3887,17401
3887,21453
3887,5748
3887,3550
3887,16276
3887,702
3887,16338
3887,18858
3887,5486
3888,6664
3889,175
3890,3309
3890,13494
3890,13238
3891,297
3891,2820
3892,703
3892,702
3893,20877
3894,8199
3895,24847
3896,6462
3896,3357
3896,15132
3896,5714
3897,8752
3898,19549
3899,9051
3900,17142
3900,15472
3901,6462
3901,14427
3901,384
3901,13572
3901,210
3901,11959
3901,3357
3901,7019
3901,22792
3901,15261
3902,6388
3903,8343
3903,3555
3904,12742
3904,8247
3905,18571
3906,8152
3907,8401
3908,8435
3909,928
3909,17643
3910,210
3911,20805
3912,702
3912,4324
3913,210
3913,1585
3913,11538
3913,1540
3913,69
3913,294
3913,17154
3914,8002
3915,6462
3915,3304
3915,12877
3916,2855
3917,2289
3918,703
3918,5401
3918,702
3918,287
3918,8387
3918,17380
3918,8168
3919,4789
3919,18102
3919,7617
3920,8343
3921,17643
3922,7019
3922,81
3923,703
3924,5079
3925,6664
3926,6462
3926,6597
3927,702
3927,19263
3928,2915
3928,1240
3929,3217
3929,25348
3930,20486
3931,8515
3932,14898
3932,1240
3932,4934
3932,15066
3932,7019
3933,14391
3933,6518
3933,3492
3934,175
3934,24364
3934,4324
3935,12542
3935,3353
3936,10431
3937,702
3937,4714
3937,704
3937,2517
3938,2908
3938,7661
3939,3258
3940,2915
3941,2915
3942,4714
3942,2517
3943,4714
3943,2517
3944,2915
3944,2517
3945,2915
3945,16669
3946,2915
3947,10022
3947,2517
3948,2908
3948,2498
3949,210
3950,2915
3950,175
3951,17698
3951,9371
3952,2498
3952,4714
3953,702
3954,2517
3954,2511
3955,725
3956,5401
3956,702
3956,287
3956,6396
3956,3550
3957,3304
3958,175
3958,3357
3959,8101
3959,9450
3960,13229
3960,8789
3961,17507
3961,2511
3962,9610
3963,4726
3964,4638
3964,2515
3964,17677
3965,4726
3965,4714
3966,702
3966,3967
3967,702
3967,3966
3968,17698
3969,11173
3969,8152
3970,17959
3970,7671
3971,294
3972,7510
3972,2908
3973,2908
3973,2517
3974,15925
3974,10335
3975,2915
3976,9711
3977,9769
3978,282
3979,4714
3980,3357
3980,20961
3981,8403
3981,8733
3982,224
3982,21691
3983,8733
3984,4571
3985,24906
3986,8733
3986,8471
3987,8742
3987,8768
3988,6911
3988,19989
3989,6741
3990,5401
3991,8930
3992,8483
3993,1888
3994,5618
3995,7475
3996,4622
3997,6913
3998,2765
3999,19750
3999,3562
3999,19095
4000,5051
4001,4756
4002,1268
4003,8168
4004,21456
4004,3492
4004,18635
4004,217
4004,8360
4004,5538
4005,7863
4005,287
4005,21276
4005,3492
4005,12920
4005,6940
4005,19152
4005,5512
4005,8853
4005,21875
4005,5414
4005,21525
4005,217
4005,17162
4005,5004
4005,5783
4006,5512
4006,2648
4007,4838
4007,9801
4008,23648
4008,23929
4009,4231
4009,10430
4010,6462
4010,287
4010,3357
4010,5714
4011,1240
4011,8062
4012,7739
4012,4231
4013,8939
4014,10430
4014,4231
4015,8168
4016,210
4017,21480
4018,1786
4019,17432
4020,7739
4021,4231
4022,6046
4022,3545
4022,3542
4023,10430
4024,8168
4025,4848
4026,10430
4027,20765
4028,12851
4029,4231
4030,12390
4030,20486
4031,18908
4032,24135
4033,3345
4033,367
4033,3357
4033,6940
4033,3214
4034,9120
4035,21220
4035,13250
4036,12696
4037,6462
4037,3357
4038,4522
4039,15673
4040,3357
4040,19095
4040,12181
4040,4324
4041,19914
4042,6230
4043,4809
4043,4848
4044,19093
4044,3550
4045,8709
4045,8199
4046,8733
4047,2332
4048,8921
4049,18119
4050,6664
4051,2915
4052,4838
4052,4135
4053,25217
4054,10027
4054,2707
4055,8401
4056,4809
4056,4848
4057,1765
4058,6262
4058,7019
4059,4636
4059,9666
4059,9290
4059,10148
4059,10088
4059,2915
4059,24059
4059,4638
4059,10211
4059,17555
4059,4829
4059,4656
4059,17554
4059,17450
4060,8403
4060,8733
4061,4848
4061,9815
4062,1222
4063,2043
4063,6454
4064,12969
4065,20486
4066,2915
4066,2765
4067,20486
4068,4619
4069,1222
4070,24325
4071,9108
4071,21128
4072,17673
4073,18102
4073,4756
4074,4751
4074,7471
4075,2908
4076,23743
4077,4638
4077,9499
4078,20486
4079,9199
4080,702
4080,704
4080,4658
4081,4740
4082,1242
4082,6800
4083,4742
4084,9943
4085,17495
4086,8343
4087,702
4087,704
4088,6454
4089,10224
4090,4769
4091,8709
4092,4629
4092,4658
4093,4751
4093,7471
4094,9890
4095,9238
4096,2043
4097,4789
4097,9931
4098,24725
4099,9211
4100,3328
4101,18404
4102,9230
4102,17495
4103,9329
4103,1222
4104,10098
4105,17718
4106,702
4106,18102
4106,9499
4106,704
4107,15841
4108,24125
4108,7474
4108,17495
4109,11538
4109,2154
4109,22389
4109,294
4109,4114
4110,1779
4111,23842
4111,9809
4112,16151
4113,4756
4114,24399
4114,5256
4114,9434
4114,9432
4114,23906
4114,682
4114,6617
4114,6491
4114,4932
4114,6556
4114,5276
4114,4109
4114,5347
4114,9433
4114,4329
4115,7474
4115,17495
4115,23924
4116,5969
4116,8745
4116,20486
4117,24006
4118,17495
4119,722
4119,2287
4120,8111
4120,8160
4121,8003
4121,702
4121,8929
4121,18696
4121,1300
4121,3321
4121,13769
4121,3258
4121,3357
4121,3562
4122,4638
4122,9912
4122,10027
4122,3301
4123,9499
4123,4756
4124,9230
4124,9732
4124,17495
4125,17495
4125,7206
4126,4636
4126,18294
4127,24019
4128,4742
4128,4751
4129,5911
4129,3247
4130,7474
4130,4862
4131,5051
4131,7019
4132,9504
4133,24321
4133,7474
4134,1240
4134,3562
4135,17924
4135,6763
4135,4838
4135,17898
4135,24411
4135,24427
4135,12957
4135,4817
4135,17884
4135,3304
4135,7019
4135,2153
4135,17800
4135,2498
4135,3258
4135,3492
4135,5512
4135,4610
4135,2517
4135,4324
4135,9307
4135,4638
4135,7642
4135,23931
4135,10696
4135,6454
4135,7644
4135,4810
4135,1240
4135,4816
4135,4836
4135,6940
4135,23843
4135,25313
4135,17673
4135,3562
4135,16322
4135,17639
4135,19810
4135,702
4135,175
4135,10213
4135,7553
4135,17897
4135,23725
4135,6540
4135,4158
4135,9395
4135,17634
4135,24425
4135,17786
4135,20941
4135,7133
4135,3550
4135,24152
4135,2915
4135,210
4135,23849
4135,4052
4135,10227
4135,4813
4135,4848
4135,853
4136,5088
4136,4756
4137,2915
4137,9738
4137,3492
4138,5618
4139,7474
4140,17698
4140,9371
4141,2043
4141,4789
4142,10230
4143,1902
4144,8709
4145,9798
4146,1240
4147,1222
4148,9838
4148,7475
4149,8552
4150,24321
4151,1240
4151,7019
4152,716
4153,7019
4154,8929
4154,12925
4155,17495
4156,9256
4157,9238
4158,4838
4158,4135
4159,3663
4159,9305
4159,9382
4160,702
4160,16230
4160,9499
4160,704
4161,6909
4161,15132
4162,16687
4163,17487
4163,7475
4164,1222
4165,17686
4166,702
4166,1240
4166,704
4167,2829
4167,175
4168,23353
4169,2765
4170,7100
4170,17495
4171,17495
4172,24324
4173,6462
4174,17495
4175,23880
4175,18102
4176,17495
4177,19882
4177,217
4178,13308
4179,4975
4179,6011
4180,210
4180,7133
4181,4638
4181,22352
4182,1300
4182,2829
4182,813
4182,17092
4182,20128
4182,19477
4182,13338
4182,3304
4182,217
4182,19030
4182,2153
4182,2498
4182,6396
4182,3492
4182,13414
4182,13238
4182,2517
4182,4324
4182,14486
4182,3558
4182,6760
4182,6548
4182,6940
4182,3562
4182,10583
4182,175
4182,16007
4182,25215
4182,6987
4182,8002
4182,14821
4182,11843
4182,6540
4182,1422
4182,12220
4182,3600
4182,7133
4182,2915
4182,11687
4182,20458
4182,16877
4182,14880
4182,3357
4182,294
4183,7912
4183,12183
4184,702
4185,210
4185,2552
4186,20486
4187,9504
4188,1240
4189,7019
4189,4324
4190,4726
4190,17686
4191,3755
4191,4324
4192,6518
4192,2552
4193,6518
4194,14828
4194,16714
4194,102
4195,8658
4196,6462
4196,9584
4196,175
4196,861
4196,3550
4197,702
4197,3787
4197,10027
4197,7694
4197,7471
4198,4695
4199,6462
4199,210
4200,7576
4201,10224
4202,3702
4202,4601
4203,9319
4203,3787
4204,7475
4205,6703
4206,4208
4206,18303
4207,3787
4207,18303
4208,4206
4209,702
4209,3562
4210,9458
4210,18303
4211,18314
4211,9319
4211,9458
4212,210
4212,7019
4213,1240
4214,9849
4214,18303
4215,3787
4215,18303
4216,3787
4216,18303
4217,9690
4218,9690
4219,9690
4220,10037
4221,8752
4221,3140
4221,23937
4221,8709
4222,3787
4222,9458
4223,12881
4224,9753
4225,9690
4226,10037
4227,10037
4228,8745
4229,15413
4230,10037
4231,5667
4231,4415
4231,4452
4231,18837
4231,4481
4231,14464
4231,4483
4231,3052
4231,10955
4231,19764
4231,19090
4231,23107
4231,19091
4231,4444
4231,23003
4231,16736
4231,16686
4231,4469
4231,11433
4231,4439
4231,19183
4231,2656
4231,4406
4231,15257
4231,4403
4231,4399
4231,4433
4231,13915
4231,7366
4231,11897
4231,1240
4231,4414
4231,4506
4231,4485
4231,23129
4231,11202
4231,702
4231,4029
4231,4505
4231,14724
4231,4477
4231,978
4231,4465
4231,13879
4231,3056
4231,22690
4231,7299
4231,22877
4231,3107
4231,14458
4231,16398
4231,4486
4231,4489
4231,11391
4231,13354
4231,1006
4231,4425
4231,4490
4231,4476
4231,4012
4231,4427
4231,13262
4231,13460
4231,3144
4231,18882
4231,22432
4231,4397
4231,23106
4231,16892
4231,20267
4231,4387
4231,4459
4231,22149
4231,19874
4231,22820
4231,4464
4231,4014
4231,1667
4231,4423
4231,22342
4231,10907
4231,4443
4231,22217
4231,4312
4231,4009
4231,22086
4231,4426
4231,16595
4231,16737
4231,4021
4231,3550
4231,21507
4231,2915
4231,2717
4231,4432
4231,22408
4231,4429
4231,4441
4231,2716
4232,9319
4233,10037
4234,10037
4235,10037
4236,10037
4237,9458
4237,18303
4238,21878
4238,17917
4238,207
4238,3361
4239,9849
4239,4671
4240,18303
4240,9458
4241,18303
4242,18303
4243,3787
4243,18303
4244,702
4244,1240
4244,15571
4244,7019
4244,7892
4244,9382
4244,9925
4245,3787
4245,18303
4246,3787
4246,9458
4247,210
4247,21977
4248,9951
4249,4767
4250,1240
4250,24605
4250,7492
4250,23854
4250,704
4250,7333
4250,3603
4250,7611
4250,702
4250,3463
4250,4516
4250,4756
4251,3787
4251,18303
4252,9458
4252,18303
4253,18593
4254,11173
4254,13592
4255,8152
4255,9751
4256,8152
4257,6504
4258,18593
4258,10437
4259,22567
4259,6504
4260,7439
4261,11173
4261,14001
4262,7964
4262,7019
4263,7019
4264,18811
4264,7019
4264,14399
4264,11262
4265,18506
4265,10911
4265,13483
4265,23275
4265,3699
4265,24911
4265,13911
4265,6103
4265,22591
4265,7019
4266,7831
4266,19180
4266,17399
4266,16809
4266,10925
4266,12138
4266,7019
4266,16735
4266,5732
4267,23340
4267,22066
4267,13449
4267,13721
4267,7019
4268,1189
4268,1471
4268,11856
4268,2387
4268,19049
4268,7019
4268,6810
4268,10959
4269,15860
4269,7019
4270,11173
4271,6141
4271,3598
4271,11665
4271,7306
4271,7304
4272,4767
4272,3787
4273,9849
4273,3787
4274,4767
4275,7471
4275,7694
4276,9849
4276,3787
4277,12125
4278,4324
4279,3765
4280,11551
4280,7133
4280,4324
4281,6620
4281,18303
4282,4767
4282,3787
4283,18303
4283,9458
4284,9319
4284,9458
4285,3562
4286,9977
4287,6504
4288,11173
4288,8152
4289,22567
4290,8152
4291,11173
4291,4297
4291,3062
4292,4297
4292,6504
4292,4296
4292,3062
4293,4295
4293,2915
4293,4297
4294,1240
4294,1274
4294,3562
4295,2621
4295,4293
4295,4310
4296,4292
4296,2621
4296,4310
4297,4292
4297,4293
4297,4291
4298,11173
4298,6504
4299,16597
4299,702
4299,1240
4299,3357
4299,20229
4299,4300
4299,3550
4300,4299
4301,22895
4302,18735
4303,23521
4303,6504
4304,595
4305,22567
4306,6504
4306,3002
4306,2002
4307,7030
4307,3258
4307,6940
4307,19152
4308,23907
4308,22292
4308,2829
4309,3787
4310,4295
4310,3558
4310,4296
4310,3062
4311,6504
4311,8152
4312,1240
4312,14081
4312,12253
4312,6430
4312,7133
4312,3550
4312,702
4312,4231
4312,8152
4312,3357
4312,7019
4312,11665
4313,16532
4313,13592
4314,11173
4314,6504
4315,702
4315,12457
4315,12852
4315,19095
4315,22806
4316,17495
4317,595
4318,18735
4319,17495
4320,6462
4320,6540
4320,23266
4320,2829
4320,6940
4320,6994
4320,19030
4321,11173
4321,8152
4321,18735
4322,6504
4322,18735
4323,5615
4324,7286
4324,19297
4324,8564
4324,23116
4324,72
4324,23020
4324,13749
4324,20439
4324,1397
4324,11277
4324,14028
4324,3671
4324,13750
4324,5708
4324,1274
4324,11267
4324,1948
4324,2517
4324,17397
4324,14918
4324,2105
4324,12125
4324,670
4324,22476
4324,17101
4324,527
4324,23074
4324,6247
4324,14114
4324,2377
4324,7275
4324,19167
4324,17061
4324,929
4324,18566
4324,22370
4324,10791
4324,3742
4324,17391
4324,7264
4324,18807
4324,19743
4324,697
4324,2214
4324,230
4324,11052
4324,19415
4324,20137
4324,24108
4324,1451
4324,6442
4324,10702
4324,7474
4324,23335
4324,22601
4324,25159
4324,18663
4324,7010
4324,14751
4324,5113
4324,24354
4324,4514
4324,937
4324,15083
4324,18710
4324,11428
4324,18520
4324,7959
4324,22510
4324,11959
4324,21830
4324,15306
4324,958
4324,22456
4324,24005
4324,7620
4324,16981
4324,16596
4324,14468
4324,24724
4324,14178
4324,23283
4324,22791
4324,23192
4324,562
4324,6047
4324,3787
4324,7430
4324,18670
4324,11254
4324,12131
4324,16587
4324,22605
4324,21679
4324,4767
4324,16543
4324,22154
4324,2919
4324,6419
4324,19553
4324,22916
4324,21936
4324,14147
4324,16891
4324,2727
4324,7392
4324,11136
4324,4191
4324,11436
4324,2902
4324,7460
4324,19232
4324,11237
4324,11981
4324,19138
4324,17033
4324,22490
4324,14455
4324,15198
4324,19125
4324,11650
4324,12957
4324,14558
4324,10298
4324,11429
4324,3304
4324,1535
4324,21520
4324,2621
4324,11304
4324,14669
4324,14346
4324,15029
4324,19166
4324,2900
4324,4638
4324,14056
4324,19670
4324,23348
4324,18782
4324,6984
4324,11069
4324,22427
4324,215
4324,8929
4324,4570
4324,14278
4324,10378
4324,8882
4324,7131
4324,11376
4324,11526
4324,14185
4324,16783
4324,844
4324,3912
4324,13493
4324,6301
4324,22518
4324,14822
4324,24385
4324,24561
4324,25173
4324,16982
4324,23465
4324,23224
4324,13754
4324,15227
4324,16427
4324,6316
4324,23363
4324,19838
4324,2733
4324,13976
4324,1169
4324,24530
4324,498
4324,21630
4324,6109
4324,539
4324,4605
4324,12800
4324,2387
4324,7143
4324,6752
4324,7384
4324,570
4324,15311
4324,7730
4324,6543
4324,12093
4324,15889
4324,2001
4324,13920
4324,15785
4324,13688
4324,23446
4324,43
4324,15233
4324,23497
4324,11930
4324,316
4324,6903
4324,14607
4324,7813
4324,23372
4324,6917
4324,12233
4324,728
4324,15011
4324,14974
4324,13314
4324,12670
4324,445
4324,6971
4324,15563
4324,415
4324,14381
4324,3606
4324,1152
4324,460
4324,23506
4324,19610
4324,6763
4324,11355
4324,18616
4324,2666
4324,14280
4324,1721
4324,19272
4324,12321
4324,6116
4324,1262
4324,8103
4324,6080
4324,10445
4324,5768
4324,23274
4324,23387
4324,8133
4324,3258
4324,22626
4324,10249
4324,7469
4324,21
4324,13713
4324,22213
4324,20331
4324,18921
4324,16816
4324,1240
4324,21753
4324,6940
4324,1746
4324,13449
4324,22989
4324,12132
4324,15833
4324,16392
4324,6244
4324,2187
4324,19842
4324,7133
4324,22049
4324,725
4324,10533
4324,2616
4324,2984
4324,16576
4324,2355
4324,15261
4324,11551
4324,11328
4324,1172
4324,3301
4324,12056
4324,16901
4324,5648
4324,14529
4324,869
4324,14648
4324,11211
4324,19338
4324,10706
4324,21533
4324,7258
4324,828
4324,24107
4324,24368
4324,15900
4324,24453
4324,1161
4324,14213
4324,18877
4324,24326
4324,13769
4324,22547
4324,14493
4324,7372
4324,7062
4324,13472
4324,11266
4324,15865
4324,17292
4324,2712
4324,15403
4324,1800
4324,18965
4324,7172
4324,11482
4324,6540
4324,19388
4324,25334
4324,14475
4324,16582
4324,3934
4324,10728
4324,11564
4324,10737
4324,10932
4324,23027
4324,10603
4324,2435
4324,13893
4324,23178
4324,24224
4324,2378
4324,18775
4324,18435
4324,22858
4324,1827
4324,21856
4324,17066
4324,2091
4324,73
4324,18531
4324,7350
4324,397
4324,7692
4324,19783
4324,1617
4324,13470
4324,19030
4324,1758
4324,22042
4324,22066
4324,742
4324,11997
4324,24942
4324,3829
4324,18607
4324,14609
4324,21594
4324,16953
4324,11473
4324,18968
4324,6112
4324,12314
4324,10901
4324,13975
4324,20470
4324,10969
4324,21803
4324,11457
4324,23281
4324,21867
4324,13834
4324,14300
4324,12210
4324,447
4324,12756
4324,19740
4324,11756
4324,2054
4324,23346
4324,10977
4324,7496
4324,294
4324,11441
4324,1147
4324,17303
4324,1300
4324,1770
4324,1621
4324,724
4324,19993
4324,10786
4324,11334
4324,5110
4324,10251
4324,22670
4324,8003
4324,22072
4324,22728
4324,13429
4324,6224
4324,11669
4324,22977
4324,1392
4324,7019
4324,13601
4324,10665
4324,14394
4324,19549
4324,21799
4324,23132
4324,21687
4324,13218
4324,13038
4324,23091
4324,14025
4324,22932
4324,21858
4324,631
4324,10382
4324,7092
4324,11838
4324,11155
4324,2045
4324,19169
4324,4649
4324,18993
4324,19124
4324,18665
4324,23545
4324,7727
4324,22548
4324,14668
4324,3600
4324,3615
4324,18844
4324,17208
4324,11142
4324,11331
4324,18439
4324,12129
4324,1382
4324,24654
4324,13768
4324,6500
4324,2273
4324,11403
4324,22863
4324,11635
4324,18750
4324,1028
4324,12488
4324,21541
4324,22643
4324,7557
4324,23539
4324,14336
4324,19291
4324,6728
4324,18669
4324,15253
4324,10560
4324,6982
4324,16547
4324,58
4324,18586
4324,19819
4324,7832
4324,2904
4324,16748
4324,15759
4324,6114
4324,22157
4324,1347
4324,11124
4324,10323
4324,1551
4324,12990
4324,20188
4324,13951
4324,23068
4324,10354
4324,10027
4324,23596
4324,20474
4324,449
4324,14883
4324,6319
4324,16231
4324,15204
4324,7840
4324,19501
4324,4040
4324,11037
4324,4135
4324,11091
4324,858
4324,6358
4324,14535
4324,22591
4324,6532
4324,12053
4324,659
4324,22404
4324,14386
4324,18522
4324,10349
4324,813
4324,3729
4324,13619
4324,10859
4324,1698
4324,19524
4324,712
4324,19016
4324,2005
4324,17304
4324,18539
4324,14224
4324,19439
4324,1215
4324,15395
4324,3492
4324,22031
4324,4437
4324,6654
4324,25265
4324,23546
4324,15142
4324,7575
4324,21434
4324,16898
4324,24981
4324,14431
4324,132
4324,839
4324,16751
4324,23347
4324,4278
4324,8967
4324,11070
4324,21790
4324,522
4324,15156
4324,6249
4324,1174
4324,10695
4324,8176
4324,20099
4324,1625
4324,19263
4324,4717
4324,18786
4324,160
4324,7038
4324,11100
4324,2782
4324,6731
4324,13572
4324,556
4324,12839
4324,440
4324,4356
4324,25131
4324,19461
4324,1413
4324,15188
4324,14261
4324,23151
4324,3293
4324,1707
4324,22981
4324,2829
4324,19336
4324,23452
4324,10398
4324,7236
4324,11493
4324,21722
4324,924
4324,10905
4324,7347
4324,6390
4324,22171
4324,217
4324,15249
4324,16747
4324,20061
4324,11974
4324,14288
4324,6546
4324,19986
4324,22712
4324,19879
4324,22320
4324,2927
4324,1401
4324,15230
4324,22792
4324,24357
4324,14663
4324,22757
4324,12274
4324,21552
4324,2411
4324,23315
4324,175
4324,10844
4324,3827
4324,13031
4324,2351
4324,8002
4324,18863
4324,2443
4324,18720
4324,11686
4324,2796
4324,20941
4324,11943
4324,1231
4324,12229
4324,6948
4324,22541
4324,6450
4324,11973
4324,19135
4324,13973
4324,4182
4324,12083
4324,13686
4324,1390
4324,25097
4324,5401
4324,25180
4324,14625
4324,15897
4324,18568
4324,22353
4324,20115
4324,1309
4324,12184
4324,11883
4324,11476
4324,10725
4324,20176
4324,6919
4324,13738
4324,24459
4324,22073
4324,10500
4324,1684
4324,23340
4324,6652
4324,22184
4324,9506
4324,23203
4324,7206
4324,15107
4324,6327
4324,6279
4324,16229
4324,16769
4324,7546
4324,23226
4324,22592
4324,21823
4324,7327
4324,22731
4324,17260
4324,2915
4324,15674
4324,6482
4324,412
4324,6026
4324,4726
4324,11594
4324,11866
4324,7156
4324,4781
4324,14098
4324,2103
4324,10520
4324,19767
4324,13826
4324,5764
4324,21911
4324,16558
4324,6600
4324,15075
4324,16897
4324,19511
4324,754
4324,18603
4324,12982
4324,6591
4324,15170
4324,19903
4324,12107
4324,14601
4324,2153
4324,14505
4324,2648
4324,15238
4324,7426
4324,7208
4324,7106
4324,13238
4324,1281
4324,22841
4324,20266
4324,6034
4324,23241
4324,14590
4324,2518
4324,22904
4324,12223
4324,667
4324,10588
4324,20333
4324,16478
4324,11275
4324,15413
4324,6038
4324,6062
4324,6168
4324,16403
4324,4280
4324,11256
4324,12956
4324,22956
4324,1704
4324,7157
4324,23306
4324,22756
4324,17340
4324,20145
4324,14878
4324,23394
4324,22344
4324,14802
4324,6462
4324,7584
4324,6968
4324,6361
4324,11367
4324,20014
4324,22594
4324,1179
4324,22489
4324,22167
4324,14402
4324,17375
4324,12371
4324,15579
4324,11402
4324,11950
4324,2770
4324,20345
4324,16619
4324,2934
4324,11546
4324,7783
4324,22379
4324,6154
4324,19632
4324,24241
4324,18510
4324,11873
4324,17158
4324,458
4324,532
4324,6417
4324,851
4324,19953
4324,16099
4324,14943
4324,7435
4324,11216
4324,912
4324,22740
4324,20005
4324,7880
4324,4189
4324,12256
4324,12326
4324,12561
4324,6129
4324,22217
4324,19828
4324,1669
4324,21772
4324,16673
4324,22512
4324,16068
4324,923
4324,16820
4324,10243
4324,14183
4324,578
4324,23136
4324,2035
4324,900
4324,19551
4324,14132
4324,86
4324,426
4324,2662
4324,23181
4324,655
4324,11747
4324,22230
4324,12021
4324,853
4324,10289
4324,601
4324,13727
4324,10792
4324,14603
4324,15207
4324,11528
4324,6378
4324,7940
4324,7423
4324,14708
4324,15151
4324,7244
4324,10407
4324,13526
4324,21828
4324,2498
4324,19779
4324,19084
4324,16404
4324,16036
4324,16958
4324,14479
4324,6273
4324,7136
4324,1785
4324,3558
4324,10513
4324,4566
4324,22855
4324,15282
4324,7389
4324,22461
4324,7582
4324,22280
4324,15235
4324,14932
4324,23293
4324,1810
4324,16868
4324,7178
4324,11288
4324,20042
4324,16215
4324,24437
4324,6825
4324,8167
4324,1737
4324,2705
4324,22934
4324,19973
4324,11796
4324,21680
4324,6831
4324,23426
4324,6653
4324,17389
4324,13991
4324,6363
4324,8183
4324,22901
4324,1251
4324,21710
4324,22656
4324,21974
4324,2303
4324,7184
4324,6648
4324,11872
4324,6473
4324,25095
4324,617
4324,11165
4324,3389
4324,22774
4324,23060
4324,6393
4324,1808
4324,10597
4324,10589
4324,19267
4324,3743
4324,11554
4324,11408
4324,9319
4324,6365
4324,1248
4324,11722
4324,19312
4324,12459
4324,15293
4324,11820
4324,22391
4324,18613
4324,6146
4324,22760
4324,11598
4324,22560
4324,12032
4324,19601
4324,12485
4324,11703
4324,12178
4324,14908
4324,24432
4324,20088
4324,7331
4324,14541
4324,743
4324,7676
4324,14719
4324,16539
4325,210
4326,9499
4326,17496
4327,19333
4327,18735
4328,6504
4328,8152
4329,4769
4329,4114
4330,8929
4331,9341
4331,4796
4332,13592
4333,24204
4334,6504
4334,8152
4335,18735
4335,13592
4336,4796
4337,11173
4337,6504
4338,6504
4339,9341
4340,175
4340,19720
4340,12911
4341,8247
4342,4762
4342,4615
4342,17672
4343,10218
4344,24204
4345,9187
4345,8221
4346,23757
4347,1268
4347,12875
4348,20745
4349,7206
4349,9327
4350,4762
4350,7206
4351,3321
4351,16534
4352,120
4353,4638
4353,704
4354,24204
4355,1300
4355,129
4355,3550
4356,4545
4356,6940
4356,10491
4356,175
4356,1669
4356,217
4356,19030
4356,23505
4356,6540
4356,287
4356,13238
4356,559
4356,2517
4356,4324
4356,11687
4356,3558
4356,11165
4356,3357
4357,12594
4358,17827
4359,702
4359,14048
4359,14740
4359,15295
4359,3357
4359,13476
4360,23948
4360,17728
4361,24204
4362,24204
4363,3492
4363,17889
4364,9838
4364,10224
4365,702
4365,7019
4366,7655
4366,7471
4367,6396
4367,7019
4368,7386
4369,3256
4370,9724
4371,4762
4372,702
4372,17820
4372,10027
4372,704
4373,19288
4374,1240
4374,8221
4374,7019
4374,7133
4375,702
4375,704
4376,702
4376,704
4376,4756
4377,17495
4378,18190
4378,24539
4378,175
4379,702
4379,2829
4379,11190
4380,4658
4381,8470
4381,3321
4382,13229
4383,17728
4384,1917
4384,1252
4385,15181
4386,6396
4386,3755
4387,4231
4387,3550
4388,11665
4389,9659
4390,7611
4391,1240
4391,19263
4392,8056
4393,16736
4394,1669
4395,4449
4395,4428
4395,3550
4396,10716
4397,10430
4397,4231
4398,10430
4398,8168
4399,7739
4399,4231
4399,17380
4400,7739
4400,16736
4400,15181
4401,18882
4401,8168
4402,17667
4402,10027
4402,9305
4403,10430
4403,4231
4403,23003
4404,6763
4405,13879
4406,4231
4406,17380
4406,16736
4407,22819
4407,12957
4407,8168
4408,6141
4409,3314
4409,12798
4410,13354
4411,704
4411,3759
4412,702
4413,17380
4414,4231
4414,8168
4415,4231
4415,17380
4415,3066
4416,3066
4417,7739
4418,1667
4419,19362
4419,6141
4420,4619
4420,9738
4421,703
4421,1274
4422,1274
4422,704
4423,4231
4423,8168
4424,8168
4425,4231
4426,4231
4426,8168
4427,7739
4427,4231
4428,4395
4429,4231
4430,4756
4431,4636
4431,9382
4431,17889
4432,6141
4432,4231
4433,4231
4433,10430
4433,3550
4434,6141
4434,4449
4434,10430
4434,3550
4435,4762
4435,5394
4435,4796
4436,10716
4436,8168
4437,6763
4437,6250
4437,6673
4437,813
4437,6316
4437,6455
4437,21524
4437,12957
4437,8122
4437,3304
4437,19030
4437,15539
4437,2498
4437,4475
4437,3492
4437,3258
4437,25199
4437,2517
4437,4324
4437,4638
4437,2138
4437,11165
4437,18782
4437,24943
4437,13979
4437,18718
4437,16533
4437,13801
4437,1673
4437,6853
4437,2989
4437,7066
4437,21549
4437,14713
4437,6940
4437,21793
4437,3562
4437,10739
4437,24813
4437,7962
4437,175
4437,8002
4437,24556
4437,23859
4437,23353
4437,19263
4437,14027
4437,6540
4437,451
4437,7982
4437,432
4437,12069
4437,20941
4437,6451
4437,14069
4437,3550
4437,16669
4437,2915
4437,14391
4437,23394
4437,11237
4437,294
4437,853
4438,6504
4439,4231
4440,19090
4441,6141
4441,4231
4442,10224
4442,17820
4443,6141
4443,4231
4443,8168
4444,4231
4445,9584
4445,3301
4445,4756
4446,1274
4446,8577
4447,1917
4447,8168
4448,7739
4449,7299
4449,1377
4449,4434
4449,23149
4449,4395
4449,3550
4449,8056
4450,15181
4450,8168
4450,3066
4451,19090
4452,4231
4452,2689
4453,20142
4454,8168
4455,6383
4456,10488
4457,1240
4458,8168
4459,4231
4460,7912
4460,2915
4460,2517
4460,6454
4461,21977
4462,9404
4463,5463
4464,10430
4464,4231
4465,4231
4465,8168
4466,9499
4466,4756
4467,10430
4468,5075
4469,7739
4469,4231
4469,11922
4470,3603
4470,15291
4471,3603
4471,19729
4471,13769
4471,578
4472,1701
4472,2829
4473,17976
4474,10430
4475,16533
4475,13801
4475,6250
4475,1673
4475,6673
4475,2989
4475,21549
4475,14713
4475,21793
4475,6316
4475,24813
4475,21524
4475,8122
4475,24556
4475,15539
4475,14027
4475,2498
4475,451
4475,25199
4475,13238
4475,20941
4475,16669
4475,4437
4475,14069
4475,6451
4475,24943
4475,18718
4476,4231
4476,10430
4477,4231
4477,8168
4478,7739
4479,8530
4479,15413
4479,703
4479,9542
4479,23967
4479,702
4479,23751
4479,17558
4479,24436
4479,7233
4480,1644
4481,4231
4481,18882
4481,8168
4482,6141
4483,4231
4483,10430
4484,10430
4485,4231
4486,4231
4486,16736
4487,9798
4488,17380
4489,4231
4490,4231
4490,8168
4491,16736
4492,24131
4493,10971
4493,6530
4494,6504
4495,3152
4495,8168
4496,8360
4496,16888
4496,20533
4497,17380
4498,20284
4499,7739
4500,15181
4500,8168
4501,8056
4501,22357
4502,10430
4502,13879
4502,3550
4503,17380
4504,4646
4504,9305
4505,10430
4505,4231
4506,4231
4507,8168
4508,18882
4509,17380
4509,3066
4510,15526
4511,6462
4511,8929
4511,5414
4511,3258
4512,210
4512,19900
4512,16394
4512,11097
4512,3682
4513,3321
4513,8221
4514,1913
4514,6598
4514,23248
4514,11884
4514,2722
4514,217
4514,3039
4514,19030
4514,14208
4514,12111
4514,2498
4514,11412
4514,20130
4514,13238
4514,2517
4514,17279
4514,4324
4514,24504
4514,3558
4514,11165
4514,2262
4514,15340
4514,1934
4514,529
4514,11826
4514,6940
4514,19799
4514,17399
4514,13975
4514,2076
4514,702
4514,13771
4514,19462
4514,23746
4514,6540
4514,2583
4514,10832
4514,13438
4514,16860
4514,3550
4514,11687
4514,2915
4514,3357
4514,12092
4514,294
4515,12875
4516,23979
4516,4643
4516,17707
4516,9290
4516,24113
4516,7647
4516,9521
4516,24183
4516,23857
4516,18217
4516,17973
4516,3492
4516,18205
4516,4638
4516,15142
4516,152
4516,4250
4516,7485
4516,7191
4516,17760
4516,23986
4516,10206
4516,17486
4516,6304
4516,2531
4516,9591
4516,18219
4516,9243
4516,17930
4516,17832
4516,9880
4516,10203
4516,7652
4516,4617
4516,7089
4516,1929
4516,9441
4516,24397
4516,23891
4517,12307
4517,6454
4517,9064
4518,8976
4519,8502
4520,8765
4521,703
4521,3302
4522,20808
4522,21863
4522,4038
4522,12563
4522,3492
4522,3258
4522,3822
4522,4999
4522,8929
4522,367
4522,175
4523,5604
4523,8592
4523,3213
4524,5512
4525,4629
4526,6462
4526,16151
4526,287
4526,19152
4526,217
4526,3562
4527,16900
4527,8221
4528,703
4529,3663
4529,17765
4529,9305
4530,703
4530,702
4531,5618
4532,2857
4533,8221
4534,1230
4534,17495
4535,9133
4535,8392
4535,3321
4536,16206
4537,24868
4537,3357
4538,24990
4539,1240
4539,9265
4539,4840
4539,4841
4539,24490
4539,23911
4539,15413
4539,23912
4539,23913
4539,4790
4539,9407
4539,9271
4539,3321
4539,9406
4539,4844
4540,6462
4540,20501
4540,1300
4540,287
4540,3258
4540,3550
4540,5714
4540,2915
4540,3321
4540,8469
4540,3357
4540,6454
4541,22352
4542,12439
4542,2589
4543,15268
4544,7019
4545,1240
4545,795
4545,794
4545,175
4545,14135
4545,1216
4545,13558
4545,1220
4545,2498
4545,3492
4545,2517
4545,3550
4545,5067
4545,4356
4545,4638
4545,3357
4545,22941
4546,20947
4546,24600
4546,12959
4546,217
4547,12179
4547,2687
4547,10626
4547,15571
4547,7019
4548,1240
4548,7019
4549,8448
4549,20252
4549,3331
4550,6396
4550,7133
4551,6691
4551,1300
4551,217
4552,24204
4553,703
4553,1240
4554,5463
4555,6462
4555,6940
4555,227
4556,1240
4557,6724
4557,12295
4558,7277
4558,5708
4558,11538
4558,2915
4558,9
4558,3635
4558,780
4558,303
4559,20651
4559,20074
4559,3258
4559,10369
4559,3550
4559,5696
4560,5512
4561,24557
4561,17495
4561,7701
4562,9830
4563,12313
4564,17495
4565,10224
4566,19895
4566,13590
4566,2928
4566,18938
4566,16151
4566,13983
4566,19019
4566,16223
4566,6622
4566,19030
4566,16819
4566,2498
4566,7456
4566,3492
4566,13831
4566,13238
4566,21719
4566,15008
4566,2517
4566,1281
4566,4324
4566,4638
4566,6690
4566,2461
4566,404
4566,22600
4566,11165
4566,3558
4566,1023
4566,23693
4566,8186
4566,17077
4566,2854
4566,6029
4566,6940
4566,17104
4566,24887
4566,10949
4566,6613
4566,2076
4566,10647
4566,175
4566,14786
4566,8002
4566,14218
4566,22688
4566,6540
4566,16866
4566,17020
4566,13314
4566,2449
4566,1332
4566,3550
4566,13466
4566,2915
4566,18505
4566,3357
4566,11223
4566,13567
4566,22597
4566,7199
4566,294
4566,12613
4567,7019
4568,8366
4569,18232
4570,210
4570,7019
4570,4324
4571,17180
4571,2793
4571,6763
4571,20733
4571,16326
4571,16948
4571,18942
4571,16192
4571,13285
4571,8790
4571,19749
4571,9103
4571,24939
4571,17334
4571,8117
4571,3492
4571,23268
4571,8398
4571,12346
4571,9883
4571,9564
4571,9308
4571,25157
4571,19066
4571,8415
4571,15473
4571,20609
4571,703
4571,9403
4571,175
4571,5438
4571,7488
4571,16298
4571,3984
4571,20925
4571,4741
4571,16077
4571,19186
4571,18908
4571,16935
4572,16096
4572,175
4572,13031
4572,13238
4573,12654
4574,8616
4574,21066
4574,16396
4575,19095
4575,19030
4576,15521
4576,19120
4576,10798
4576,8709
4576,24650
4577,6747
4577,5530
4577,5607
4578,20805
4579,10027
4579,3759
4580,12789
4581,5611
4582,7912
4582,210
4582,1240
4582,175
4582,7019
4582,3550
4583,703
4583,8435
4584,210
4584,702
4584,7019
4584,3550
4585,9051
4586,8697
4587,703
4587,702
4587,3321
4587,1240
4587,8221
4588,7386
4589,16648
4590,13267
4590,20708
4590,21390
4590,6839
4590,21937
4590,394
4590,12360
4590,11706
4590,8975
4590,217
4590,3304
4590,8366
4590,2621
4590,2498
4590,15700
4590,3688
4590,13238
4590,16824
4590,2517
4590,20623
4590,4638
4590,362
4590,6454
4590,10773
4590,8828
4590,21389
4590,6940
4590,8381
4590,10386
4590,16263
4590,175
4590,13136
4590,8002
4590,8221
4590,5782
4590,6740
4590,19152
4590,12575
4590,18399
4590,7474
4590,19499
4590,5414
4590,3357
4590,6462
4590,24679
4590,22148
4590,1300
4590,24593
4590,4961
4590,17504
4590,15839
4590,16304
4590,8037
4590,5366
4590,5544
4590,20793
4590,287
4590,12585
4590,3492
4590,5460
4590,9131
4590,8629
4590,22504
4590,3321
4590,25049
4590,20650
4590,16169
4590,8348
4590,15451
4590,1175
4590,21240
4590,6896
4590,24651
4590,2358
4590,3214
4590,21131
4590,14382
4590,6540
4590,163
4590,21455
4590,16907
4590,21322
4590,3550
4590,2915
4590,23529
4590,24626
4590,17262
4591,12408
4592,22283
4592,15841
4593,13308
4594,17495
4595,20851
4596,22562
4596,7261
4597,702
4598,6396
4598,17055
4599,24833
4600,6698
4601,11538
4601,3702
4601,3583
4601,10877
4601,4202
4602,7396
4603,25309
4603,5107
4604,703
4604,702
4604,3216
4605,4324
4606,3663
4606,9270
4606,9305
4607,12531
4608,3217
4608,8403
4609,1222
4610,7618
4610,9506
4610,3492
4610,2517
4610,4135
4610,8658
4610,7583
4611,15590
4611,3303
4612,2915
4612,4636
4613,8709
4614,9238
4614,24475
4614,7701
4615,4342
4615,17827
4616,17688
4616,10194
4616,19350
4616,8096
4616,3803
4616,23121
4616,5965
4616,20486
4616,11096
4616,19665
4616,9741
4616,21024
4616,4917
4616,24589
4617,3663
4617,9305
4617,4516
4618,17495
4619,4652
4619,4420
4619,7589
4619,23686
4619,23645
4619,18410
4619,24379
4619,4068
4619,9398
4619,5233
4619,24191
4619,18257
4619,23657
4619,23928
4619,17476
4619,17824
4620,9010
4621,13238
4622,4652
4622,9904
4622,24083
4622,17480
4622,17828
4622,24476
4622,4986
4622,9465
4622,9552
4622,10228
4622,23688
4622,3840
4622,11538
4622,3492
4622,5083
4622,3996
4622,18409
4622,9412
4622,9563
4622,9534
4622,24077
4622,9742
4622,9476
4622,9547
4622,4763
4623,17728
4624,17445
4625,20933
4625,6731
4626,8789
4627,19343
4627,16011
4627,20772
4627,12498
4628,24639
4628,1274
4629,7863
4629,4092
4629,7492
4629,704
4629,9227
4629,4525
4629,24468
4629,702
4629,9893
4629,10025
4629,7544
4629,9732
4629,6610
4629,4766
4629,23768
4629,715
4629,4845
4629,23679
4629,4638
4629,210
4629,3321
4629,18229
4629,7474
4629,9729
4629,2632
4629,7328
4629,18228
4630,175
4630,5414
4630,3258
4630,3304
4630,12990
4630,3550
4631,703
4631,287
4632,2688
4632,3759
4633,25037
4633,15936
4633,13238
4633,3357
4634,703
4634,3550
4635,367
4635,8191
4636,9926
4636,17538
4636,4863
4636,17889
4636,9238
4636,3662
4636,2688
4636,9925
4636,4126
4636,9265
4636,7541
4636,7500
4636,9410
4636,5127
4636,4638
4636,17991
4636,17555
4636,8075
4636,6454
4636,4646
4636,9733
4636,17445
4636,4789
4636,1240
4636,2707
4636,15413
4636,7618
4636,17989
4636,9907
4636,17452
4636,20941
4636,10154
4636,10033
4636,6620
4636,4059
4636,9475
4636,10099
4636,7706
4636,9382
4636,23750
4636,23710
4636,10100
4636,4612
4636,4431
4636,4656
4636,4642
4636,18367
4636,3492
4636,9445
4636,9730
4636,23931
4636,17825
4636,9270
4636,17820
4636,12716
4636,9506
4636,9305
4636,9294
4636,4761
4636,4659
4636,9514
4636,19266
4636,9801
4636,10119
4636,9909
4636,2915
4636,7480
4636,210
4636,9585
4637,4658
4638,23650
4638,23741
4638,6763
4638,4545
4638,24248
4638,5990
4638,2819
4638,4590
4638,2688
4638,4629
4638,15170
4638,6080
4638,17658
4638,9226
4638,1274
4638,18294
4638,1281
4638,2517
4638,8658
4638,9809
4638,110
4638,9930
4638,1258
4638,152
4638,9217
4638,12223
4638,24246
4638,4516
4638,12990
4638,6454
4638,6068
4638,4842
4638,4789
4638,1240
4638,10027
4638,6806
4638,2707
4638,6940
4638,23674
4638,15413
4638,22221
4638,5572
4638,9591
4638,19810
4638,14202
4638,7144
4638,3574
4638,9849
4638,15636
4638,4135
4638,7133
4638,10078
4638,8427
4638,6620
4638,7474
4638,18259
4638,3463
4638,3357
4638,6462
4638,10311
4638,23704
4638,4181
4638,23750
4638,3301
4638,18303
4638,17459
4638,20534
4638,18392
4638,17548
4638,10034
4638,10136
4638,4636
4638,9828
4638,4776
4638,10130
4638,5460
4638,3492
4638,18367
4638,9300
4638,24447
4638,4077
4638,9990
4638,4437
4638,4762
4638,8069
4638,3964
4638,9626
4638,13769
4638,3787
4638,4652
4638,6328
4638,8967
4638,4658
4638,3562
4638,4767
4638,1669
4638,5090
4638,8852
4638,4717
4638,17444
4638,10025
4638,6540
4638,17997
4638,6731
4638,17409
4638,8211
4638,9330
4638,5651
4638,5389
4638,210
4638,19687
4638,2687
4638,15291
4638,8116
4638,861
4638,853
4638,3293
4638,2829
4638,4122
4638,4863
4638,9231
4638,9238
4638,12957
4638,22823
4638,6390
4638,3304
4638,24062
4638,1222
4638,4756
4638,24039
4638,3247
4638,24879
4638,787
4638,2498
4638,7541
4638,4324
4638,17695
4638,4566
4638,2530
4638,1291
4638,12009
4638,4774
4638,23683
4638,175
4638,7533
4638,11698
4638,24247
4638,24332
4638,20941
4638,10146
4638,17917
4638,4059
4638,5414
4638,10172
4638,9222
4638,13988
4638,8587
4638,1300
4638,4838
4638,17484
4638,4657
4638,23710
4638,5401
4638,16151
4638,24128
4638,24089
4638,4353
4638,17389
4638,11891
4638,11609
4638,287
4638,5512
4638,4748
4638,23766
4638,9730
4638,10139
4638,11165
4638,3321
4638,22774
4638,23931
4638,6775
4638,4671
4638,9838
4638,17829
4638,11554
4638,9506
4638,9319
4638,704
4638,9305
4638,4761
4638,43
4638,10874
4638,24208
4638,13286
4638,9801
4638,8076
4638,9902
4638,23767
4638,17930
4638,17928
4638,23987
4638,3550
4638,4726
4638,24078
4638,9585
4639,8221
4639,3210
4640,12606
4640,16153
4640,1902
4640,17971
4640,3331
4641,21220
4641,3034
4641,13250
4641,3691
4641,22479
4641,17479
4641,21565
4641,15743
4641,25119
4641,6790
4642,4636
4642,9305
4643,704
4643,4516
4644,10224
4645,25309
4645,4896
4646,4849
4646,4636
4646,17707
4646,7500
4646,9927
4646,9305
4646,9445
4646,4648
4646,2915
4646,10874
4646,9591
4646,24356
4646,4504
4646,9537
4646,12788
4647,703
4647,702
4647,3321
4647,3357
4648,4646
4649,4772
4649,17706
4649,9512
4649,7658
4649,5276
4649,9877
4649,22823
4649,18007
4649,9434
4649,2517
4649,9339
4649,4324
4649,3558
4649,3321
4649,24075
4649,9326
4649,1240
4649,10027
4649,6940
4649,9890
4649,18349
4649,2765
4649,1669
4649,175
4649,10111
4649,4771
4649,6540
4649,4831
4649,10132
4649,7133
4649,2915
4649,23656
4649,23917
4649,23884
4649,18401
4649,853
4650,10224
4650,7475
4651,3309
4651,1258
4652,6763
4652,17566
4652,24492
4652,6940
4652,9305
4652,7637
4652,9738
4652,7471
4652,7019
4652,4742
4652,4751
4652,4766
4652,7655
4652,9932
4652,1274
4652,5512
4652,19152
4652,2517
4652,24188
4652,4622
4652,7617
4652,4638
4652,2915
4652,4619
4652,7474
4652,4777
4652,24327
4652,7694
4652,6454
4652,23885
4653,13047
4653,318
4654,3314
4654,1268
4655,175
4655,22003
4655,3216
4656,4636
4656,4059
4656,9305
4657,4638
4658,17927
4658,7696
4658,18403
4658,18220
4658,2517
4658,110
4658,4638
4658,5847
4658,152
4658,6454
4658,23856
4658,23729
4658,11004
4658,17445
4658,24547
4658,1240
4658,9248
4658,9875
4658,15413
4658,4774
4658,702
4658,4080
4658,17734
4658,8577
4658,7015
4658,10147
4658,3357
4658,10231
4658,4092
4658,10121
4658,24553
4658,17548
4658,18392
4658,10092
4658,18677
4658,9893
4658,17549
4658,9732
4658,24486
4658,10101
4658,4637
4658,3492
4658,10076
4658,23768
4658,9990
4658,16537
4658,4380
4658,4762
4658,23908
4658,8072
4658,2913
4658,9878
4658,9227
4658,9517
4658,10025
4658,7992
4658,23654
4658,2167
4658,4845
4658,24076
4658,6574
4658,3550
4658,2915
4658,18229
4658,17618
4658,18225
4658,13779
4659,7480
4659,4636
4659,9730
4660,20486
4661,9557
4662,7019
4663,9925
4664,9319
4665,6462
4665,8438
4666,4767
4666,9271
4666,3787
4667,16784
4667,19710
4668,21220
4668,5754
4669,3787
4670,10027
4671,9646
4671,10027
4671,6153
4671,15413
4671,18295
4671,18314
4671,175
4671,10176
4671,6160
4671,21759
4671,7563
4671,9849
4671,9981
4671,10190
4671,7624
4671,4638
4671,23582
4671,4239
4671,17588
4671,9320
4671,6102
4672,4767
4672,3787
4672,17842
4673,2915
4673,2498
4674,2915
4674,9608
4674,7661
4674,2498
4674,9226
4674,10027
4675,15773
4676,7661
4676,15413
4676,10005
4676,2517
4676,2520
4677,3217
4677,8492
4678,2915
4678,4726
4678,2498
4678,15413
4679,2915
4679,2498
4679,17954
4679,2517
4679,15413
4679,24274
4680,15578
4680,12884
4681,2498
4681,1240
4681,10027
4681,15413
4681,2517
4681,10002
4681,4714
4681,18282
4682,17495
4683,4734
4683,7661
4683,17951
4683,2498
4683,17677
4683,24287
4683,15413
4683,23822
4683,7664
4683,24264
4683,23834
4684,7515
4685,2857
4686,2915
4686,9226
4686,2498
4686,10027
4686,2517
4686,15413
4687,2517
4687,7677
4688,2530
4688,6068
4689,7661
4689,4719
4689,9226
4689,2498
4689,15413
4689,2517
4689,2915
4689,4714
4689,18072
4690,25181
4690,3357
4691,9022
4692,2915
4692,2498
4692,9226
4692,10027
4692,2517
4692,15413
4693,703
4693,2530
4694,9999
4694,2915
4694,4726
4694,2517
4694,15413
4695,4198
4695,17932
4695,17677
4695,7666
4695,11349
4695,15413
4695,2517
4695,18141
4695,23662
4695,8896
4696,7671
4697,3301
4697,5487
4698,2915
4698,23457
4699,17698
4699,4726
4699,2520
4700,24321
4701,5618
4701,8247
4702,8427
4702,3357
4703,7661
4703,2498
4703,2517
4704,5128
4705,2915
4705,9226
4705,2498
4705,2517
4705,15413
4706,6462
4706,21156
4706,287
4706,13238
4706,2915
4706,16151
4706,217
4706,5628
4706,6454
4707,18102
4708,2908
4709,12531
4710,17698
4710,17507
4711,4714
4712,4726
4712,4717
4713,3314
4713,12875
4714,23784
4714,7662
4714,3942
4714,2501
4714,4689
4714,9352
4714,2498
4714,18092
4714,2517
4714,17533
4714,9996
4714,18137
4714,17529
4714,7669
4714,23780
4714,23629
4714,4681
4714,18268
4714,18082
4714,18136
4714,18088
4714,25153
4714,18269
4714,18261
4714,18280
4714,18125
4714,23625
4714,18260
4714,17524
4714,9992
4714,17683
4714,174
4714,17514
4714,2507
4714,18149
4714,18078
4714,18282
4714,23789
4714,7525
4714,7675
4714,23802
4714,24048
4714,18093
4714,18073
4714,3952
4714,23809
4714,7522
4714,17950
4714,4711
4714,3979
4714,24292
4714,18151
4714,3937
4714,17692
4714,18285
4714,17535
4714,3943
4714,2513
4714,23628
4714,24291
4714,18124
4714,3965
4714,4717
4714,9615
4714,10001
4714,18132
4714,17935
4714,2915
4714,23830
4714,23614
4714,7506
4714,23781
4714,23624
4714,18122
4715,175
4715,3258
4715,3357
4715,3214
4716,8247
4717,17694
4717,4712
4717,18279
4717,17942
4717,17958
4717,9379
4717,3304
4717,18277
4717,2153
4717,9998
4717,17531
4717,7503
4717,9226
4717,2498
4717,24272
4717,23617
4717,7517
4717,2517
4717,4324
4717,4638
4717,3558
4717,17941
4717,7523
4717,23631
4717,10007
4717,17698
4717,10027
4717,6940
4717,23808
4717,175
4717,18090
4717,9366
4717,17937
4717,17684
4717,18127
4717,9614
4717,18287
4717,23825
4717,4714
4717,3357
4717,294
4717,17678
4717,24298
4717,23836
4717,10020
4717,4722
4717,24284
4717,23662
4717,3739
4717,17515
4717,23824
4717,18274
4717,23813
4717,23635
4717,17696
4717,3562
4717,9622
4717,23919
4717,6540
4717,10004
4717,9618
4717,18266
4717,24250
4717,24260
4717,17505
4717,3550
4717,2915
4717,210
4717,24271
4717,17690
4717,18016
4718,7661
4718,2501
4718,4797
4719,2501
4719,4689
4720,2915
4721,18222
4721,702
4721,9483
4721,704
4721,9225
4721,10146
4721,24331
4722,23789
4722,10027
4722,18076
4722,15413
4722,2520
4722,24256
4722,18093
4722,2915
4722,23791
4722,4717
4723,3293
4723,3308
4724,2498
4724,2517
4725,175
4726,17676
4726,9375
4726,6763
4726,4699
4726,17938
4726,23784
4726,24230
4726,18283
4726,17694
4726,17945
4726,17959
4726,4712
4726,12957
4726,3304
4726,2916
4726,18072
4726,19030
4726,9998
4726,24277
4726,17531
4726,9608
4726,9226
4726,2498
4726,1274
4726,2517
4726,7517
4726,4324
4726,4638
4726,3558
4726,7523
4726,152
4726,7669
4726,6454
4726,18265
4726,23796
4726,18264
4726,4678
4726,6940
4726,17946
4726,24259
4726,15413
4726,7514
4726,24256
4726,702
4726,18269
4726,24573
4726,7678
4726,18127
4726,9358
4726,17677
4726,18135
4726,7133
4726,7518
4726,18089
4726,18270
4726,6397
4726,24337
4726,7680
4726,9619
4726,3357
4726,294
4726,7328
4726,18078
4726,23783
4726,17940
4726,7671
4726,9991
4726,23828
4726,17689
4726,17699
4726,9602
4726,7524
4726,24290
4726,17513
4726,3492
4726,23791
4726,11165
4726,24275
4726,3963
4726,4190
4726,23813
4726,23630
4726,17962
4726,9594
4726,17820
4726,23810
4726,1669
4726,17506
4726,10873
4726,3965
4726,18273
4726,18144
4726,6540
4726,18071
4726,9615
4726,10017
4726,4694
4726,17505
4726,3550
4726,17956
4726,210
4726,1929
4726,18142
4726,17522
4726,18122
4726,18016
4726,853
4727,13294
4728,2857
4729,8552
4729,8585
4729,5487
4730,2908
4731,7661
4731,2908
4732,3268
4732,2849
4733,9367
4733,2517
4734,4683
4735,703
4735,8423
4735,8221
4736,260
4737,5519
4738,6847
4739,23655
4740,6462
4740,23709
4740,24131
4740,7019
4740,1222
4740,19030
4740,9735
4740,7475
4740,2498
4740,17499
4740,3492
4740,1281
4740,10214
4740,24558
4740,11165
4740,4081
4740,24566
4740,4852
4740,1240
4740,17820
4740,6940
4740,704
4740,24065
4740,24554
4740,7601
4740,17738
4740,702
4740,9662
4740,24501
4740,9439
4740,23646
4740,7133
4740,2915
4740,24306
4740,3357
4740,294
4740,24340
4741,3314
4741,4571
4742,17500
4742,4128
4742,24574
4742,4833
4742,4652
4742,4083
4742,23885
4742,24541
4743,703
4743,287
4744,20805
4744,8247
4745,2765
4745,7475
4746,9958
4746,15413
4747,8839
4748,4638
4748,2915
4748,9506
4748,10027
4748,18414
4748,18422
4748,18180
4749,17445
4750,16232
4750,1300
4750,19164
4750,16603
4750,16724
4750,22375
4750,21454
4750,3162
4750,8798
4750,306
4750,8642
4750,1984
4750,217
4750,370
4750,17076
4750,6904
4750,3258
4750,21236
4750,5148
4750,20486
4750,3217
4750,17126
4750,8980
4750,19436
4750,17416
4750,17641
4750,20963
4751,17500
4751,9892
4751,7631
4751,17635
4751,24061
4751,9836
4751,4986
4751,9340
4751,4768
4751,18357
4751,24473
4751,7003
4751,9882
4751,17557
4751,18409
4751,17476
4751,9742
4751,9476
4751,6252
4751,18724
4751,7065
4751,7863
4751,17566
4751,5361
4751,17490
4751,4093
4751,17428
4751,24456
4751,4652
4751,17725
4751,23686
4751,24466
4751,4128
4751,6292
4751,4074
4751,24215
4751,23874
4751,18206
4751,24541
4751,24084
4751,7474
4751,23892
4752,6462
4752,24786
4752,20563
4753,3553
4753,3268
4753,8745
4754,3787
4755,4907
4755,20486
4756,15085
4756,4901
4756,17811
4756,13446
4756,4123
4756,4376
4756,24472
4756,17626
4756,24085
4756,73
4756,17784
4756,24328
4756,17467
4756,8154
4756,9584
4756,4001
4756,2517
4756,17625
4756,4638
4756,17814
4756,17628
4756,152
4756,18232
4756,4250
4756,6454
4756,18173
4756,24555
4756,2698
4756,17818
4756,17771
4756,9830
4756,6414
4756,14854
4756,7102
4756,4073
4756,17454
4756,17437
4756,17763
4756,17489
4756,4925
4756,18223
4756,10078
4756,4445
4756,6462
4756,24469
4756,24559
4756,17904
4756,3301
4756,9431
4756,17821
4756,10216
4756,23665
4756,7634
4756,24392
4756,18677
4756,4430
4756,23902
4756,9473
4756,24223
4756,17755
4756,17471
4756,24375
4756,17466
4756,11000
4756,4113
4756,23880
4756,4466
4756,9626
4756,17787
4756,24110
4756,24179
4756,5320
4756,23861
4756,24572
4756,9513
4756,24187
4756,9499
4756,17440
4756,10202
4756,9239
4756,19240
4756,16839
4756,9942
4756,4759
4756,18197
4756,17427
4756,18121
4756,4136
4756,2915
4756,9555
4756,18003
4756,18168
4756,24217
4757,9458
4758,13047
4758,5392
4759,4756
4760,9498
4760,17896
4761,4638
4761,4636
4761,3492
4762,17659
4762,23667
4762,6684
4762,17770
4762,23695
4762,24521
4762,4788
4762,23952
4762,23696
4762,7019
4762,4350
4762,24537
4762,23954
4762,23699
4762,3492
4762,17671
4762,5512
4762,2517
4762,4638
4762,3321
4762,24205
4762,4342
4762,4371
4762,1240
4762,24533
4762,9305
4762,4658
4762,17451
4762,23680
4762,4767
4762,702
4762,24523
4762,3383
4762,18053
4762,4801
4762,4435
4762,18060
4762,23757
4762,18157
4762,7474
4762,17728
4762,24214
4762,4796
4762,17827
4763,24327
4763,7471
4763,4622
4764,9902
4765,702
4765,17552
4765,704
4766,18107
4766,9892
4766,4652
4766,4629
4766,7027
4766,17426
4767,9324
4767,18032
4767,18338
4767,9851
4767,5862
4767,17841
4767,10157
4767,9713
4767,9644
4767,18300
4767,6085
4767,9868
4767,23567
4767,23581
4767,10041
4767,9859
4767,10054
4767,10074
4767,9696
4767,2517
4767,17880
4767,18324
4767,23744
4767,9493
4767,18325
4767,17593
4767,9577
4767,18339
4767,18028
4767,18342
4767,9639
4767,9955
4767,23554
4767,3574
4767,9769
4767,4272
4767,18177
4767,18330
4767,9318
4767,9780
4767,7628
4767,17568
4767,9382
4767,7622
4767,23587
4767,18172
4767,9965
4767,9635
4767,9704
4767,17615
4767,18164
4767,10191
4767,4672
4767,9533
4767,17873
4767,9850
4767,18036
4767,10036
4767,9981
4767,17848
4767,3492
4767,9641
4767,9969
4767,9761
4767,9768
4767,4762
4767,9700
4767,18162
4767,9693
4767,9949
4767,9453
4767,9775
4767,9783
4767,17611
4767,10170
4767,9983
4767,10178
4767,4282
4767,4666
4767,23575
4767,9689
4767,18332
4767,9971
4767,9945
4767,17864
4767,23972
4767,10059
4767,3749
4767,10193
4767,9659
4767,9523
4767,9323
4767,24023
4767,9980
4767,9779
4767,10048
4767,1377
4767,12957
4767,18326
4767,4274
4767,3304
4767,9867
4767,18033
4767,10186
4767,7627
4767,23570
4767,17836
4767,4324
4767,4638
4767,9629
4767,9489
4767,17879
4767,9573
4767,7644
4767,18301
4767,18161
4767,9847
4767,23584
4767,9274
4767,18027
4767,18334
4767,9526
4767,9640
4767,702
4767,175
4767,23976
4767,18340
4767,24028
4767,10053
4767,10188
4767,9760
4767,10047
4767,17589
4767,23582
4767,7625
4767,9954
4767,9871
4767,9860
4767,18320
4767,17604
4767,16151
4767,18159
4767,9966
4767,17881
4767,18316
4767,23588
4767,5512
4767,17592
4767,18321
4767,17614
4767,18175
4767,23574
4767,9856
4767,24510
4767,18374
4767,18306
4767,9569
4767,18158
4767,9524
4767,17585
4767,3785
4767,18171
4767,9963
4767,9944
4767,9527
4767,17861
4767,9950
4767,23669
4767,2915
4767,9843
4767,23715
4767,10198
4767,3606
4767,17862
4767,6763
4767,7560
4767,23563
4767,6086
4767,2153
4767,3258
4767,9776
4767,18170
4767,13238
4767,4791
4767,17857
4767,9755
4767,10160
4767,9957
4767,1240
4767,9979
4767,23984
4767,18327
4767,6940
4767,15413
4767,10185
4767,17602
4767,9631
4767,10196
4767,18329
4767,5052
4767,9767
4767,9275
4767,7133
4767,18296
4767,9781
4767,23573
4767,9848
4767,9959
4767,23557
4767,23750
4767,18344
4767,9778
4767,17860
4767,17871
4767,9968
4767,9322
4767,23553
4767,9974
4767,9685
4767,18024
4767,10061
4767,23990
4767,18322
4767,18030
4767,9687
4767,10199
4767,23717
4767,3609
4767,18305
4767,7559
4767,4249
4767,9456
4767,9754
4767,18315
4767,9572
4767,3814
4767,6540
4767,9272
4767,18313
4767,9870
4767,853
4767,9852
4767,9638
4767,18337
4767,10163
4767,17617
4767,10066
4767,9952
4767,9578
4767,10089
4767,9960
4767,10057
4767,18341
4767,18323
4767,10197
4767,17445
4767,17868
4767,9531
4767,17577
4767,9632
4767,18328
4767,23572
4767,17616
4767,9460
4767,19152
4767,9636
4767,23909
4767,10072
4767,9575
4767,7680
4767,9522
4767,9956
4767,10179
4767,10046
4767,18304
4767,10176
4767,23568
4767,7561
4767,7019
4767,10043
4767,18035
4767,9457
4767,23981
4767,18029
4767,18165
4767,9961
4767,23562
4767,9633
4767,18402
4767,18335
4767,9857
4767,9865
4767,9688
4767,11165
4767,9841
4767,3826
4767,9692
4767,9646
4767,9869
4767,9319
4767,10062
4767,17600
4767,18299
4767,17863
4767,17869
4767,9765
4767,18318
4767,17570
4767,10070
4767,4794
4767,18039
4768,4751
4768,3837
4768,7694
4769,24399
4769,4772
4769,24193
4769,24549
4769,23935
4769,4090
4769,9902
4769,18353
4769,9432
4769,682
4769,23917
4769,24007
4769,23870
4769,24006
4769,23738
4769,9789
4769,17650
4769,4329
4769,18022
4770,24219
4771,1240
4771,10027
4771,5231
4771,17664
4771,4832
4771,17793
4771,9898
4771,7715
4771,2688
4771,9504
4771,18354
4771,24227
4771,4649
4771,24075
4771,17413
4772,4769
4772,4649
4772,9326
4773,5835
4773,8226
4774,4638
4774,5512
4774,4658
4775,12969
4776,17750
4776,17895
4776,24180
4776,9335
4776,9233
4776,24301
4776,4984
4776,6649
4776,24452
4776,24457
4776,7019
4776,9387
4776,9415
4776,2517
4776,18258
4776,4638
4776,23931
4776,21434
4776,23965
4776,1240
4776,7492
4776,10027
4776,9822
4776,9305
4776,6164
4776,18250
4776,18397
4776,702
4776,18393
4776,23681
4776,17551
4776,24384
4776,6481
4776,23663
4776,17461
4776,17896
4776,17477
4776,18215
4776,23995
4776,7612
4776,7474
4776,24080
4776,17762
4776,3357
4777,4652
4777,7631
4777,18257
4777,7486
4777,24041
4777,17446
4778,2498
4778,2501
4778,2517
4779,7475
4780,8092
4780,6068
4781,9506
4781,18430
4781,18422
4781,15413
4781,24158
4781,175
4781,9920
4781,18046
4781,2153
4781,24159
4781,6540
4781,18423
4781,2498
4781,2517
4781,3550
4781,4324
4781,2915
4781,9217
4781,6454
4782,702
4782,704
4783,7540
4783,3463
4783,18182
4784,2915
4784,17409
4785,1300
4785,1240
4785,5879
4785,3258
4785,13238
4785,12809
4785,3357
4785,10945
4786,703
4786,3301
4787,17901
4787,704
4787,9896
4787,1222
4788,4762
4788,24049
4788,23955
4788,22352
4788,24204
4788,17451
4788,24206
4789,17546
4789,4984
4789,17565
4789,24021
4789,217
4789,3304
4789,7019
4789,19030
4789,4636
4789,287
4789,1274
4789,3492
4789,18254
4789,5512
4789,13238
4789,2517
4789,23679
4789,4638
4789,3558
4789,11165
4789,10031
4789,2572
4789,24204
4789,6454
4789,9656
4789,18724
4789,17667
4789,24433
4789,17465
4789,6940
4789,704
4789,15413
4789,703
4789,702
4789,175
4789,24219
4789,7545
4789,8002
4789,10095
4789,6540
4789,18002
4789,4141
4789,6437
4789,23737
4789,4097
4789,19152
4789,23660
4789,17972
4789,2915
4789,24078
4789,5414
4789,3919
4789,3357
4789,10102
4789,294
4790,4539
4791,4767
4791,3787
4792,6620
4793,18303
4794,4767
4794,3787
4795,18102
4796,6660
4796,23947
4796,23950
4796,4336
4796,9876
4796,18025
4796,24201
4796,24058
4796,23951
4796,9341
4796,24532
4796,17671
4796,4762
4796,23700
4796,9795
4796,4331
4796,24531
4796,4856
4796,4822
4796,24053
4796,9229
4796,18366
4796,4435
4796,17997
4796,4797
4796,17885
4796,18060
4796,17452
4796,24519
4796,23757
4796,9906
4796,10221
4796,9786
4797,24491
4797,4718
4797,4796
4798,17643
4798,6611
4799,9943
4799,17820
4799,9557
4799,2765
4800,7960
4800,12881
4801,4762
4802,704
4802,9305
4803,702
4803,10027
4803,704
4803,1222
4803,7475
4804,5604
4805,7474
4805,7475
4806,14763
4806,4863
4806,7475
4806,2648
4807,3293
4807,15660
4808,702
4808,704
4809,24407
4809,4815
4809,4838
4809,4056
4809,17782
4809,1377
4809,17621
4809,9803
4809,9816
4809,9815
4809,10229
4809,9811
4809,10101
4809,24139
4809,9307
4809,9806
4809,9930
4809,18343
4809,17773
4809,24135
4809,4043
4809,9808
4809,23845
4809,24430
4809,24431
4809,7639
4809,9812
4809,23708
4809,18242
4809,9804
4809,17432
4809,8073
4809,17777
4809,9807
4809,9819
4809,18240
4810,2915
4810,1300
4810,4848
4810,3492
4810,4813
4810,4135
4811,6850
4811,13229
4812,8221
4812,1258
4813,17780
4813,4810
4813,17740
4813,24332
4813,9813
4813,23854
4813,4135
4813,24143
4813,4984
4813,24428
4813,23851
4813,17776
4814,5433
4814,703
4815,4809
4816,4135
4817,4135
4818,10027
4818,2765
4818,7475
4819,7474
4819,10082
4820,12596
4820,287
4821,10224
4822,4796
4823,7719
4824,7471
4824,7617
4825,3217
4825,9363
4825,2855
4826,7653
4826,1222
4827,24873
4828,12798
4828,1268
4829,4059
4830,17537
4831,7715
4831,4649
4832,4771
4833,4742
4833,7694
4834,10027
4835,5487
4836,4135
4837,9330
4838,1300
4838,4809
4838,4007
4838,17623
4838,4984
4838,12957
4838,7019
4838,24408
4838,18119
4838,17774
4838,3492
4838,3258
4838,5512
4838,2517
4838,17622
4838,9307
4838,24144
4838,4638
4838,4860
4838,23852
4838,3321
4838,17970
4838,23772
4838,1240
4838,6940
4838,702
4838,24140
4838,175
4838,9309
4838,17817
4838,17969
4838,4158
4838,9395
4838,9813
4838,9390
4838,4135
4838,2915
4838,17624
4838,17431
4838,4052
4838,5605
4838,17965
4838,3357
4839,2765
4840,4539
4841,4539
4842,4638
4842,10033
4843,9225
4843,2765
4844,4539
4845,4629
4845,9305
4845,704
4845,4658
4846,18417
4846,9832
4846,7474
4846,9920
4846,18412
4847,17456
4848,4056
4848,17782
4848,9940
4848,24302
4848,4061
4848,9802
4848,9816
4848,23851
4848,7641
4848,18119
4848,10229
4848,9811
4848,10101
4848,24148
4848,9820
4848,9307
4848,9806
4848,9299
4848,24404
4848,7498
4848,17970
4848,4025
4848,18343
4848,4810
4848,17773
4848,9810
4848,24135
4848,4043
4848,9808
4848,18246
4848,24431
4848,9812
4848,9309
4848,9395
4848,23725
4848,9804
4848,4135
4848,24152
4848,17965
4848,9819
4848,24417
4848,18240
4849,4646
4850,9585
4851,7474
4852,4740
4853,12606
4853,8438
4854,17460
4854,5043
4855,702
4855,704
4855,2765
4855,7475
4856,4796
4856,9327
4857,2915
4857,15704
4857,217
4857,19152
4857,20563
4858,367
4858,6940
4859,1222
4860,4838
4860,9801
4861,3258
4862,4130
4862,17495
4863,8394
4863,4636
4863,2498
4863,9499
4863,4806
4863,5512
4863,24013
4863,15413
4863,2517
4863,4638
4863,24553
4863,16839
4863,7474
4863,5004
4864,8221
4864,13647
4864,4874
4865,17686
4866,8889
4866,4988
4866,20486
4867,5484
4868,175
4868,5199
4868,8221
4868,3258
4869,21157
4870,6732
4870,8403
4871,9122
4872,8898
4872,8469
4873,13190
4874,4864
4874,8515
4874,3331
4875,6698
4876,8592
4876,5604
4877,297
4878,3321
4878,12307
4879,12303
4879,20878
4880,3302
4880,24863
4880,3247
4881,5411
4881,3258
4881,3550
4882,13285
4882,20960
4883,1765
4883,20752
4884,6856
4884,19001
4884,13229
4884,5581
4885,13031
4885,8221
4886,12390
4886,21192
4887,8221
4888,318
4888,5392
4889,5401
4889,3321
4890,12313
4891,9122
4892,3822
4893,1274
4893,8221
4894,175
4894,20780
4895,8916
4896,10433
4896,20947
4896,3344
4896,8360
4896,22499
4896,3108
4896,21590
4896,4645
4896,21580
4896,17261
4896,3278
4896,16461
4896,11924
4897,12542
4897,15735
4898,5618
4899,8391
4899,5987
4900,16216
4900,24952
4900,6773
4901,4756
4902,24979
4902,13238
4903,3321
4903,3551
4903,5917
4903,3304
4903,3550
4904,6462
4904,16151
4904,287
4904,175
4904,19152
4904,217
4905,8768
4905,3210
4906,8560
4907,3217
4907,8343
4907,4755
4908,9912
4909,703
4909,702
4910,21128
4910,8692
4911,8530
4912,24871
4912,5519
4912,6852
4913,8483
4913,217
4914,3357
4915,703
4915,287
4916,20819
4916,8929
4917,4616
4917,16286
4917,20536
4917,3254
4917,20486
4918,6732
4918,16526
4918,2855
4919,297
4919,2820
4920,20964
4921,17676
4921,2915
4922,12655
4922,3217
4922,19416
4922,3278
4922,15757
4923,2915
4923,10657
4923,14539
4923,14292
4924,3321
4925,18102
4925,4756
4926,12717
4927,11015
4927,10835
4928,12145
4928,702
4928,1364
4928,11991
4928,3357
4929,2855
4930,24627
4930,217
4931,2915
4931,10027
4932,4114
4933,21092
4934,3932
4934,10883
4935,8733
4936,16076
4936,5193
4937,18791
4937,11007
4937,19220
4937,21656
4937,20486
4938,21344
4938,311
4939,223
4939,8435
4939,13238
4939,217
4939,13190
4940,6462
4941,20662
4941,19137
4941,114
4941,11879
4941,17718
4941,9003
4941,8194
4941,20536
4941,5585
4941,19521
4941,12366
4941,7905
4941,6454
4941,24723
4942,6747
4942,6664
4942,8199
4943,8403
4943,2855
4944,2585
4944,175
4944,3357
4944,3562
4945,7644
4946,175
4946,3550
4947,18465
4948,12351
4948,3304
4949,25309
4949,5058
4949,7489
4949,1300
4949,13283
4949,22498
4949,8410
4949,18074
4949,19163
4949,5364
4949,16960
4949,17903
4949,3278
4950,5589
4951,8448
4951,21014
4951,8438
4952,6747
4953,12348
4953,8193
4953,20745
4953,15773
4954,8709
4955,8752
4956,8230
4957,8709
4958,12884
4959,8343
4959,2855
4960,6831
4960,6731
4961,4590
4961,19066
4961,17209
4961,18331
4961,21191
4961,12482
4962,3787
4963,703
4963,175
4964,175
4964,16853
4965,5463
4966,2829
4966,7834
4966,175
4967,10911
4968,7304
4969,15599
4969,8768
4970,5604
4971,8221
4971,25181
4972,12480
4972,8221
4973,25348
4974,1268
4974,3270
4975,4179
4975,15841
4976,702
4976,210
4976,175
4976,5463
4976,704
4976,9106
4977,8221
4978,14651
4978,11458
4979,8515
4979,5135
4980,702
4980,7019
4981,8435
4982,1222
4982,18108
4983,6454
4984,1240
4984,4789
4984,4838
4984,4776
4984,8552
4984,9117
4984,2517
4984,3759
4984,703
4984,702
4984,5467
4984,4813
4985,20486
4986,4751
4986,4622
4987,210
4988,10517
4988,4866
4988,7862
4988,5390
4988,3529
4988,19554
4988,5337
4988,5311
4988,17987
4988,15641
4988,19132
4988,12390
4988,20519
4988,8343
4988,12773
4988,15494
4988,11099
4988,8085
4988,8833
4988,21127
4988,2333
4988,21518
4988,24589
4989,8929
4989,21445
4989,12560
4990,6803
4990,8867
4991,5618
4991,20805
4992,8592
4992,9120
4993,8752
4993,17124
4994,6800
4995,13190
4996,2587
4996,3250
4997,702
4997,7019
4998,7912
4998,23006
4998,15305
4998,7386
4999,4522
4999,7437
4999,8469
4999,6909
5000,1240
5001,25309
5002,9499
5002,18102
5003,22977
5003,6390
5004,20933
5004,2829
5004,20521
5004,4005
5004,4863
5004,3292
5004,7133
5005,8448
5006,25075
5006,3321
5007,19002
5007,20284
5007,11620
5007,21903
5007,435
5007,17163
5007,18582
5007,16905
5007,21731
5007,12437
5007,14220
5007,7019
5007,1348
5007,13085
5007,23609
5007,14394
5007,909
5007,23360
5007,22403
5007,19040
5007,21952
5007,7793
5007,10338
5007,6268
5007,18700
5007,11347
5007,7974
5007,497
5007,18724
5007,15079
5007,1944
5007,6975
5007,10766
5007,79
5007,15012
5007,25212
5007,522
5007,702
5007,15101
5007,21574
5007,23378
5007,8149
5007,1579
5007,3680
5007,14739
5007,556
5007,3550
5007,23466
5007,11333
5007,11545
5008,17646
5008,3759
5009,13238
5010,210
5010,7019
5011,8401
5012,9899
5012,8343
5012,6851
5013,6747
5014,9122
5015,1300
5015,25186
5015,9842
5015,16701
5015,3217
5015,21049
5015,18770
5015,21271
5015,20526
5015,8632
5015,21379
5015,21110
5015,3278
5016,15000
5016,23373
5017,3330
5018,5965
5019,8929
5019,175
5020,9102
5020,5193
5021,15946
5022,5208
5023,21220
5023,12531
5024,25309
5025,1268
5025,3270
5026,5618
5026,20805
5026,8247
5027,23006
5028,12844
5028,3321
5029,20805
5030,8448
5030,8221
5031,15858
5032,12740
5032,8403
5032,309
5032,8332
5033,6765
5034,210
5034,10913
5035,5604
5036,14007
5036,8042
5036,6940
5036,6002
5036,7935
5036,5414
5036,8469
5036,3357
5037,9003
5038,5433
5038,6849
5039,8242
5039,6674
5040,9116
5041,2821
5042,2857
5042,5414
5043,4854
5044,15128
5044,21515
5044,6628
5044,8567
5044,20745
5044,8789
5045,703
5045,13647
5046,17558
5047,703
5047,1240
5048,9187
5048,8221
5049,702
5049,7019
5049,7386
5050,6974
5050,10911
5050,702
5050,1240
5050,3357
5050,7019
5051,1207
5051,1240
5051,11538
5051,4131
5051,10
5051,20941
5051,24355
5051,4000
5051,55
5051,3550
5051,10491
5051,6705
5051,11165
5051,19402
5051,12119
5051,1208
5052,4767
5053,15590
5053,12798
5054,8359
5055,24786
5055,20563
5056,702
5057,1011
5057,6123
5057,8001
5057,9597
5057,1240
5057,10124
5057,23691
5057,11322
5057,702
5057,16201
5057,7019
5057,12134
5057,9070
5057,16806
5057,6861
5057,210
5057,20167
5057,15130
5057,13682
5058,21415
5058,12977
5058,16119
5058,8630
5058,4949
5058,8901
5059,669
5060,175
5061,13308
5062,6396
5062,7019
5063,6423
5063,3357
5063,3550
5064,2829
5064,3550
5065,2829
5066,3357
5066,3550
5067,4545
5068,175
5068,3357
5068,6071
5068,5070
5069,3357
5069,14744
5070,5068
5070,6129
5071,6775
5072,24801
5072,804
5073,175
5073,3357
5073,6940
5073,217
5073,3214
5074,703
5074,6831
5075,4468
5075,7019
5076,8939
5076,20805
5077,12612
5077,8768
5078,1274
5079,10509
5079,7912
5079,3924
5079,3550
5079,11318
5079,597
5079,7284
5079,6766
5079,11165
5079,19402
5079,3357
5079,17237
5080,1240
5081,3550
5082,554
5082,12481
5083,4622
5084,9584
5085,6747
5086,25075
5086,1300
5086,3258
5087,3217
5088,7474
5088,4136
5088,17471
5088,9330
5089,7019
5090,6462
5090,2857
5090,1300
5090,6831
5090,12416
5090,12957
5090,16151
5090,3304
5090,217
5090,17704
5090,18281
5090,787
5090,287
5090,1274
5090,5463
5090,3492
5090,3258
5090,13238
5090,1948
5090,5512
5090,17247
5090,4638
5090,9012
5090,1856
5090,5920
5090,1240
5090,5285
5090,6940
5090,2531
5090,16035
5090,9543
5090,175
5090,18051
5090,8002
5090,24785
5090,25181
5090,10628
5090,3214
5090,16865
5090,21276
5090,19152
5090,5501
5090,5414
5090,20696
5090,12605
5090,3357
5091,5401
5091,2857
5092,21341
5092,1300
5092,3258
5092,6909
5092,5246
5092,6940
5092,19152
5092,2348
5092,2915
5092,18167
5092,9386
5092,8929
5092,16544
5092,217
5092,3214
5093,3258
5093,13238
5093,12677
5094,702
5094,7019
5095,6462
5095,8427
5096,21157
5096,19528
5097,18905
5098,5401
5098,6740
5099,8939
5099,12742
5100,12553
5100,3247
5101,8575
5101,9168
5102,703
5103,9838
5104,6462
5104,1300
5104,8313
5104,20563
5105,3226
5106,17643
5106,12616
5107,25309
5107,4603
5108,1300
5108,961
5109,21372
5110,7776
5110,12852
5110,4324
5111,702
5111,704
5112,17495
5113,702
5113,1240
5113,7019
5113,4324
5114,21687
5115,1268
5115,3270
5115,12875
5116,9223
5116,12307
5116,18533
5116,9064
5117,20486
5118,8000
5118,25229
5118,21492
5119,18060
5120,12832
5121,6806
5122,13250
5123,13051
5123,3256
5124,6462
5124,175
5124,3258
5124,3357
5124,6454
5124,5714
5125,9199
5125,16322
5125,21689
5126,21128
5127,4636
5127,17889
5128,1300
5128,1735
5128,17438
5128,8815
5128,15622
5128,14236
5128,15724
5128,4704
5128,5893
5128,2265
5128,15816
5128,2917
5128,16004
5128,13100
5128,3321
5128,14658
5129,8929
5129,1268
5130,8592
5130,6765
5131,12362
5132,322
5132,1300
5132,3278
5132,18838
5133,13077
5133,287
5133,18451
5134,3492
5134,6940
5134,19152
5134,2915
5134,175
5134,3874
5134,5414
5134,217
5135,3848
5135,5223
5135,21947
5135,8929
5135,175
5135,8221
5135,8080
5135,7709
5135,4979
5135,8438
5136,3216
5136,3550
5137,6731
5137,3304
5138,1300
5138,22082
5138,9003
5139,3258
5139,9022
5139,13264
5140,24219
5141,9743
5141,21904
5141,20237
5141,20951
5141,15773
5142,287
5142,3550
5143,23931
5143,10027
5144,15660
5144,2117
5145,1300
5145,18562
5145,3258
5146,15896
5146,6940
5146,15773
5147,10027
5148,1300
5148,4750
5149,10027
5150,9134
5150,20486
5151,8343
5151,21128
5152,175
5152,3304
5152,13238
5153,13229
5154,6462
5154,8368
5154,19308
5154,9037
5154,19622
5154,5512
5154,3550
5154,21907
5154,14736
5154,5661
5154,3304
5155,3053
5155,1300
5155,22906
5155,9592
5155,9079
5155,23591
5155,3217
5155,3108
5155,5808
5156,21342
5156,5378
5156,6737
5157,12302
5157,3341
5158,21342
5158,5378
5159,8867
5159,8718
5160,3331
5161,12875
5162,25075
5163,8263
5164,1902
5165,15411
5165,1300
5166,13174
5166,1291
5167,703
5167,8221
5168,8592
5168,5604
5169,17495
5170,16333
5170,22352
5170,17176
5171,12671
5171,8229
5172,3293
5172,1760
5172,6668
5173,3314
5173,12875
5174,13033
5175,3258
5175,8221
5176,8929
5176,13031
5177,8752
5178,6732
5178,8407
5178,6855
5178,20486
5179,1240
5179,13238
5180,12302
5181,722
5181,2287
5181,1914
5182,21220
5182,12884
5183,12969
5183,5618
5184,5401
5184,8221
5184,3216
5185,3321
5186,8552
5187,13246
5187,5598
5187,13250
5187,8789
5188,17495
5189,16372
5189,8221
5189,15733
5190,703
5190,702
5190,2423
5191,21275
5191,6698
5192,9838
5192,1222
5192,7475
5193,10366
5193,3258
5193,5020
5193,3550
5193,21786
5193,24807
5193,17243
5193,4936
5193,1759
5193,22392
5193,17086
5193,3357
5193,17241
5193,13037
5194,21817
5195,8939
5195,15858
5196,6012
5197,9193
5197,12947
5197,16031
5198,703
5198,702
5198,3216
5199,16339
5199,4868
5199,6740
5199,21036
5200,703
5200,6657
5200,3562
5201,5436
5201,16017
5202,8867
5202,9128
5203,11909
5203,6454
5204,8593
5204,8733
5205,18131
5205,12539
5205,8889
5205,24847
5205,24811
5205,10337
5205,18623
5205,3217
5205,2298
5205,20721
5206,24786
5206,20563
5207,3270
5208,5022
5208,8344
5208,6850
5209,3550
5210,12964
5211,21168
5211,8422
5211,21449
5211,6940
5211,24706
5211,16965
5211,25109
5211,217
5211,3214
5211,20563
5211,10455
5211,2160
5211,3258
5211,5246
5211,19152
5211,21938
5211,3550
5211,25135
5211,3321
5211,5414
5211,10361
5211,18992
5211,6454
5211,3535
5212,7553
5212,17727
5212,7474
5213,6911
5213,8709
5214,5589
5214,24972
5215,3760
5215,11713
5215,6390
5215,15297
5215,5429
5215,3210
5216,703
5216,2857
5216,1291
5217,18449
5218,704
5218,9520
5219,703
5220,21502
5221,8929
5221,175
5221,13238
5222,1274
5223,8515
5223,5135
5224,8387
5225,3321
5226,8857
5227,3268
5228,3217
5229,9659
5230,8221
5230,3550
5231,4771
5232,8929
5232,5670
5232,6454
5233,4619
5234,16024
5234,6668
5234,3550
5235,13185
5236,3302
5236,1258
5237,3492
5237,15413
5237,2236
5237,21051
5237,3226
5237,702
5237,5527
5237,25243
5237,6454
5238,1734
5239,1734
5240,10625
5240,3550
5241,703
5241,8566
5242,15841
5242,20760
5243,8993
5243,8438
5244,1242
5244,6800
5245,8401
5245,21216
5246,5092
5246,5211
5246,8469
5246,5588
5247,8585
5248,3304
5249,12742
5250,7475
5251,6462
5251,5411
5251,3304
5251,3550
5252,16768
5252,16939
5252,9173
5252,8586
5252,8983
5252,8401
5252,14309
5252,19285
5253,9836
5253,3837
5253,9932
5254,8673
5254,20658
5255,1222
5255,2765
5256,4114
5257,7891
5257,16055
5258,2857
5258,5463
5259,8929
5259,3314
5259,3303
5260,13185
5261,9122
5262,2857
5263,15773
5264,703
5264,702
5264,8403
5265,722
5265,669
5266,5484
5267,3314
5268,17126
5269,10224
5270,6850
5270,21012
5271,24482
5272,9122
5273,15975
5273,12390
5273,21444
5274,19810
5274,10027
5275,16098
5275,21414
5276,4649
5276,4114
5277,8889
5277,5311
5277,20486
5278,9499
5279,12390
5279,8085
5279,20024
5279,9741
5279,24589
5280,1274
5280,8221
5281,8448
5281,8563
5282,3216
5283,20486
5283,2855
5284,6831
5285,8898
5285,5090
5286,704
5286,9382
5287,6462
5287,17349
5287,175
5287,18420
5287,5512
5287,217
5287,8311
5288,7475
5289,1291
5289,24868
5290,9499
5291,6911
5291,18478
5291,1300
5291,15426
5291,3258
5291,13238
5291,22899
5291,21206
5291,21854
5291,5589
5291,16368
5291,5809
5291,21434
5291,6680
5291,16143
5292,1300
5292,11398
5293,5993
5294,8471
5295,6462
5295,9131
5295,22144
5295,787
5295,5937
5295,3258
5295,5463
5295,3357
5295,2530
5296,5560
5296,10035
5296,12884
5297,8709
5298,6462
5298,18377
5298,175
5298,7948
5298,19868
5298,3304
5298,13238
5299,8675
5300,3302
5301,16304
5302,6462
5302,3357
5303,9499
5304,2289
5305,9122
5306,175
5306,287
5306,6831
5306,3304
5307,5618
5307,20805
5308,2287
5309,703
5309,2687
5310,2288
5311,4988
5311,5277
5312,3525
5312,8984
5312,20765
5312,19844
5312,12977
5312,24664
5312,217
5312,10238
5313,8939
5313,5618
5313,20805
5313,8247
5314,5618
5314,12742
5315,1242
5316,8673
5316,8809
5317,8929
5317,3258
5318,20805
5319,9230
5319,17495
5320,9499
5320,4756
5321,8939
5321,20805
5322,12844
5323,17495
5324,8365
5325,3210
5326,20570
5326,6668
5327,3330
5327,1242
5328,6747
5329,3293
5329,5679
5330,722
5330,2287
5330,2288
5331,8718
5331,8263
5331,12714
5332,9583
5332,12430
5333,15558
5333,175
5333,287
5333,3550
5334,17124
5334,8199
5335,1222
5336,13250
5337,4988
5338,12742
5338,8247
5339,8882
5339,8174
5339,8221
5340,12295
5341,20805
5342,15841
5342,15679
5342,20760
5343,5590
5343,24815
5344,1240
5345,8780
5346,287
5346,8768
5347,23656
5347,4114
5348,24214
5349,2120
5350,287
5350,19152
5350,20563
5351,24219
5352,1681
5353,16096
5354,15472
5355,9499
5355,3301
5356,2915
5356,3492
5356,15413
5357,15590
5357,12875
5358,20486
5359,15695
5359,8247
5360,5604
5361,4751
5362,6856
5362,12531
5363,3301
5364,21415
5364,10286
5364,3618
5364,4949
5364,2606
5365,18948
5365,8929
5365,16851
5365,7853
5365,9450
5365,20511
5366,4590
5366,1300
5366,12990
5367,16246
5367,9168
5368,13739
5369,3293
5369,6668
5370,1274
5370,24991
5371,1673
5372,21415
5372,8403
5373,8929
5373,8221
5373,12875
5374,1902
5374,8438
5375,8929
5375,175
5376,12407
5377,2915
5377,6462
5377,24786
5377,20563
5378,18040
5378,1300
5378,5156
5378,2479
5378,17401
5378,21350
5378,8211
5378,982
5378,21105
5378,8265
5378,21281
5378,3030
5378,5158
5378,9208
5378,8416
5378,3308
5379,8639
5380,19284
5381,21220
5381,20237
5382,1300
5382,5406
5382,8897
5382,17248
5382,16151
5382,1771
5382,7920
5382,6454
5383,12341
5384,17322
5384,8733
5385,5614
5385,8967
5386,6462
5386,20705
5386,16900
5386,8760
5386,3258
5386,13238
5386,24825
5386,12763
5387,2119
5387,18000
5388,15798
5389,8761
5389,1240
5389,23021
5389,6940
5389,175
5389,25051
5389,15218
5389,3304
5389,217
5389,20706
5389,287
5389,1274
5389,3492
5389,13238
5389,5512
5389,19152
5389,10613
5389,4638
5389,5414
5389,3357
5389,6454
5389,2168
5390,4988
5390,19560
5390,20486
5391,287
5391,3492
5391,19152
5391,13238
5391,5512
5391,16151
5391,175
5391,5414
5391,3304
5391,217
5392,8108
5392,6763
5392,20451
5392,1300
5392,18624
5392,21955
5392,8243
5392,21626
5392,24756
5392,21324
5392,13047
5392,19834
5392,12811
5392,4758
5392,21872
5392,20876
5392,21691
5392,8586
5392,4888
5392,9147
5392,25145
5392,6795
5392,3321
5392,21108
5392,20185
5392,3357
5392,3698
5393,175
5393,12638
5393,5718
5393,3258
5393,3550
5394,4435
5394,7714
5395,5398
5395,1274
5395,24797
5395,5482
5395,12720
5395,8859
5395,3550
5395,3304
5395,2622
5396,6831
5396,6731
5397,15590
5397,6763
5397,12875
5398,24870
5398,24797
5398,8221
5398,2622
5398,5395
5399,6462
5399,367
5399,3357
5399,5714
5399,3550
5400,15599
5400,8768
5401,16204
5401,2857
5401,6763
5401,3242
5401,12258
5401,15698
5401,5658
5401,7700
5401,9066
5401,3073
5401,21167
5401,12854
5401,24918
5401,9584
5401,12426
5401,12981
5401,20595
5401,3258
5401,2517
5401,21504
5401,15496
5401,6454
5401,20985
5401,15917
5401,4889
5401,20785
5401,12867
5401,1240
5401,6940
5401,9830
5401,19712
5401,17495
5401,12431
5401,8081
5401,8240
5401,15707
5401,3574
5401,2336
5401,21189
5401,15811
5401,3838
5401,5713
5401,18771
5401,7133
5401,9145
5401,6620
5401,16133
5401,16384
5401,3357
5401,10244
5401,17597
5401,5098
5401,15855
5401,15584
5401,25110
5401,813
5401,15536
5401,3301
5401,15726
5401,18371
5401,17856
5401,12331
5401,25055
5401,5091
5401,8904
5401,8591
5401,12884
5401,3492
5401,8118
5401,16317
5401,5923
5401,8969
5401,8345
5401,19812
5401,9499
5401,22684
5401,8967
5401,15519
5401,13101
5401,3562
5401,6413
5401,12441
5401,21857
5401,703
5401,20806
5401,1669
5401,374
5401,17661
5401,6540
5401,6731
5401,19433
5401,210
5401,21305
5401,17731
5401,15614
5401,25195
5401,16292
5401,15495
5401,20805
5401,3956
5401,20694
5401,21026
5401,12957
5401,10181
5401,14989
5401,3304
5401,8896
5401,22105
5401,20952
5401,19030
5401,8563
5401,12375
5401,2498
5401,15938
5401,4324
5401,4638
5401,1890
5401,24875
5401,21208
5401,13206
5401,20446
5401,3918
5401,12612
5401,5437
5401,16278
5401,13064
5401,15741
5401,5184
5401,5589
5401,3540
5401,8690
5401,175
5401,8002
5401,22241
5401,25268
5401,12693
5401,6657
5401,12456
5401,12642
5401,3990
5401,20903
5401,5414
5401,20945
5401,15500
5401,294
5401,9052
5401,21151
5401,1300
5401,9171
5401,24636
5401,21297
5401,18473
5401,9939
5401,14705
5401,243
5401,16151
5401,376
5401,8519
5401,1697
5401,7019
5401,25253
5401,18677
5401,15411
5401,287
5401,21182
5401,5512
5401,16477
5401,15841
5401,16357
5401,246
5401,21500
5401,11554
5401,3469
5401,21094
5401,13319
5401,21490
5401,11125
5401,24841
5401,8170
5401,5431
5401,9020
5401,2111
5401,8781
5401,9166
5401,9193
5401,24857
5401,9468
5401,3550
5401,20845
5401,21392
5401,17558
5401,6576
5402,2862
5402,15435
5402,1274
5403,8552
5403,3301
5403,5487
5404,17485
5404,20705
5404,1300
5404,175
5404,1240
5404,287
5404,6884
5404,13238
5405,12794
5405,8446
5406,5382
5406,9211
5407,12601
5407,24
5408,24972
5409,8644
5409,15949
5409,20966
5409,6745
5409,8523
5409,8279
5409,6868
5409,10410
5409,2547
5409,19284
5409,8582
5409,20814
5409,8249
5409,15691
5409,20552
5409,8618
5409,8612
5409,15537
5409,3324
5409,8763
5409,8619
5409,8701
5409,12403
5410,175
5410,287
5410,3492
5410,217
5410,5502
5411,20338
5411,4881
5411,5251
5411,6940
5411,12957
5411,16151
5411,175
5411,8002
5411,217
5411,3304
5411,287
5411,3492
5411,13238
5411,9029
5411,3321
5411,6454
5412,23650
5412,7475
5413,6462
5413,6518
5414,2857
5414,8484
5414,21156
5414,22521
5414,21474
5414,13185
5414,4590
5414,2819
5414,15170
5414,5520
5414,8366
5414,25014
5414,1274
5414,13238
5414,8919
5414,6718
5414,8658
5414,9133
5414,15607
5414,15831
5414,1258
5414,6872
5414,20745
5414,6454
5414,12990
5414,12794
5414,16031
5414,6068
5414,24743
5414,4789
5414,6806
5414,6940
5414,15413
5414,3742
5414,8547
5414,13123
5414,2612
5414,7576
5414,25311
5414,20548
5414,15636
5414,8955
5414,21397
5414,15655
5414,8427
5414,9032
5414,7474
5414,12856
5414,3210
5414,5588
5414,6462
5414,4005
5414,25106
5414,3301
5414,2120
5414,5467
5414,6780
5414,20568
5414,3250
5414,12714
5414,13454
5414,7988
5414,3492
5414,24906
5414,5460
5414,12391
5414,8069
5414,13769
5414,5391
5414,382
5414,8448
5414,6328
5414,703
5414,10283
5414,3874
5414,5090
5414,8852
5414,3334
5414,6687
5414,554
5414,24776
5414,8423
5414,8343
5414,6731
5414,8211
5414,9194
5414,16175
5414,9192
5414,5389
5414,15291
5414,8116
5414,2687
5414,861
5414,12704
5414,16335
5414,25075
5414,3293
5414,10336
5414,2829
5414,8360
5414,8738
5414,1902
5414,22823
5414,3304
5414,217
5414,3247
5414,1201
5414,8583
5414,787
5414,352
5414,9265
5414,5211
5414,5463
5414,20774
5414,4638
5414,24962
5414,9010
5414,2530
5414,20501
5414,8709
5414,1291
5414,15410
5414,25153
5414,21415
5414,12537
5414,6678
5414,8929
5414,702
5414,175
5414,6013
5414,13031
5414,8221
5414,8002
5414,23353
5414,8191
5414,15767
5414,15432
5414,6657
5414,17039
5414,8882
5414,19152
5414,20941
5414,20677
5414,19499
5414,1127
5414,5042
5414,1300
5414,5036
5414,6831
5414,6909
5414,14538
5414,4511
5414,4630
5414,6696
5414,5401
5414,8944
5414,5870
5414,16151
5414,23149
5414,8554
5414,7925
5414,5994
5414,12496
5414,5584
5414,287
5414,13038
5414,12497
5414,6775
5414,20653
5414,6668
5414,12655
5414,6321
5414,9506
5414,12776
5414,43
5414,13102
5414,13286
5414,15774
5414,3214
5414,5431
5414,8331
5414,15671
5414,2111
5414,5428
5414,14304
5414,1104
5414,8561
5414,3550
5414,2915
5414,5134
5414,3266
5414,8684
5415,19577
5415,3828
5415,2182
5415,12773
5415,20486
5416,13229
5417,6454
5417,15413
5418,3266
5419,24786
5419,20563
5420,6462
5420,16151
5420,20563
5421,3293
5421,703
5422,113
5422,6803
5422,8867
5423,9122
5423,6823
5423,2531
5423,20908
5424,20662
5424,15455
5424,1300
5424,7495
5424,18919
5424,21415
5424,15737
5424,8512
5424,24723
5425,17820
5426,175
5426,15831
5427,8709
5428,6888
5428,1300
5428,287
5428,3492
5428,6940
5428,13238
5428,3562
5428,175
5428,5414
5428,8002
5428,3304
5428,217
5428,11868
5429,1669
5429,5215
5430,3431
5430,16692
5430,5569
5430,20817
5430,21517
5430,3268
5430,8632
5430,5529
5430,3278
5431,1300
5431,20823
5431,12900
5431,12300
5431,25296
5431,6940
5431,6725
5431,6696
5431,5401
5431,175
5431,8002
5431,217
5431,3304
5431,6540
5431,20776
5431,20784
5431,3258
5431,13238
5431,19152
5431,2517
5431,3550
5431,13133
5431,2617
5431,18934
5431,5414
5431,13053
5431,3357
5431,6454
5432,2896
5432,3344
5432,8384
5432,387
5433,1300
5433,12943
5433,1240
5433,170
5433,2130
5433,5038
5433,15984
5433,17423
5433,1651
5433,1274
5433,25137
5433,5904
5433,21109
5433,21425
5433,16195
5433,15777
5433,6775
5433,6166
5433,6454
5433,5531
5433,4814
5433,25025
5434,3268
5434,2119
5434,22315
5434,3278
5435,8826
5435,20579
5435,5525
5435,5863
5435,9199
5435,16322
5436,5604
5436,15394
5436,11699
5436,5201
5436,12779
5437,5401
5437,1300
5437,175
5438,4571
5438,12875
5439,703
5440,15624
5440,1837
5441,12976
5442,8929
5442,24786
5442,20563
5443,8221
5443,12875
5444,3216
5445,12832
5445,5618
5445,9342
5445,20805
5445,12742
5445,24725
5445,20961
5445,8247
5446,223
5446,13190
5447,3321
5448,12818
5449,8247
5450,3217
5450,217
5450,3278
5451,9659
5451,10027
5452,8929
5452,24972
5453,15558
5453,175
5454,8247
5455,6701
5455,15983
5456,21220
5457,18987
5458,25331
5459,3321
5460,8675
5460,1300
5460,6763
5460,6940
5460,703
5460,25153
5460,12957
5460,4590
5460,8002
5460,217
5460,3304
5460,3214
5460,787
5460,287
5460,3258
5460,5512
5460,4638
5460,5414
5460,6454
5460,2530
5461,20765
5461,3731
5461,1300
5461,3268
5461,1502
5461,3278
5462,6881
5463,6554
5463,22521
5463,7332
5463,17035
5463,245
5463,22823
5463,217
5463,3304
5463,21372
5463,19030
5463,7198
5463,2498
5463,5258
5463,3258
5463,13238
5463,3626
5463,3123
5463,2530
5463,19979
5463,9480
5463,15915
5463,15281
5463,6940
5463,4976
5463,337
5463,175
5463,8002
5463,5295
5463,19152
5463,13259
5463,7133
5463,3509
5463,16012
5463,5414
5463,15419
5463,61
5463,4965
5463,3357
5463,8119
5463,5588
5463,17202
5463,21123
5463,4554
5463,8943
5463,4463
5463,5714
5463,12622
5463,287
5463,3492
5463,15771
5463,16778
5463,9918
5463,15840
5463,8755
5463,20653
5463,15573
5463,3562
5463,16363
5463,21423
5463,1669
5463,5090
5463,1858
5463,6540
5463,7104
5463,8951
5463,21078
5464,703
5464,5512
5465,8742
5465,287
5466,8515
5467,1300
5467,1240
5467,15807
5467,6940
5467,5714
5467,4984
5467,16151
5467,702
5467,175
5467,3616
5467,20655
5467,8002
5467,7019
5467,217
5467,15752
5467,287
5467,3492
5467,13238
5467,19152
5467,5793
5467,5414
5468,25101
5468,25309
5468,8403
5468,2849
5468,3278
5469,5569
5469,20536
5470,3293
5470,6668
5471,1258
5471,6835
5472,5569
5473,703
5473,1240
5474,703
5474,9133
5474,3321
5475,8518
5475,9122
5476,8706
5477,12370
5477,15773
5478,12884
5479,16207
5479,16339
5480,8765
5480,2848
5481,16309
5481,12318
5481,3268
5481,5569
5481,9158
5482,5395
5483,8765
5484,8449
5484,1300
5484,17142
5484,19803
5484,8673
5484,20582
5484,17140
5484,5514
5484,16281
5484,10642
5484,18373
5484,16885
5484,6822
5484,2422
5484,21295
5484,2808
5484,8752
5484,8978
5484,3321
5484,9205
5484,4867
5484,19909
5484,3026
5484,24992
5484,15954
5484,23479
5484,17680
5484,6611
5484,8295
5484,5266
5484,8580
5484,15472
5484,8426
5484,12616
5484,16016
5484,21147
5484,8762
5484,12304
5484,14157
5484,15556
5485,703
5485,702
5485,8882
5486,3887
5486,5923
5487,3047
5487,9117
5487,4729
5487,17653
5487,12401
5487,9118
5487,8917
5487,20624
5487,20518
5487,3492
5487,3258
5487,21163
5487,21558
5487,21635
5487,21134
5487,6889
5487,4835
5487,16864
5487,16160
5487,8739
5487,25047
5487,12492
5487,15709
5487,703
5487,15824
5487,702
5487,13094
5487,9561
5487,25081
5487,5403
5487,4697
5487,9479
5487,21451
5487,19910
5487,15527
5487,20842
5488,6668
5489,18163
5489,8197
5490,21220
5490,15498
5491,20877
5492,1258
5492,1836
5493,1258
5494,25224
5495,8615
5496,3268
5496,217
5496,3278
5497,9133
5497,9146
5498,6462
5498,9918
5498,1310
5498,3357
5499,6698
5500,6678
5501,5090
5501,2530
5502,554
5502,5410
5503,3314
5504,1240
5504,3492
5504,13238
5504,6940
5504,19152
5504,2915
5504,175
5504,5937
5504,8002
5504,217
5504,3214
5505,23959
5505,25196
5505,15667
5505,5539
5505,12714
5505,24656
5506,6763
5507,24868
5507,6909
5508,6704
5509,8929
5509,3258
5509,3357
5510,8483
5511,1242
5511,6800
5512,15423
5512,6763
5512,25114
5512,2200
5512,2610
5512,16331
5512,5990
5512,3186
5512,14362
5512,12393
5512,2472
5512,2648
5512,8154
5512,1274
5512,12577
5512,3258
5512,21295
5512,2517
5512,8658
5512,3791
5512,7501
5512,1258
5512,6454
5512,21827
5512,1240
5512,4789
5512,5287
5512,2612
5512,5636
5512,12494
5512,2861
5512,4135
5512,7133
5512,16978
5512,5850
5512,6620
5512,22834
5512,7474
5512,4524
5512,3357
5512,3210
5512,5588
5512,6462
5512,10311
5512,4005
5512,21001
5512,23890
5512,6506
5512,18449
5512,8049
5512,8669
5512,5460
5512,16549
5512,6854
5512,9990
5512,15668
5512,8069
5512,4762
5512,8347
5512,5391
5512,16362
5512,12652
5512,22684
5512,5618
5512,12334
5512,4652
5512,3562
5512,4767
5512,703
5512,10283
5512,4006
5512,1669
5512,5090
5512,3334
5512,8480
5512,4560
5512,6472
5512,6731
5512,5880
5512,8168
5512,9192
5512,6714
5512,210
5512,5389
5512,8954
5512,2687
5512,15437
5512,2829
5512,4863
5512,12745
5512,10032
5512,2473
5512,17915
5512,12957
5512,22823
5512,298
5512,1201
5512,21285
5512,11817
5512,11224
5512,4638
5512,9681
5512,3558
5512,10131
5512,6753
5512,18748
5512,21352
5512,16029
5512,1788
5512,17418
5512,8929
5512,702
5512,4774
5512,175
5512,8698
5512,24964
5512,12480
5512,15404
5512,20941
5512,24601
5512,12387
5512,294
5512,20859
5512,1300
5512,4838
5512,6831
5512,8682
5512,8673
5512,5401
5512,9004
5512,7019
5512,8840
5512,5584
5512,12505
5512,8774
5512,10076
5512,16051
5512,3321
5512,13038
5512,5154
5512,8818
5512,5464
5512,12655
5512,8675
5512,7809
5512,9319
5512,17380
5512,12487
5512,8076
5512,3216
5512,2201
5512,2875
5512,17928
5512,1050
5512,3550
5512,21218
5512,2915
5512,13077
5512,1709
5513,25309
5513,8403
5514,5484
5514,5597
5515,175
5515,5670
5516,1760
5516,12583
5517,1931
5518,20677
5518,287
5518,8221
5518,21963
5519,4912
5519,1300
5519,21083
5519,20789
5519,12588
5519,24982
5519,8286
5519,21387
5519,11978
5519,17028
5519,20940
5519,2421
5519,20126
5519,12444
5519,21157
5519,15776
5519,8606
5519,13245
5519,25122
5519,20965
5519,16662
5519,3217
5519,20021
5519,12510
5519,22995
5519,12958
5519,16280
5519,7579
5519,4737
5519,6852
5519,19967
5520,5414
5520,16261
5521,8423
5522,12599
5522,1300
5522,1274
5523,6748
5523,8765
5523,15996
5523,19762
5524,21288
5524,9720
5524,3344
5524,5672
5524,13239
5524,3217
5524,3640
5524,3278
5525,9199
5525,5435
5526,3304
5526,3301
5527,3226
5527,8962
5527,5237
5528,175
5528,8882
5529,8632
5529,5430
5529,21241
5530,19887
5530,8709
5530,4577
5531,5433
5531,6849
5532,17622
5533,15736
5533,2477
5534,1300
5534,16621
5534,3550
5534,8427
5534,9187
5534,2453
5534,11203
5534,175
5534,21079
5535,9071
5535,8718
5536,8929
5536,8221
5537,24836
5537,20859
5537,52
5537,15476
5537,8453
5538,10277
5538,327
5538,3344
5538,8360
5538,5946
5538,25190
5538,3278
5538,4004
5538,8442
5538,21791
5538,3280
5538,13625
5538,9440
5538,3640
5538,12453
5538,6921
5538,8733
5539,5505
5540,15910
5540,8764
5540,287
5540,1274
5540,13238
5540,3550
5540,23457
5540,21359
5540,175
5540,12932
5540,3321
5540,17328
5540,3304
5540,19602
5541,1681
5542,3293
5542,3309
5543,8867
5544,13185
5544,4590
5545,6779
5545,8247
5546,6864
5547,20745
5548,8343
5548,5763
5548,20486
5548,21088
5548,2855
5549,2855
5550,6667
5550,3258
5551,12832
5551,21022
5551,8502
5552,13156
5552,1274
5553,6462
5553,175
5553,19152
5553,3214
5553,3550
5553,15769
5553,16167
5554,15558
5555,8697
5556,703
5556,3321
5557,5604
5557,9120
5558,19152
5558,6940
5558,13238
5558,5714
5558,703
5558,12957
5558,3357
5558,6454
5559,217
5559,11415
5560,3256
5560,5296
5561,1300
5561,8468
5562,8697
5562,1300
5562,8230
5562,8991
5563,9189
5563,3321
5563,22446
5563,3258
5563,3357
5564,12390
5564,8858
5564,21254
5564,8156
5564,20486
5564,2855
5564,14555
5565,3357
5565,2530
5566,21220
5567,5618
5567,8247
5568,3268
5569,2849
5569,8664
5569,3317
5569,13186
5569,3344
5569,8600
5569,8486
5569,9132
5569,2684
5569,8982
5569,12318
5569,16151
5569,3219
5569,3268
5569,8685
5569,3304
5569,8412
5569,3278
5569,6802
5569,287
5569,5481
5569,1274
5569,3492
5569,8910
5569,2119
5569,10504
5569,20802
5569,8942
5569,3431
5569,5472
5569,5469
5569,8511
5569,8631
5569,3326
5569,12771
5569,13021
5569,8624
5569,3059
5569,13078
5569,8476
5569,6672
5569,12726
5569,16453
5569,17023
5569,2876
5569,9125
5569,24684
5569,9376
5569,2637
5569,2896
5569,19152
5569,9112
5569,6875
5569,9163
5569,3538
5569,20389
5569,8964
5569,8054
5569,8776
5569,5430
5569,15914
5569,8128
5570,3302
5571,8221
5571,3304
5571,6731
5572,4638
5572,8002
5572,6940
5572,8191
5572,6454
5573,3059
5574,2375
5574,12390
5574,8343
5574,20486
5574,7746
5575,20874
5575,6850
5575,13054
5576,12732
5577,17632
5578,2579
5579,6727
5579,18447
5579,23329
5579,24792
5579,8216
5579,5589
5579,18626
5579,24728
5579,19414
5579,6680
5580,8423
5580,13238
5581,4884
5582,8221
5583,11538
5583,2154
5583,6454
5584,6462
5584,22684
5584,21389
5584,8390
5584,289
5584,5714
5584,16151
5584,10283
5584,175
5584,15815
5584,217
5584,14382
5584,287
5584,12736
5584,3492
5584,5512
5584,17936
5584,13238
5584,19152
5584,12979
5584,5414
5584,21317
5584,9122
5584,24667
5584,25025
5585,4941
5586,25004
5586,9117
5587,703
5588,15862
5588,8251
5588,1300
5588,6940
5588,12474
5588,175
5588,8002
5588,217
5588,8898
5588,5463
5588,3492
5588,5246
5588,13238
5588,19152
5588,5512
5588,12683
5588,5414
5588,2530
5589,18948
5589,6462
5589,6659
5589,267
5589,5401
5589,25037
5589,10384
5589,5291
5589,5579
5589,8519
5589,217
5589,25249
5589,25094
5589,3304
5589,5607
5589,2820
5589,6863
5589,287
5589,12906
5589,1274
5589,3492
5589,3258
5589,13238
5589,8621
5589,12427
5589,8265
5589,12990
5589,6454
5589,1240
5589,8914
5589,4950
5589,5214
5589,16640
5589,175
5589,16318
5589,15963
5589,13037
5589,3341
5589,24745
5589,12509
5589,19777
5589,16247
5589,1815
5589,19152
5589,8792
5589,8247
5589,20580
5589,22076
5589,23547
5589,16161
5589,16020
5589,22075
5589,2608
5590,5343
5590,3492
5590,9122
5591,15736
5591,16611
5591,8425
5592,24639
5592,20486
5592,3278
5593,13250
5593,21391
5593,15773
5594,15773
5595,8697
5596,15773
5597,5514
5598,5187
5599,21220
5599,21262
5600,8929
5600,2687
5601,12886
5601,175
5601,6940
5601,15413
5602,1654
5603,6761
5603,12341
5603,21472
5603,287
5603,19904
5603,9027
5603,3550
5603,19186
5603,20659
5603,13161
5603,175
5604,21663
5604,1300
5604,24412
5604,5436
5604,18146
5604,25035
5604,15947
5604,4523
5604,16552
5604,1326
5604,11699
5604,10071
5604,19927
5604,21442
5604,4876
5604,318
5604,274
5604,5035
5604,9178
5604,5168
5604,16105
5604,25021
5604,3321
5604,25329
5604,5360
5604,18544
5604,15042
5604,25018
5604,12645
5604,15768
5604,25150
5604,20527
5604,25174
5604,16017
5604,8844
5604,15877
5604,331
5604,10065
5604,8592
5604,16744
5604,8308
5604,24912
5604,4970
5604,25067
5604,8540
5604,4804
5604,5557
5604,21284
5604,10447
5604,25060
5605,4838
5606,21031
5606,1300
5606,25296
5606,17214
5606,13238
5606,175
5606,217
5606,6454
5607,16171
5607,17805
5607,8199
5607,2628
5607,20531
5607,17172
5607,19387
5607,13022
5607,7516
5607,9678
5607,3307
5607,22101
5607,3499
5607,10451
5607,19908
5607,12675
5607,15635
5607,7096
5607,17797
5607,20672
5607,25285
5607,14994
5607,12673
5607,5589
5607,18239
5607,22612
5607,17124
5607,9065
5607,18498
5607,19198
5607,19733
5607,22176
5607,19207
5607,15472
5607,4577
5607,7670
5607,9116
5607,22351
5607,16157
5607,15857
5607,12440
5608,7182
5609,3321
5609,15416
5610,6763
5610,3270
5611,4581
5611,10940
5611,25239
5611,1300
5611,15381
5611,3258
5611,13238
5611,12957
5611,20885
5611,8748
5611,25322
5611,8519
5611,2572
5611,21242
5611,3533
5612,8438
5613,3550
5614,5385
5615,6462
5615,287
5615,4323
5615,3498
5615,217
5615,20563
5615,3550
5616,175
5616,20787
5616,3258
5617,1300
5617,6454
5618,4701
5618,4531
5618,24880
5618,12556
5618,342
5618,5445
5618,5842
5618,19615
5618,12628
5618,5859
5618,5313
5618,20492
5618,2693
5618,16341
5618,9593
5618,16413
5618,5314
5618,23939
5618,18927
5618,20899
5618,25071
5618,21124
5618,3511
5618,8418
5618,284
5618,8067
5618,8574
5618,20688
5618,143
5618,24757
5618,16516
5618,12853
5618,8924
5618,18646
5618,7949
5618,8087
5618,10322
5618,9165
5618,9298
5618,18684
5618,8995
5618,266
5618,24749
5618,20554
5618,20755
5618,15879
5618,20541
5618,16183
5618,21188
5618,19806
5618,10143
5618,18418
5618,15729
5618,17542
5618,14480
5618,3844
5618,2379
5618,20779
5618,22397
5618,5736
5618,4898
5618,15858
5618,12744
5618,21345
5618,15370
5618,5026
5618,17807
5618,18008
5618,11513
5618,24620
5618,17594
5618,12991
5618,16956
5618,16381
5618,8293
5618,17184
5618,10279
5618,21636
5618,16139
5618,20178
5618,25056
5618,16168
5618,17743
5618,15742
5618,8439
5618,8325
5618,16498
5618,21816
5618,5307
5618,15994
5618,20984
5618,18297
5618,8960
5618,17573
5618,9451
5618,1061
5618,4138
5618,5567
5618,8956
5618,8714
5618,20340
5618,8536
5618,1300
5618,19504
5618,22016
5618,8079
5618,5183
5618,4991
5618,22599
5618,19322
5618,16297
5618,12913
5618,3994
5618,5512
5618,21011
5618,3321
5618,5817
5618,20341
5618,20830
5618,5728
5618,904
5618,24741
5618,24598
5618,21022
5618,24929
5618,10904
5618,16680
5618,21245
5618,20674
5618,25076
5618,24986
5618,19839
5618,16061
5618,22279
5618,22139
5618,2884
5618,21405
5618,21749
5618,20351
5618,2359
5618,9201
5619,21342
5620,3308
5621,13047
5621,318
5622,703
5622,702
5623,703
5623,8221
5623,3304
5624,2687
5625,3293
5625,3550
5626,12969
5626,8247
5627,9187
5628,4706
5628,9144
5629,15411
5629,6856
5630,12969
5631,1300
5631,8221
5632,703
5632,175
5632,287
5632,8002
5632,217
5632,13238
5632,3357
5632,25062
5633,6462
5633,8929
5634,1760
5635,8929
5635,12601
5635,3304
5636,3357
5636,5512
5637,8221
5638,1300
5638,20654
5638,17394
5638,13238
5638,6454
5638,6696
5639,24972
5639,3258
5640,702
5640,1240
5640,3233
5640,3562
5641,10887
5642,11101
5642,14391
5642,23301
5643,702
5643,19263
5644,25087
5645,7968
5645,21128
5646,7082
5646,9328
5646,19698
5646,175
5646,14660
5646,13769
5646,6454
5647,703
5647,702
5647,3321
5648,4324
5648,3550
5649,8343
5650,8585
5650,1681
5651,1240
5651,6940
5651,3562
5651,7012
5651,13688
5651,702
5651,175
5651,8002
5651,3304
5651,217
5651,7019
5651,3594
5651,19030
5651,13834
5651,585
5651,6540
5651,3492
5651,13238
5651,2517
5651,7386
5651,3550
5651,13574
5651,11687
5651,21698
5651,4638
5651,2915
5651,11165
5651,294
5651,853
5652,1785
5652,6434
5652,3550
5653,8339
5653,20878
5654,2154
5654,2153
5655,6747
5656,210
5656,7133
5657,7912
5657,6366
5657,23305
5658,5401
5658,12612
5658,16098
5659,17229
5660,18634
5660,9910
5660,11992
5660,15742
5660,18857
5660,9342
5660,9169
5660,18020
5660,22306
5660,13294
5661,21971
5661,6940
5661,19152
5661,13238
5661,3550
5661,5154
5661,3304
5661,3214
5661,6454
5662,21713
5662,175
5662,11538
5662,13756
5662,11810
5663,1669
5664,1843
5665,175
5665,1749
5665,1916
5666,1240
5666,16811
5667,4231
5668,1274
5668,13238
5669,2214
5669,17048
5669,619
5669,12048
5669,683
5669,18898
5669,2915
5669,14720
5669,210
5669,21933
5669,7019
5669,3357
5669,22562
5670,21462
5670,8929
5670,15558
5670,15744
5670,5515
5670,5232
5670,16995
5670,9136
5671,19030
5672,5524
5673,24868
5674,11944
5674,1210
5674,7133
5675,24725
5676,6462
5676,8929
5677,14522
5677,7133
5678,21262
5679,1760
5679,9019
5679,8435
5679,13277
5679,13575
5679,13865
5679,3859
5679,12631
5679,21349
5679,7287
5679,12660
5679,15127
5679,16303
5679,5329
5679,20998
5679,18214
5679,18221
5679,3078
5679,6668
5680,703
5680,702
5680,8221
5681,8360
5682,7933
5683,217
5684,9908
5684,8991
5685,9122
5686,8448
5686,8221
5687,703
5687,13031
5688,8991
5689,6668
5690,8401
5691,19168
5691,578
5691,434
5691,14440
5691,7082
5691,3321
5691,175
5691,14717
5691,11523
5691,12729
5692,36
5692,65
5693,3598
5693,10835
5694,1178
5694,2430
5694,6270
5694,15024
5694,11856
5694,12719
5694,12182
5694,22774
5694,14987
5694,10667
5694,1431
5695,9122
5696,4559
5696,8929
5697,3357
5698,13769
5699,20745
5700,20617
5701,1300
5701,217
5702,120
5703,23422
5704,19263
5705,14882
5705,589
5705,175
5705,12181
5706,18866
5706,8221
5706,3258
5706,20496
5707,2915
5708,6923
5708,4324
5708,4558
5709,3256
5709,20517
5709,9663
5709,119
5710,6664
5710,15472
5711,3345
5711,9010
5711,8469
5712,20805
5713,8420
5713,5401
5714,18948
5714,2278
5714,21740
5714,14362
5714,2819
5714,15170
5714,11045
5714,24563
5714,23059
5714,16311
5714,22751
5714,2518
5714,938
5714,15656
5714,13006
5714,24003
5714,25062
5714,6516
5714,3588
5714,1240
5714,7461
5714,16417
5714,19712
5714,3742
5714,13123
5714,10110
5714,14116
5714,8576
5714,494
5714,25311
5714,5558
5714,20924
5714,8024
5714,15512
5714,24638
5714,15636
5714,25027
5714,5124
5714,7710
5714,8270
5714,12389
5714,10799
5714,3357
5714,21139
5714,6462
5714,10311
5714,2417
5714,185
5714,21716
5714,19497
5714,5467
5714,18776
5714,1100
5714,8669
5714,3492
5714,941
5714,5968
5714,1371
5714,648
5714,16354
5714,3896
5714,8369
5714,7519
5714,20460
5714,19219
5714,15023
5714,8419
5714,12259
5714,1278
5714,12761
5714,19028
5714,1171
5714,22823
5714,14989
5714,3493
5714,2906
5714,5463
5714,10285
5714,17176
5714,9676
5714,16638
5714,4540
5714,24360
5714,5735
5714,6678
5714,8277
5714,175
5714,4010
5714,6657
5714,11158
5714,16197
5714,6415
5714,11105
5714,8587
5714,1300
5714,14677
5714,23491
5714,14538
5714,25042
5714,18940
5714,3732
5714,8046
5714,7019
5714,5399
5714,831
5714,5584
5714,10475
5714,12373
5714,18289
5714,12497
5714,22774
5714,16717
5714,21461
5714,994
5714,2019
5714,1016
5714,13102
5714,13286
5714,19266
5714,8076
5714,11846
5714,7791
5714,3550
5714,10479
5714,2915
5714,2374
5714,917
5714,8255
5714,22399
5714,7399
5715,6462
5715,8929
5716,12717
5716,6611
5717,1785
5717,14752
5717,13769
5718,5393
5718,3270
5719,175
5719,6080
5720,3755
5720,6129
5721,2855
5722,12969
5722,15695
5723,19430
5724,14984
5724,78
5724,7019
5724,10887
5725,8427
5725,6940
5725,3357
5726,2829
5727,11842
5727,3833
5727,6940
5727,227
5728,5618
5728,8365
5728,20961
5729,7019
5730,703
5730,702
5730,3321
5730,3357
5731,12302
5732,17228
5732,4266
5732,17233
5733,5969
5733,20486
5734,3562
5734,3550
5735,5714
5736,5618
5736,8247
5737,3314
5737,12875
5738,12553
5739,175
5739,1785
5740,2154
5740,2153
5741,9133
5741,681
5742,16266
5743,702
5743,1240
5744,16151
5745,702
5745,7019
5746,1643
5747,8221
5748,3887
5748,16333
5748,22352
5749,2589
5750,2855
5751,21687
5752,16151
5752,3302
5752,25224
5753,15207
5753,13409
5753,15305
5753,7133
5754,4668
5755,217
5756,25221
5756,12400
5757,8742
5758,8199
5759,15862
5759,13038
5760,8208
5760,12884
5760,24897
5761,21548
5761,210
5761,175
5761,1785
5761,14642
5761,10347
5761,22462
5761,22848
5762,8575
5762,16246
5763,8343
5763,5548
5764,4324
5765,3603
5765,175
5765,3321
5765,13769
5766,21220
5766,12531
5767,702
5767,1947
5768,2829
5768,4324
5769,16155
5770,6643
5770,7167
5770,11014
5770,1240
5770,6226
5770,19516
5770,14538
5770,2925
5770,3562
5770,20162
5770,8002
5770,16625
5770,12399
5770,13297
5770,13943
5770,6540
5770,7272
5770,19403
5770,12912
5770,14113
5770,3603
5770,7377
5770,1087
5770,14660
5770,15003
5770,18876
5770,6454
5770,853
5771,6462
5772,6740
5772,3353
5773,17380
5773,8168
5774,6497
5775,702
5775,7019
5776,2821
5777,12969
5777,8939
5778,12330
5778,681
5779,2104
5779,1240
5779,14806
5779,19756
5779,16943
5780,10311
5780,3357
5781,8592
5782,4590
5783,4005
5783,3321
5783,2687
5783,1268
5784,2153
5785,7912
5785,175
5785,16567
5785,6602
5786,287
5786,13247
5787,11993
5787,20081
5788,12969
5788,12742
5789,2857
5790,15176
5790,8670
5790,20734
5790,15646
5790,8567
5790,8789
5790,15773
5791,702
5792,8379
5793,2111
5793,5467
5794,12421
5795,15476
5796,12531
5797,8343
5797,20871
5798,702
5798,1240
5799,12985
5800,3217
5800,3268
5801,1734
5801,2264
5802,2264
5803,1734
5804,722
5804,1734
5804,2264
5804,1914
5804,6053
5805,8221
5805,3304
5806,16594
5806,8365
5807,12969
5807,8247
5808,5155
5809,5291
5810,13185
5810,6806
5811,8221
5811,8435
5812,24638
5813,20486
5814,19529
5815,15838
5815,12942
5816,24588
5817,5618
5817,8247
5817,20961
5818,6462
5818,3321
5819,1720
5819,8483
5819,20486
5820,1274
5820,12307
5821,9691
5822,2117
5823,8997
5823,16703
5823,2255
5823,3258
5823,13238
5823,21203
5823,3550
5823,15913
5823,8262
5823,16151
5823,13785
5823,217
5823,3304
5823,9054
5823,10381
5824,8221
5825,2687
5825,8221
5826,8930
5827,12742
5827,8247
5828,22621
5828,6747
5828,6664
5828,15472
5828,8709
5828,14466
5829,3216
5830,2820
5831,3268
5832,6909
5832,12683
5832,19152
5832,6940
5832,20067
5832,175
5832,9010
5832,18891
5832,217
5832,6771
5833,6771
5834,8202
5834,9010
5835,4773
5835,3278
5835,20486
5836,6727
5837,15934
5838,3696
5838,15558
5839,25331
5840,1914
5841,8709
5842,12969
5842,5618
5842,15858
5843,1300
5843,217
5844,8765
5845,15925
5846,8733
5847,4658
5848,16246
5848,9168
5848,3407
5848,3550
5849,3787
5849,18303
5850,12957
5850,5512
5851,3249
5851,3331
5852,6732
5852,3217
5853,3787
5853,18303
5854,25229
5855,9122
5856,21168
5856,1300
5856,175
5856,8469
5857,3550
5857,18244
5857,13102
5857,22268
5857,22063
5857,20687
5857,24633
5857,25221
5857,7434
5857,16775
5857,6454
5858,8709
5859,5618
5859,24725
5860,722
5861,2289
5861,725
5862,4767
5862,3787
5863,5435
5864,5933
5864,12616
5865,3787
5865,18303
5866,175
5866,12360
5866,3258
5867,9206
5868,8448
5868,1902
5869,8733
5870,1300
5870,3492
5870,13238
5870,6696
5870,175
5870,5414
5870,21478
5870,3304
5870,3357
5871,8247
5872,3314
5873,725
5873,666
5874,6462
5874,287
5874,1274
5875,3787
5875,18303
5876,7933
5876,8343
5877,6747
5877,6664
5877,19213
5877,8199
5878,12579
5879,4785
5880,5512
5881,25309
5882,3787
5882,18303
5883,21220
5884,703
5884,8221
5885,3787
5885,18303
5886,3787
5886,18303
5887,8514
5888,6703
5888,20094
5889,8718
5889,2701
5890,3268
5891,12717
5891,8867
5891,8391
5892,8929
5893,5128
5894,3787
5894,18303
5895,16098
5896,6775
5897,12736
5898,21220
5899,1300
5899,24786
5900,703
5900,2687
5901,20877
5901,8263
5902,15542
5902,8324
5903,3787
5903,18303
5904,5433
5904,6849
5905,24725
5906,21220
5907,21334
5907,12780
5907,3270
5908,12688
5909,20697
5910,1760
5910,2875
5911,16151
5911,4129
5912,3217
5912,9363
5913,13092
5914,6462
5914,12601
5915,2915
5915,12856
5916,8036
5916,8749
5916,3550
5917,6665
5917,16129
5917,6454
5917,4903
5918,15804
5919,8882
5919,13238
5920,3357
5920,5090
5921,3353
5922,3787
5922,18303
5923,6763
5923,15826
5923,3492
5923,24891
5923,946
5923,914
5923,5401
5923,16350
5923,16376
5923,5486
5923,8479
5923,21121
5924,3787
5924,18303
5925,2287
5926,3787
5926,18303
5927,6831
5928,722
5929,15587
5930,310
5931,12742
5931,8247
5932,12333
5933,17643
5933,5864
5934,3787
5934,18303
5935,3321
5935,13290
5936,8765
5937,5504
5937,5295
5938,703
5938,16206
5939,8709
5940,722
5940,8063
5941,2915
5941,6454
5942,3787
5942,18303
5943,3787
5943,18303
5944,3523
5944,8462
5944,3256
5944,6850
5944,7690
5944,21412
5944,19296
5945,8448
5945,8438
5946,5538
5947,3787
5947,18303
5948,6462
5948,6673
5948,3258
5948,19152
5948,6940
5948,2915
5948,3345
5948,16544
5948,8469
5948,21368
5948,19013
5948,217
5949,3787
5949,18303
5950,8471
5951,6462
5951,3258
5952,6462
5952,16151
5952,217
5952,19152
5952,6454
5953,8221
5953,6731
5954,12969
5955,8448
5955,8515
5956,1240
5956,3258
5956,19395
5957,1734
5958,669
5959,2289
5960,17124
5961,8929
5961,3357
5962,2287
5963,2287
5964,13047
5965,17046
5965,8343
5965,9726
5965,23121
5965,21066
5965,22055
5965,24666
5965,4616
5965,16346
5965,5018
5965,8370
5965,10281
5966,12832
5966,8404
5966,8309
5967,722
5968,6462
5968,9691
5968,8099
5968,5714
5969,3328
5969,5733
5969,16908
5969,4116
5969,8343
5969,21463
5969,13119
5969,8571
5969,21018
5969,17761
5969,17425
5969,217
5969,304
5969,3278
5969,12731
5970,21272
5970,9144
5971,24672
5972,8929
5972,3321
5973,2289
5973,722
5973,2287
5973,725
5974,1837
5974,13031
5975,2287
5976,25209
5977,2287
5977,1728
5978,722
5979,669
5980,2287
5981,3787
5981,18303
5982,3787
5982,18303
5983,722
5983,2287
5984,8929
5984,175
5985,8229
5986,8221
5986,3353
5987,8867
5987,4899
5987,8718
5988,16915
5988,15498
5989,3539
5990,6462
5990,4638
5990,175
5990,7474
5990,5512
5990,3357
5990,17233
5991,3787
5991,18303
5992,8387
5993,9071
5993,5293
5993,17892
5993,6611
5994,5414
5994,3492
5994,3357
5994,217
5994,6940
5994,19152
5994,16340
5995,12302
5995,3550
5996,12733
5996,22032
5997,8882
5997,175
5998,1258
5999,3244
5999,8221
6000,287
6000,1274
6000,16285
6001,3787
6001,18303
6002,5036
6002,21397
6002,15132
6003,21014
6003,8515
6004,3787
6004,18303
6005,6462
6005,8929
6005,3357
6006,8929
6006,3258
6007,1492
6008,3787
6008,18303
6009,12844
6010,21220
6010,24946
6011,4179
6011,2801
6011,22491
6011,15841
6012,9771
6012,20935
6012,13250
6012,5196
6012,15525
6012,9740
6012,9663
6013,6462
6013,1300
6013,3517
6013,16151
6013,217
6013,25221
6013,9501
6013,21386
6013,287
6013,22014
6013,3258
6013,3492
6013,13238
6013,19152
6013,16328
6013,12587
6013,3843
6013,8992
6013,5414
6013,3632
6014,8867
6015,21498
6016,12970
6017,15841
6018,1837
6018,13031
6018,3695
6018,9045
6019,18518
6020,24704
6021,15773
6022,1300
6022,21914
6022,17215
6022,13238
6022,22115
6022,3550
6023,702
6023,6361
6024,7729
6024,7019
6025,210
6025,6396
6026,210
6026,1240
6026,4324
6027,2287
6028,210
6029,2829
6029,4566
6029,7386
6030,702
6031,175
6032,19263
6033,6540
6033,853
6034,2829
6034,4324
6035,1734
6036,1734
6036,2264
6037,1734
6037,2264
6038,7133
6038,4324
6039,2287
6040,746
6041,746
6042,746
6043,746
6044,3545
6045,3787
6045,18303
6046,2287
6046,4022
6046,3475
6047,4324
6048,15271
6049,13947
6049,10797
6050,3787
6050,18303
6051,12189
6052,702
6052,7019
6053,722
6053,1734
6053,1914
6053,5804
6054,1240
6055,3787
6055,18303
6056,3787
6056,18303
6057,11848
6057,13676
6058,14235
6058,702
6058,1240
6058,1798
6058,7304
6059,6540
6059,22574
6060,28
6060,2245
6060,21768
6060,10887
6060,11132
6060,175
6060,3357
6060,22878
6060,14561
6060,6190
6061,210
6061,6396
6061,7133
6062,6396
6062,4324
6063,1240
6063,11074
6063,7654
6063,16685
6063,7133
6063,22037
6063,702
6063,175
6063,18561
6063,8022
6064,1240
6065,3787
6065,18303
6066,12957
6066,22012
6067,702
6067,2498
6067,294
6068,4688
6068,6940
6068,16151
6068,175
6068,8002
6068,217
6068,21131
6068,4780
6068,287
6068,3492
6068,19152
6068,12683
6068,13238
6068,20941
6068,3550
6068,6867
6068,4638
6068,5414
6068,3357
6068,6454
6069,3787
6070,702
6070,210
6070,101
6071,6462
6071,5068
6071,175
6071,6994
6072,6396
6072,7019
6073,2687
6074,1240
6074,14060
6074,22642
6074,24762
6075,175
6076,1240
6076,7019
6077,3787
6077,18303
6078,3787
6078,18303
6079,7338
6079,8002
6080,18997
6080,22209
6080,10562
6080,12163
6080,2752
6080,18541
6080,3304
6080,19030
6080,2498
6080,14294
6080,1274
6080,25052
6080,3258
6080,13238
6080,2517
6080,4324
6080,4638
6080,429
6080,14670
6080,3558
6080,14718
6080,2860
6080,17025
6080,18463
6080,6940
6080,18730
6080,175
6080,8002
6080,2340
6080,12175
6080,24109
6080,15363
6080,6213
6080,14513
6080,14186
6080,7133
6080,7805
6080,3357
6080,294
6080,7293
6080,6306
6080,813
6080,12367
6080,14796
6080,14857
6080,12033
6080,11884
6080,6934
6080,24303
6080,931
6080,200
6080,3492
6080,11165
6080,12231
6080,5719
6080,11257
6080,23236
6080,22091
6080,6428
6080,1669
6080,11217
6080,967
6080,14949
6080,6540
6080,3400
6080,11040
6080,10654
6080,2915
6080,17348
6080,7422
6080,13049
6080,10565
6080,853
6081,6332
6081,7019
6082,210
6083,6396
6084,20977
6084,3492
6084,3258
6084,12683
6084,13598
6084,6969
6084,3742
6084,217
6085,4767
6086,4767
6086,3787
6087,702
6087,6396
6087,7019
6088,9319
6089,6462
6089,2915
6090,702
6091,1240
6092,1240
6092,7019
6093,12164
6094,703
6094,12875
6095,702
6095,7019
6096,1240
6096,7019
6097,2829
6097,15225
6097,6189
6097,7386
6098,11428
6098,175
6098,10627
6098,3357
6098,22868
6099,760
6100,2153
6101,702
6101,853
6102,9319
6102,4671
6103,702
6103,6642
6103,13769
6103,4265
6103,22823
6103,3357
6104,13790
6105,1924
6106,1240
6107,2154
6107,2153
6108,1240
6108,7019
6109,4324
6110,702
6110,210
6110,1240
6111,15310
6111,6940
6111,3562
6111,1444
6111,217
6111,3304
6111,6540
6111,10914
6111,3492
6111,3258
6111,13238
6111,15759
6111,3550
6111,6451
6111,210
6111,15650
6111,3357
6112,6381
6112,4324
6113,210
6113,6984
6114,7019
6114,4324
6115,19263
6116,6182
6116,4324
6117,6850
6118,175
6118,23343
6119,702
6120,23487
6120,11428
6120,7133
6121,2915
6121,2829
6121,22151
6122,10835
6123,11860
6123,5057
6123,2142
6123,15141
6123,22890
6123,2618
6123,3677
6123,2699
6123,10743
6124,6940
6125,21688
6125,3755
6126,17380
6127,702
6127,7019
6127,6129
6128,24864
6128,8453
6129,22755
6129,10528
6129,22724
6129,6763
6129,21764
6129,24426
6129,22994
6129,11779
6129,12074
6129,1952
6129,23190
6129,18482
6129,11210
6129,3821
6129,6127
6129,21942
6129,131
6129,13238
6129,15279
6129,2517
6129,14608
6129,19043
6129,16591
6129,14083
6129,1470
6129,7071
6129,22346
6129,6940
6129,19721
6129,13270
6129,23464
6129,14252
6129,875
6129,13506
6129,14865
6129,5720
6129,23444
6129,7604
6129,517
6129,11687
6129,2566
6129,13349
6129,3357
6129,15728
6129,20399
6129,12748
6129,6461
6129,813
6129,5070
6129,19639
6129,17052
6129,22657
6129,19917
6129,11244
6129,22738
6129,409
6129,14080
6129,3492
6129,18729
6129,2088
6129,1789
6129,23462
6129,2677
6129,2680
6129,15065
6129,23124
6129,14645
6129,13875
6129,7214
6129,3562
6129,14556
6129,1669
6129,19619
6129,19715
6129,6540
6129,12204
6129,1711
6129,22034
6129,15672
6129,15052
6129,18629
6129,1197
6129,14775
6129,11536
6129,14597
6129,853
6129,23228
6129,22702
6129,1674
6129,2829
6129,24485
6129,15254
6129,14455
6129,12957
6129,6465
6129,7260
6129,3304
6129,1416
6129,217
6129,19030
6129,1423
6129,10611
6129,13118
6129,11162
6129,544
6129,13401
6129,4324
6129,22078
6129,1722
6129,22908
6129,14718
6129,11630
6129,22461
6129,19671
6129,21822
6129,14325
6129,6405
6129,2404
6129,175
6129,8002
6129,21842
6129,20271
6129,16710
6129,11818
6129,1590
6129,20941
6129,696
6129,294
6129,15276
6129,14574
6129,7078
6129,21779
6129,1300
6129,419
6129,19536
6129,20307
6129,7047
6129,13971
6129,24235
6129,12025
6129,10685
6129,17269
6129,15524
6129,24802
6129,739
6129,15211
6129,13552
6129,6340
6129,19730
6129,7937
6129,19588
6129,2531
6129,925
6129,479
6129,2959
6129,23500
6129,920
6129,10318
6129,23406
6129,20293
6129,6265
6129,2915
6129,14070
6129,1494
6129,19797
6129,19690
6129,15044
6130,6396
6130,3550
6131,7912
6131,6225
6131,1522
6131,6518
6131,2207
6131,10733
6131,6940
6131,2424
6131,19152
6131,702
6131,210
6131,7060
6131,3357
6131,21608
6131,2153
6132,7133
6133,1240
6133,11457
6134,20300
6135,3217
6136,3787
6136,9458
6137,210
6137,1240
6138,210
6138,2829
6138,7386
6139,7019
6140,1300
6140,18535
6140,3492
6140,3562
6140,7438
6140,3550
6140,2915
6140,702
6140,13520
6140,1669
6140,3321
6140,3357
6140,6454
6140,11868
6141,3168
6141,3194
6141,3100
6141,1628
6141,3186
6141,3339
6141,21825
6141,11238
6141,3598
6141,4419
6141,18679
6141,7314
6141,22412
6141,22700
6141,7466
6141,677
6141,11695
6141,22699
6141,3175
6141,22081
6141,4408
6141,4434
6141,1641
6141,18748
6141,23489
6141,13523
6141,3064
6141,936
6141,3283
6141,6940
6141,7418
6141,23129
6141,19133
6141,175
6141,3417
6141,18577
6141,4482
6141,3199
6141,14283
6141,19316
6141,3231
6141,3497
6141,3440
6141,19152
6141,22690
6141,13317
6141,7911
6141,17109
6141,22928
6141,11312
6141,2048
6141,22129
6141,1012
6141,11634
6141,3133
6141,3492
6141,3160
6141,19583
6141,3076
6141,21757
6141,22679
6141,3099
6141,3311
6141,3287
6141,4443
6141,10698
6141,3237
6141,10363
6141,21766
6141,3318
6141,3411
6141,6540
6141,3412
6141,3373
6141,3550
6141,19170
6141,19742
6141,14869
6141,4432
6141,3238
6141,4271
6141,3257
6141,19724
6141,4441
6142,6518
6142,956
6143,1240
6143,7019
6144,24946
6145,7265
6145,3562
6146,19095
6146,11457
6146,4324
6147,2829
6147,6383
6148,12957
6149,702
6149,7019
6149,7133
6150,8062
6151,3562
6152,210
6152,1240
6153,3787
6153,4671
6154,4324
6155,175
6155,1749
6155,1135
6156,16714
6157,22774
6157,7133
6158,1240
6158,10752
6159,2829
6159,7019
6160,9319
6160,4671
6161,175
6161,3504
6161,8438
6162,7019
6163,702
6163,210
6164,23863
6164,4776
6164,18189
6164,10027
6164,24120
6164,9300
6164,9233
6164,702
6164,18393
6164,23749
6165,1240
6165,7019
6166,5433
6166,6849
6167,702
6167,1240
6167,7019
6168,7912
6168,702
6168,1240
6168,14324
6168,3357
6168,7019
6168,4324
6169,10911
6170,702
6171,1240
6172,853
6173,9258
6174,175
6174,13707
6175,1240
6176,8264
6176,9199
6177,23353
6178,7019
6178,7133
6179,1300
6179,6314
6179,13801
6179,1240
6179,6250
6179,7170
6179,6940
6179,20078
6179,702
6179,8002
6179,7019
6179,3304
6179,217
6179,19030
6179,6540
6179,3492
6179,13238
6179,12108
6179,12097
6179,16459
6179,23394
6179,3357
6180,1240
6180,10914
6180,7019
6180,14743
6181,3742
6182,15085
6182,1147
6182,23116
6182,2435
6182,23224
6182,6116
6182,15897
6182,498
6182,6396
6182,15093
6182,24624
6182,23260
6182,6648
6182,23546
6182,7215
6182,18547
6182,23262
6182,17164
6182,1240
6182,22969
6182,6217
6182,2212
6182,2531
6182,11478
6182,22737
6182,6594
6182,662
6182,7943
6182,14408
6182,7912
6182,2409
6182,19152
6182,12670
6182,14542
6182,20308
6182,24132
6182,1818
6182,17090
6182,3357
6183,102
6184,6850
6185,1240
6185,3550
6186,23305
6187,9499
6187,19856
6187,12183
6187,3550
6187,14744
6188,22352
6188,2906
6189,6097
6190,6060
6190,175
6190,3357
6190,13386
6191,175
6191,22823
6191,3492
6191,23353
6191,12990
6191,853
6191,3550
6192,210
6192,1240
6193,2154
6193,2153
6194,210
6194,1240
6195,11482
6195,702
6196,702
6196,1240
6196,7019
6196,3562
6197,175
6198,2978
6198,17031
6198,11713
6198,11370
6198,7542
6198,6702
6198,13565
6198,6390
6198,14396
6198,1103
6198,16759
6198,22788
6198,19605
6198,14587
6198,10663
6198,110
6198,845
6198,19883
6198,1124
6198,16953
6198,14553
6198,11584
6198,22587
6198,14298
6198,11410
6198,19380
6198,1974
6198,2898
6198,11129
6198,22741
6198,10441
6198,18839
6198,210
6198,13140
6198,10892
6198,24093
6198,18663
6198,11066
6198,354
6198,1379
6198,6913
6199,22084
6199,22675
6199,19900
6199,15620
6199,6925
6199,6813
6199,20394
6199,17109
6199,18803
6199,17110
6199,1384
6199,6661
6199,6390
6199,19659
6199,6837
6199,14183
6199,15115
6199,2538
6199,14282
6199,20299
6199,11969
6199,2008
6199,19276
6199,2816
6199,12238
6199,1577
6200,2915
6200,210
6201,175
6201,22336
6201,6326
6202,16153
6202,120
6203,3258
6204,11968
6204,11687
6204,10869
6204,10852
6204,10398
6204,22708
6204,20188
6205,6462
6206,13229
6206,15498
6207,1240
6207,175
6208,175
6208,6362
6209,18518
6210,2915
6210,10913
6211,2915
6212,578
6212,853
6213,1240
6213,6080
6214,2518
6214,3550
6215,210
6216,3492
6216,3357
6217,6396
6217,6182
6218,702
6218,7019
6219,1240
6219,12180
6220,1240
6220,7019
6221,702
6221,3357
6221,3550
6222,7073
6222,14733
6222,12418
6222,22533
6222,12536
6222,24195
6222,13956
6222,14969
6222,3039
6222,7308
6222,11076
6222,1605
6222,19475
6222,15080
6222,14398
6222,953
6222,1056
6222,16450
6222,3550
6222,19419
6222,16451
6222,18886
6222,14948
6222,11201
6222,3357
6222,14718
6223,1240
6223,24001
6223,11232
6223,1339
6224,4324
6225,6131
6226,6540
6226,5770
6227,702
6227,7019
6228,175
6228,6454
6229,1240
6229,7019
6230,4042
6230,9305
6231,175
6231,22336
6231,6326
6232,7019
6232,6984
6233,175
6233,3357
6234,702
6234,22705
6235,1240
6236,702
6236,210
6236,7019
6237,11767
6238,8929
6238,8566
6239,6583
6239,13791
6240,7133
6241,8199
6242,175
6243,8805
6244,4324
6245,7912
6245,13248
6245,9472
6245,18060
6245,9250
6245,11909
6245,8842
6246,3562
6247,4324
6247,7133
6248,10912
6248,3550
6249,1240
6249,4324
6250,6540
6250,13801
6250,4475
6250,6179
6250,6940
6250,4437
6251,7912
6251,16242
6251,702
6251,210
6251,7019
6251,20478
6252,17566
6252,4751
6253,13505
6254,10911
6254,7019
6255,702
6256,1240
6257,7030
6258,10911
6258,12179
6259,22793
6259,19957
6260,702
6260,210
6261,1786
6262,15964
6262,23392
6262,14270
6262,702
6262,14391
6262,4058
6262,20048
6262,17055
6263,7576
6264,714
6264,58
6264,19531
6265,7019
6265,6129
6266,175
6267,25288
6268,8016
6268,5007
6269,3304
6269,8822
6270,5694
6270,22774
6271,20116
6271,21528
6272,702
6272,6518
6273,11179
6273,4324
6274,702
6274,1240
6275,14826
6275,2829
6275,7019
6276,6396
6276,22970
6277,18736
6277,6722
6277,6726
6278,7475
6279,4324
6280,3357
6281,3603
6281,6540
6281,175
6282,1240
6282,7019
6283,6913
6284,22774
6285,175
6286,2430
6286,14174
6286,3357
6286,7019
6286,11612
6286,3562
6286,14601
6287,702
6287,1240
6288,1240
6289,14443
6289,19095
6290,702
6290,7019
6291,7019
6292,4751
6293,6940
6294,9932
6295,19093
6296,23034
6296,6540
6296,1240
6296,15178
6296,3492
6296,23293
6296,6940
6296,702
6296,14675
6296,19030
6297,3550
6298,7019
6299,18867
6299,7584
6299,1471
6299,23481
6299,14844
6299,22074
6299,12921
6299,6530
6299,7354
6299,16508
6299,22774
6299,2780
6299,14591
6299,460
6300,3357
6301,175
6301,10722
6301,4324
6302,175
6303,210
6304,17676
6304,10911
6304,9226
6304,13790
6304,2552
6304,10027
6304,2517
6304,3550
6304,702
6304,7019
6304,4516
6304,19263
6305,22207
6305,6344
6305,7019
6305,13577
6306,175
6306,6080
6307,14552
6307,702
6307,12957
6307,3550
6308,702
6308,1240
6308,7019
6309,7019
6310,702
6310,7229
6310,7019
6311,210
6311,702
6311,175
6312,12736
6312,9122
6313,11968
6314,6179
6314,6940
6315,175
6315,13489
6315,3357
6316,6462
6316,2226
6316,11016
6316,2829
6316,6940
6316,702
6316,24919
6316,7019
6316,6540
6316,4475
6316,13800
6316,2517
6316,1281
6316,4324
6316,4437
6316,294
6317,15271
6317,1240
6317,2829
6317,2552
6317,19095
6317,1786
6317,15207
6317,3777
6317,13610
6317,7460
6317,23127
6317,7229
6317,23353
6318,7133
6319,210
6319,702
6319,7019
6319,4324
6320,702
6320,7019
6321,1300
6321,15880
6321,16151
6321,7118
6321,18961
6321,217
6321,23867
6321,7925
6321,287
6321,10636
6321,8578
6321,3492
6321,13238
6321,2792
6321,12291
6321,9676
6321,6454
6321,21449
6321,14680
6321,6940
6321,19681
6321,25179
6321,25153
6321,175
6321,17314
6321,24766
6321,8002
6321,3334
6321,3214
6321,9587
6321,19412
6321,77
6321,8608
6321,15704
6321,18015
6321,19152
6321,3550
6321,5414
6321,20783
6322,1240
6322,7019
6323,7833
6323,3357
6324,10911
6324,19263
6325,702
6325,704
6326,6946
6326,17197
6326,573
6326,7019
6326,7387
6326,6331
6326,3492
6326,11829
6326,11418
6326,104
6326,15120
6326,7969
6326,6201
6326,6549
6326,8179
6326,21667
6326,1321
6326,6231
6326,1240
6326,22336
6326,13243
6326,25299
6326,15119
6326,15338
6326,7912
6326,22979
6326,161
6326,11687
6326,18556
6326,39
6326,210
6326,25038
6326,3357
6326,294
6327,14746
6327,3550
6327,4324
6328,11534
6328,16753
6328,14834
6328,1919
6328,12957
6328,1916
6328,20162
6328,11768
6328,14750
6328,18706
6328,3304
6328,217
6328,19030
6328,13827
6328,13912
6328,16942
6328,19235
6328,2498
6328,871
6328,1274
6328,11267
6328,15103
6328,13238
6328,2517
6328,19172
6328,4638
6328,3603
6328,19424
6328,555
6328,3558
6328,22718
6328,11662
6328,887
6328,23081
6328,1240
6328,23013
6328,19063
6328,37
6328,6940
6328,219
6328,18969
6328,702
6328,13729
6328,22951
6328,175
6328,10601
6328,13624
6328,8002
6328,19042
6328,959
6328,11800
6328,17002
6328,24603
6328,10401
6328,14281
6328,24769
6328,5414
6328,3357
6328,2626
6328,2629
6328,19753
6328,16584
6328,1826
6328,21932
6328,11626
6328,14874
6328,19191
6328,19876
6328,488
6328,16151
6328,23164
6328,20219
6328,23185
6328,23449
6328,287
6328,1543
6328,1562
6328,3492
6328,22800
6328,14367
6328,13954
6328,11165
6328,25336
6328,12189
6328,11918
6328,272
6328,2015
6328,13230
6328,16115
6328,7993
6328,23537
6328,19793
6328,21805
6328,1669
6328,16570
6328,7232
6328,8058
6328,3214
6328,2093
6328,19017
6328,6540
6328,25308
6328,11760
6328,6408
6328,7748
6328,22624
6328,3360
6328,23524
6328,7217
6328,23230
6328,15508
6328,21672
6328,16519
6328,853
6328,19663
6328,2410
6329,15291
6329,20162
6330,15082
6330,20206
6331,702
6331,6326
6332,6081
6332,20289
6332,19095
6333,1240
6333,3641
6333,8152
6333,7133
6334,19407
6334,14743
6335,1240
6335,12180
6336,1576
6337,6396
6337,2815
6337,16853
6338,702
6338,1240
6338,2065
6338,12864
6338,23442
6338,11269
6338,7019
6339,8247
6339,20961
6340,6129
6341,702
6341,6396
6342,702
6342,7019
6343,11173
6343,18593
6343,11678
6343,8152
6344,6305
6345,18991
6345,210
6346,3321
6346,9064
6347,1240
6347,7019
6348,8016
6348,23127
6349,7133
6350,175
6350,23182
6350,3562
6351,6977
6351,19263
6352,10475
6352,3742
6353,3562
6353,3550
6353,702
6353,210
6353,14746
6353,19856
6353,3357
6353,7019
6353,11487
6354,9838
6354,10224
6355,3562
6356,6396
6357,22319
6357,11097
6358,702
6358,4324
6359,3738
6359,3594
6360,7019
6361,7661
6361,25017
6361,438
6361,6023
6361,4324
6361,102
6361,7576
6361,22740
6361,16539
6362,10544
6362,210
6362,16853
6362,11668
6362,6208
6363,2712
6363,2829
6363,4324
6364,1240
6365,6462
6365,13343
6365,20345
6365,3357
6365,4324
6366,5657
6367,175
6367,3702
6367,14263
6368,1240
6368,21798
6369,2915
6370,12969
6371,3562
6372,702
6372,1083
6373,24222
6373,15168
6373,2829
6373,6999
6373,13167
6373,3492
6373,23970
6373,14226
6373,14021
6373,1031
6374,702
6374,1240
6374,22773
6375,3357
6375,10887
6376,9499
6376,18232
6377,14986
6378,4324
6379,702
6379,19263
6380,175
6380,3550
6381,6914
6381,10274
6381,6112
6381,7538
6381,19031
6381,23068
6381,22797
6381,845
6381,6916
6381,835
6381,23539
6381,6913
6381,6390
6382,23519
6382,19156
6382,6390
6383,6147
6383,23043
6383,2101
6383,10385
6383,11687
6383,19958
6383,6390
6383,14237
6383,4455
6383,22708
6384,1838
6384,23178
6384,10664
6384,19842
6384,11726
6384,655
6384,11981
6384,6390
6384,23510
6384,18475
6384,10589
6384,14049
6385,2924
6385,11355
6385,6390
6385,13551
6385,16199
6385,23151
6385,2004
6386,855
6386,2124
6386,24529
6386,10670
6386,6390
6387,25058
6387,15002
6387,2434
6387,21838
6387,13995
6387,10614
6387,11971
6387,630
6387,6390
6387,23200
6387,20398
6387,13782
6387,21788
6387,239
6388,2995
6388,10385
6388,19952
6388,3902
6388,6390
6388,647
6389,3465
6389,13602
6389,839
6389,22536
6389,18849
6389,14765
6389,11110
6389,22466
6389,6390
6389,17350
6389,543
6390,6763
6390,813
6390,11713
6390,5215
6390,6386
6390,7893
6390,7894
6390,6384
6390,12957
6390,8064
6390,6383
6390,7019
6390,3258
6390,3492
6390,5003
6390,4324
6390,6381
6390,4638
6390,8063
6390,6388
6390,6387
6390,12223
6390,7892
6390,6382
6390,6940
6390,6389
6390,702
6390,175
6390,8002
6390,7895
6390,6385
6390,3550
6390,8061
6390,6199
6390,8062
6390,3357
6390,6198
6390,853
6391,6540
6391,856
6392,1222
6393,175
6393,3357
6393,4324
6394,19263
6395,702
6395,7133
6396,23512
6396,21922
6396,11912
6396,12216
6396,7592
6396,463
6396,18582
6396,10525
6396,1246
6396,11273
6396,22847
6396,23280
6396,22257
6396,3834
6396,13903
6396,2517
6396,15043
6396,23048
6396,14608
6396,12014
6396,17345
6396,4550
6396,2335
6396,22065
6396,17157
6396,8059
6396,7974
6396,6087
6396,7863
6396,13423
6396,22704
6396,22352
6396,16938
6396,13219
6396,18991
6396,15592
6396,16814
6396,16853
6396,6083
6396,20253
6396,16811
6396,916
6396,15166
6396,19198
6396,19743
6396,7538
6396,13421
6396,11675
6396,14511
6396,13381
6396,16411
6396,16658
6396,6588
6396,1395
6396,25053
6396,41
6396,68
6396,813
6396,23052
6396,945
6396,3656
6396,20311
6396,6337
6396,6072
6396,22978
6396,13653
6396,22596
6396,12962
6396,13491
6396,11959
6396,14011
6396,17351
6396,19439
6396,24173
6396,13454
6396,575
6396,19965
6396,16271
6396,2225
6396,16676
6396,20275
6396,20130
6396,15
6396,10697
6396,7787
6396,12308
6396,2795
6396,6446
6396,23405
6396,16751
6396,22226
6396,23252
6396,16543
6396,6594
6396,20099
6396,14561
6396,25244
6396,14960
6396,23378
6396,13645
6396,14408
6396,16057
6396,6061
6396,2058
6396,2521
6396,19678
6396,2727
6396,99
6396,13724
6396,44
6396,956
6396,14040
6396,13543
6396,22145
6396,3956
6396,14576
6396,16079
6396,22880
6396,836
6396,11483
6396,25337
6396,10678
6396,11471
6396,11072
6396,2468
6396,19541
6396,104
6396,11475
6396,14718
6396,24973
6396,11004
6396,18763
6396,6217
6396,16493
6396,16234
6396,18602
6396,92
6396,11909
6396,23225
6396,1748
6396,14307
6396,12663
6396,175
6396,1544
6396,14591
6396,796
6396,10959
6396,1211
6396,15088
6396,17316
6396,19579
6396,6025
6396,22912
6396,5062
6396,11900
6396,17325
6396,24980
6396,23429
6396,1273
6396,13467
6396,18644
6396,19753
6396,2897
6396,4182
6396,2112
6396,13840
6396,14429
6396,19624
6396,14977
6396,14625
6396,13814
6396,11021
6396,10726
6396,3730
6396,10352
6396,23397
6396,15292
6396,16423
6396,22959
6396,16614
6396,11180
6396,19772
6396,570
6396,10649
6396,22220
6396,1991
6396,20022
6396,19309
6396,11131
6396,10476
6396,13920
6396,6130
6396,11421
6396,16823
6396,10910
6396,14666
6396,1212
6396,17371
6396,22826
6396,14062
6396,19658
6396,3686
6396,23519
6396,15066
6396,17113
6396,16989
6396,23082
6396,8044
6396,6276
6396,13907
6396,14488
6396,126
6396,6622
6396,23010
6396,12044
6396,14505
6396,1276
6396,11453
6396,3258
6396,11426
6396,7139
6396,6341
6396,345
6396,16600
6396,21
6396,11108
6396,13748
6396,6454
6396,2854
6396,15072
6396,14640
6396,1589
6396,22170
6396,107
6396,12100
6396,6062
6396,24145
6396,14289
6396,15368
6396,17099
6396,19669
6396,21797
6396,1518
6396,1559
6396,11256
6396,1704
6396,15377
6396,11271
6396,7769
6396,13876
6396,22049
6396,1701
6396,19473
6396,6973
6396,6615
6396,3357
6396,24341
6396,11509
6396,22929
6396,10571
6396,10724
6396,19763
6396,18920
6396,21616
6396,15125
6396,1975
6396,11064
6396,6504
6396,13434
6396,11006
6396,15886
6396,7764
6396,11546
6396,9247
6396,11190
6396,6356
6396,16397
6396,17059
6396,11873
6396,11775
6396,19996
6396,616
6396,24115
6396,14003
6396,21901
6396,23371
6396,14618
6396,7001
6396,7214
6396,7716
6396,6420
6396,974
6396,1369
6396,22159
6396,19828
6396,10553
6396,22741
6396,20369
6396,2734
6396,1408
6396,13997
6396,853
6396,22023
6396,16734
6396,6182
6396,6816
6396,16064
6396,16691
6396,19109
6396,2445
6396,22447
6396,22816
6396,73
6396,13424
6396,13410
6396,23279
6396,2498
6396,24352
6396,19899
6396,93
6396,10795
6396,7234
6396,22988
6396,20383
6396,23100
6396,4598
6396,13420
6396,6458
6396,4386
6396,7755
6396,24068
6396,2695
6396,13422
6396,18925
6396,450
6396,211
6396,7261
6396,610
6396,8120
6396,13825
6396,15047
6396,23346
6396,23445
6396,23050
6396,1300
6396,24678
6396,13804
6396,22747
6396,1237
6396,15212
6396,2956
6396,7854
6396,22850
6396,1429
6396,22728
6396,7019
6396,20276
6396,557
6396,11583
6396,574
6396,11710
6396,6593
6396,13849
6396,13741
6396,22771
6396,13218
6396,24092
6396,700
6396,23492
6396,14374
6396,797
6396,4367
6396,22856
6396,1295
6396,22985
6396,16926
6396,14218
6396,2791
6396,17194
6396,13631
6396,1183
6396,2781
6396,11670
6396,2012
6396,13696
6396,10654
6396,13390
6396,19401
6396,6429
6396,22991
6396,24465
6396,22830
6396,19559
6396,12852
6397,4726
6397,17820
6398,1240
6399,7019
6400,16811
6401,2915
6401,1240
6401,3203
6402,15291
6403,24357
6403,10719
6403,2782
6403,11476
6403,702
6403,11115
6403,11781
6403,7019
6403,10695
6403,13493
6404,23931
6405,14986
6405,1240
6405,7019
6405,6129
6405,3550
6406,15573
6406,3492
6406,19152
6406,6940
6406,3562
6407,294
6408,6940
6408,23102
6408,6328
6408,3131
6408,7082
6408,2397
6408,702
6408,175
6408,15032
6408,22623
6408,217
6408,17267
6408,19030
6408,11868
6408,6540
6408,7789
6408,23499
6408,2517
6408,3603
6408,7417
6409,23343
6410,175
6411,702
6412,702
6413,20102
6413,17449
6413,9829
6413,7740
6413,8962
6413,5401
6413,8961
6413,6454
6414,3301
6414,4756
6415,5714
6416,210
6416,1240
6417,1240
6417,4324
6418,210
6418,1240
6419,1786
6419,4324
6420,702
6420,1240
6420,2829
6420,6396
6421,2915
6422,175
6422,7133
6423,7019
6423,5063
6424,1240
6424,7276
6424,21719
6424,3562
6424,23039
6424,702
6424,12103
6424,1503
6424,7019
6424,1597
6424,20422
6425,210
6426,3217
6426,2855
6427,19909
6428,6080
6428,7019
6429,7265
6429,175
6429,6396
6429,3562
6430,6763
6430,3083
6430,3164
6430,4312
6430,1645
6430,3057
6430,19227
6430,6536
6430,16875
6430,17148
6430,101
6430,1639
6430,22861
6430,3440
6430,20192
6430,11341
6430,14709
6430,520
6430,22048
6431,2725
6431,14938
6431,18752
6431,3550
6431,14833
6431,7731
6431,22862
6431,3357
6431,14321
6431,23989
6432,7019
6433,2857
6433,6462
6433,1300
6433,1240
6433,813
6433,6940
6433,702
6433,8929
6433,1669
6433,8002
6433,7019
6433,217
6433,19030
6433,6540
6433,1274
6433,3492
6433,3258
6433,19152
6433,13238
6433,2517
6433,7133
6433,3550
6433,11687
6433,3357
6433,11487
6434,5652
6435,9477
6436,702
6436,7019
6437,4789
6438,7019
6439,2383
6439,17207
6439,2829
6439,2394
6439,7386
6440,9659
6440,6649
6441,1240
6441,3562
6442,15086
6442,4324
6443,702
6444,210
6444,702
6445,3301
6446,6396
6446,7133
6447,210
6448,1786
6449,703
6449,702
6449,12969
6449,287
6449,7019
6449,704
6450,4324
6451,14537
6451,4475
6451,22823
6451,6111
6451,4437
6452,210
6453,12180
6453,3357
6453,6940
6454,18948
6454,12842
6454,13538
6454,16171
6454,18115
6454,22635
6454,20338
6454,19914
6454,24099
6454,16532
6454,20300
6454,2819
6454,4590
6454,8939
6454,19720
6454,10400
6454,8298
6454,5646
6454,16081
6454,14000
6454,1274
6454,16339
6454,2517
6454,13996
6454,8687
6454,8658
6454,20760
6454,7501
6454,8301
6454,21780
6454,1258
6454,13006
6454,12323
6454,15612
6454,3308
6454,21095
6454,18377
6454,4789
6454,22352
6454,9830
6454,18105
6454,3226
6454,3325
6454,8379
6454,3742
6454,13174
6454,8400
6454,5558
6454,24087
6454,5433
6454,8362
6454,11648
6454,17274
6454,7481
6454,15636
6454,24638
6454,8955
6454,4135
6454,10434
6454,20641
6454,22153
6454,5124
6454,7474
6454,9115
6454,21079
6454,9382
6454,10383
6454,16244
6454,10311
6454,12629
6454,25106
6454,813
6454,15014
6454,15536
6454,12042
6454,23890
6454,14721
6454,19497
6454,11291
6454,8718
6454,8402
6454,15946
6454,11961
6454,3492
6454,19591
6454,9300
6454,11268
6454,820
6454,18631
6454,8347
6454,6736
6454,19812
6454,5232
6454,4652
6454,14421
6454,8967
6454,4658
6454,15451
6454,5606
6454,4517
6454,10132
6454,13932
6454,12912
6454,9192
6454,391
6454,23753
6454,10834
6454,16509
6454,9535
6454,15251
6454,3293
6454,2043
6454,15558
6454,18535
6454,2829
6454,22843
6454,8199
6454,23456
6454,12957
6454,1377
6454,2487
6454,18706
6454,3304
6454,420
6454,6396
6454,15700
6454,21959
6454,19868
6454,4638
6454,4088
6454,22678
6454,13490
6454,10285
6454,12522
6454,16042
6454,18019
6454,17566
6454,8709
6454,22514
6454,5589
6454,702
6454,8929
6454,175
6454,8469
6454,8221
6454,19042
6454,7553
6454,559
6454,20941
6454,10613
6454,16534
6454,15696
6454,10361
6454,5617
6454,21264
6454,238
6454,19753
6454,16266
6454,9335
6454,5770
6454,5401
6454,16098
6454,25100
6454,1643
6454,23149
6454,6698
6454,25287
6454,6228
6454,15522
6454,10475
6454,20054
6454,9156
6454,287
6454,7909
6454,5512
6454,20962
6454,24327
6454,213
6454,19962
6454,12655
6454,25309
6454,7739
6454,21571
6454,25352
6454,8867
6454,13102
6454,12487
6454,43
6454,16129
6454,8302
6454,8076
6454,5431
6454,22026
6454,8781
6454,9211
6454,6550
6454,19475
6454,7748
6454,5237
6454,2915
6454,4726
6454,12422
6454,19079
6454,20916
6454,18404
6454,4781
6454,13004
6454,6763
6454,25233
6454,5917
6454,21950
6454,11808
6454,12520
6454,20773
6454,18244
6454,14834
6454,10930
6454,377
6454,15170
6454,9584
6454,3258
6454,12970
6454,8919
6454,5952
6454,24876
6454,5203
6454,5638
6454,14590
6454,17555
6454,2518
6454,12223
6454,24246
6454,24943
6454,15809
6454,20745
6454,6068
6454,16816
6454,1240
6454,6806
6454,5572
6454,24219
6454,10601
6454,15707
6454,804
6454,24635
6454,2364
6454,9395
6454,4460
6454,20732
6454,2861
6454,11652
6454,12635
6454,13913
6454,20486
6454,2236
6454,7133
6454,3591
6454,9032
6454,6140
6454,18564
6454,17894
6454,23394
6454,8270
6454,8495
6454,24400
6454,18361
6454,3357
6454,3210
6454,6905
6454,6462
6454,3781
6454,15621
6454,185
6454,8723
6454,4706
6454,9931
6454,18445
6454,12400
6454,4636
6454,3119
6454,10374
6454,5460
6454,17976
6454,458
6454,8069
6454,12969
6454,941
6454,25138
6454,5661
6454,13979
6454,14438
6454,8805
6454,7595
6454,333
6454,16354
6454,3562
6454,16132
6454,12875
6454,6413
6454,16372
6454,703
6454,25154
6454,10284
6454,1669
6454,8196
6454,8782
6454,20719
6454,23505
6454,13248
6454,15787
6454,6540
6454,7519
6454,5857
6454,578
6454,16755
6454,22000
6454,12415
6454,8211
6454,8168
6454,5417
6454,210
6454,5389
6454,21600
6454,2687
6454,853
6454,2406
6454,8422
6454,9051
6454,6649
6454,20937
6454,8528
6454,5941
6454,24044
6454,23047
6454,19430
6454,14989
6454,25280
6454,20854
6454,4756
6454,298
6454,18483
6454,21386
6454,16942
6454,2498
6454,7186
6454,5211
6454,24103
6454,13383
6454,22299
6454,3558
6454,10131
6454,2530
6454,338
6454,24440
6454,4540
6454,22955
6454,13910
6454,24495
6454,3143
6454,7283
6454,6657
6454,3209
6454,7782
6454,8608
6454,9076
6454,24725
6454,5382
6454,23238
6454,18486
6454,5414
6454,11105
6454,10688
6454,294
6454,1300
6454,9151
6454,17779
6454,6831
6454,9474
6454,20618
6454,7086
6454,16277
6454,15436
6454,7019
6454,15539
6454,11609
6454,4983
6454,15841
6454,10550
6454,13194
6454,25095
6454,20049
6454,12189
6454,3321
6454,12060
6454,11855
6454,21461
6454,332
6454,19451
6454,4941
6454,13512
6454,6321
6454,20722
6454,9319
6454,8342
6454,5583
6454,15594
6454,9669
6454,23607
6454,14167
6454,22250
6454,14357
6454,23545
6454,3314
6454,12903
6454,2201
6454,11260
6454,10479
6454,4063
6454,3550
6454,23812
6454,358
6454,5411
6454,24078
6454,7694
6455,24153
6455,650
6455,25011
6455,3562
6455,4437
6455,3550
6455,18985
6455,175
6455,3357
6455,7019
6456,7082
6456,175
6457,6540
6457,3492
6457,6940
6457,3131
6457,19030
6458,6396
6459,3054
6459,23521
6459,14755
6459,8152
6459,3166
6460,11847
6460,1240
6460,22578
6460,23400
6460,2915
6460,7351
6460,3357
6460,651
6461,702
6461,6129
6462,23083
6462,16238
6462,20338
6462,8913
6462,6597
6462,20736
6462,11496
6462,13750
6462,11948
6462,18345
6462,1274
6462,4752
6462,2517
6462,8658
6462,12125
6462,8420
6462,7718
6462,21780
6462,8099
6462,1258
6462,13006
6462,21729
6462,24003
6462,21095
6462,22005
6462,21100
6462,22557
6462,5377
6462,8609
6462,17061
6462,20367
6462,18991
6462,6912
6462,20238
6462,4196
6462,11052
6462,14341
6462,20716
6462,20640
6462,24991
6462,25027
6462,8313
6462,5124
6462,9115
6462,19603
6462,15022
6462,20496
6462,12907
6462,15536
6462,8190
6462,14611
6462,19497
6462,1578
6462,20109
6462,8402
6462,1189
6462,19523
6462,12860
6462,19248
6462,20521
6462,18631
6462,7787
6462,11227
6462,7152
6462,22108
6462,4173
6462,4320
6462,8448
6462,6005
6462,11027
6462,16587
6462,23066
6462,4199
6462,17358
6462,20705
6462,6937
6462,11136
6462,7460
6462,8148
6462,20636
6462,12905
6462,9825
6462,9916
6462,20921
6462,17044
6462,20954
6462,7699
6462,5633
6462,18415
6462,2130
6462,12957
6462,16239
6462,3926
6462,2191
6462,3304
6462,4037
6462,9333
6462,2621
6462,8764
6462,2328
6462,8091
6462,11791
6462,5771
6462,4324
6462,4638
6462,6719
6462,9144
6462,13591
6462,16638
6462,22746
6462,18538
6462,22514
6462,10309
6462,8929
6462,14934
6462,14278
6462,8221
6462,22796
6462,3855
6462,14993
6462,8882
6462,7131
6462,16137
6462,2254
6462,19930
6462,8976
6462,23491
6462,15227
6462,7421
6462,6316
6462,19217
6462,2924
6462,13911
6462,24587
6462,1805
6462,5399
6462,1259
6462,16423
6462,22426
6462,11574
6462,287
6462,5512
6462,16802
6462,17004
6462,18599
6462,12972
6462,213
6462,24895
6462,5386
6462,14774
6462,16035
6462,43
6462,13286
6462,20172
6462,580
6462,8340
6462,15704
6462,11541
6462,7791
6462,2714
6462,20379
6462,16459
6462,8684
6462,2857
6462,15962
6462,6763
6462,5990
6462,14593
6462,10566
6462,20268
6462,22206
6462,317
6462,24777
6462,21699
6462,8388
6462,21248
6462,168
6462,9162
6462,9448
6462,3258
6462,15279
6462,5952
6462,24876
6462,5095
6462,7688
6462,2671
6462,1240
6462,6940
6462,8576
6462,6089
6462,20924
6462,2909
6462,6205
6462,15427
6462,11279
6462,7133
6462,19919
6462,15655
6462,12601
6462,8270
6462,3357
6462,3301
6462,5714
6462,3815
6462,935
6462,13050
6462,4665
6462,19338
6462,13009
6462,2596
6462,12514
6462,20977
6462,24368
6462,15675
6462,8872
6462,13769
6462,22547
6462,8158
6462,1371
6462,19407
6462,21222
6462,8531
6462,8458
6462,3403
6462,17255
6462,18552
6462,5715
6462,16456
6462,2060
6462,8852
6462,20563
6462,6540
6462,19129
6462,8343
6462,18772
6462,17791
6462,3901
6462,16667
6462,19219
6462,5298
6462,16282
6462,34
6462,1471
6462,22739
6462,14301
6462,24721
6462,9182
6462,3915
6462,1432
6462,21372
6462,19030
6462,6988
6462,14294
6462,5914
6462,6901
6462,20135
6462,2530
6462,16163
6462,16986
6462,24731
6462,10339
6462,24872
6462,4010
6462,19271
6462,18947
6462,22322
6462,7151
6462,19898
6462,14736
6462,5414
6462,11105
6462,294
6462,8587
6462,7277
6462,1300
6462,17779
6462,6071
6462,9474
6462,4511
6462,16635
6462,8003
6462,21845
6462,23343
6462,7019
6462,15703
6462,6810
6462,18521
6462,2206
6462,21077
6462,19549
6462,13030
6462,15428
6462,17662
6462,10594
6462,3321
6462,7725
6462,5154
6462,24220
6462,21461
6462,18755
6462,16510
6462,18781
6462,8342
6462,10646
6462,2045
6462,1440
6462,383
6462,12903
6462,16714
6462,1415
6462,20482
6462,8484
6462,1090
6462,13751
6462,15602
6462,8700
6462,4590
6462,10400
6462,7989
6462,5302
6462,8687
6462,18431
6462,7753
6462,22781
6462,9133
6462,12790
6462,19942
6462,5251
6462,10027
6462,17029
6462,16261
6462,13174
6462,5287
6462,5951
6462,20250
6462,8400
6462,12877
6462,13868
6462,11952
6462,4526
6462,24638
6462,8427
6462,15396
6462,7231
6462,19099
6462,19498
6462,1765
6462,11280
6462,813
6462,11311
6462,16165
6462,8197
6462,20568
6462,2307
6462,24674
6462,10616
6462,13454
6462,5948
6462,4555
6462,22459
6462,19437
6462,23508
6462,3492
6462,12391
6462,6721
6462,749
6462,15464
6462,11299
6462,16643
6462,8967
6462,19236
6462,20508
6462,5090
6462,12741
6462,11404
6462,11458
6462,11567
6462,16175
6462,18629
6462,5818
6462,11910
6462,15352
6462,18889
6462,19028
6462,21361
6462,13418
6462,22453
6462,20576
6462,18878
6462,7779
6462,9035
6462,15543
6462,15552
6462,217
6462,3247
6462,12671
6462,15534
6462,24754
6462,6860
6462,6651
6462,20748
6462,24164
6462,23430
6462,3825
6462,13264
6462,13715
6462,8709
6462,21261
6462,1131
6462,5589
6462,702
6462,175
6462,6013
6462,14940
6462,14428
6462,8002
6462,21895
6462,16197
6462,5295
6462,1616
6462,17026
6462,12270
6462,10375
6462,8019
6462,10595
6462,16266
6462,12657
6462,8316
6462,25109
6462,16693
6462,12458
6462,7707
6462,12373
6462,12307
6462,11663
6462,20757
6462,18787
6462,24959
6462,12655
6462,20022
6462,13102
6462,16525
6462,9536
6462,21263
6462,10006
6462,23523
6462,2915
6462,19224
6462,8255
6462,6720
6462,12902
6462,20916
6462,7399
6462,13355
6462,15576
6462,5413
6462,5615
6462,20752
6462,19323
6462,1409
6462,21611
6462,20461
6462,2097
6462,2153
6462,21735
6462,8089
6462,13238
6462,18650
6462,19033
6462,8566
6462,24865
6462,12223
6462,14333
6462,6454
6462,25062
6462,8446
6462,5874
6462,16364
6462,5676
6462,17606
6462,20569
6462,15512
6462,21397
6462,3591
6462,16626
6462,16572
6462,18893
6462,19789
6462,9753
6462,8993
6462,5420
6462,3781
6462,20014
6462,4740
6462,22278
6462,17375
6462,21081
6462,185
6462,2133
6462,4706
6462,11601
6462,12400
6462,6433
6462,19941
6462,11775
6462,5968
6462,14366
6462,7858
6462,4904
6462,3562
6462,16132
6462,3896
6462,15793
6462,21737
6462,17276
6462,1669
6462,19999
6462,3114
6462,13956
6462,2093
6462,23505
6462,21410
6462,15787
6462,7519
6462,12415
6462,18821
6462,841
6462,210
6462,2667
6462,14752
6462,861
6462,1278
6462,853
6462,21522
6462,4940
6462,314
6462,10336
6462,20759
6462,2193
6462,16435
6462,4756
6462,2498
6462,24232
6462,11012
6462,3558
6462,17176
6462,9676
6462,11835
6462,20800
6462,4540
6462,22015
6462,19081
6462,21503
6462,11859
6462,9663
6462,19036
6462,15510
6462,6678
6462,12009
6462,25153
6462,16218
6462,8167
6462,5498
6462,21736
6462,25181
6462,3684
6462,19152
6462,15848
6462,17258
6462,6577
6462,17319
6462,24786
6462,20450
6462,17152
6462,14538
6462,13659
6462,20618
6462,21101
6462,5553
6462,8944
6462,20767
6462,2730
6462,15539
6462,5584
6462,24517
6462,17015
6462,16352
6462,15499
6462,332
6462,7297
6462,9319
6462,6365
6462,3832
6462,12776
6462,22872
6462,15774
6462,8898
6462,8331
6462,12294
6462,5104
6462,10479
6462,3550
6462,10207
6462,20505
6462,17155
6462,22830
6462,13209
6463,702
6463,6518
6464,175
6465,10911
6465,6129
6466,18102
6466,9499
6467,10027
6468,702
6469,2857
6469,1445
6469,702
6470,8076
6471,19753
6471,11085
6472,3414
6472,19229
6472,6763
6472,16781
6472,3083
6472,7868
6472,18493
6472,20257
6472,13775
6472,3356
6472,5512
6472,3550
6472,15209
6472,3118
6472,1083
6472,21754
6473,4324
6474,1937
6474,1300
6474,3492
6474,3357
6475,21045
6476,7133
6477,210
6478,7133
6479,15907
6479,15908
6479,7019
6480,16853
6481,4776
6481,10027
6482,277
6482,7133
6482,4324
6483,702
6483,1240
6483,3357
6484,3603
6484,18991
6484,578
6484,7019
6485,702
6485,17228
6485,1240
6485,7019
6486,702
6486,2871
6487,10911
6488,12957
6488,16593
6489,7386
6490,1222
6491,4114
6492,19382
6493,2153
6494,11240
6494,1786
6495,175
6496,6504
6496,8152
6497,2915
6497,7749
6497,15990
6497,3357
6497,22458
6497,5774
6498,702
6498,13386
6499,11510
6500,4324
6501,19914
6502,7019
6503,210
6503,1240
6503,7019
6504,7185
6504,4306
6504,7326
6504,19260
6504,16961
6504,4334
6504,8152
6504,4494
6504,23496
6504,23383
6504,4438
6504,4311
6504,6396
6504,6496
6504,14001
6504,7865
6504,14000
6504,4338
6504,22012
6504,4257
6504,4337
6504,22895
6504,279
6504,1649
6504,4314
6504,4303
6504,7088
6504,4322
6504,1240
6504,13441
6504,18847
6504,4298
6504,3549
6504,4292
6504,4259
6504,702
6504,18593
6504,20033
6504,3211
6504,7975
6504,3075
6504,3142
6504,4328
6504,1841
6504,17250
6504,4287
6504,6793
6505,210
6505,1240
6506,949
6506,3083
6506,3164
6506,3399
6506,22727
6506,20257
6506,18493
6506,3186
6506,1635
6506,13382
6506,3215
6506,11563
6506,21981
6506,3089
6506,3497
6506,5512
6506,13879
6506,7998
6506,3175
6506,3139
6507,1785
6508,7912
6508,702
6508,175
6508,7019
6509,210
6509,3357
6510,1941
6510,20966
6510,1213
6510,1749
6510,377
6510,10765
6510,19402
6510,15297
6510,11538
6510,10973
6510,3360
6510,7861
6510,10966
6510,8112
6510,842
6510,15750
6510,612
6510,294
6510,2885
6511,211
6511,7386
6512,6518
6513,10491
6513,3550
6514,7019
6514,12155
6514,3550
6515,19753
6516,5714
6517,702
6517,1240
6518,5413
6518,11840
6518,19698
6518,23011
6518,22209
6518,8011
6518,16386
6518,18627
6518,24564
6518,584
6518,545
6518,18707
6518,11867
6518,19932
6518,1778
6518,21735
6518,18551
6518,15043
6518,24832
6518,12150
6518,20201
6518,21789
6518,7718
6518,22128
6518,15406
6518,2028
6518,10027
6518,13469
6518,20253
6518,15239
6518,4193
6518,19683
6518,14581
6518,12046
6518,24394
6518,14491
6518,16852
6518,10634
6518,11026
6518,3796
6518,3357
6518,25079
6518,12461
6518,18680
6518,11323
6518,13448
6518,23183
6518,21545
6518,13556
6518,11383
6518,22667
6518,19458
6518,10899
6518,14172
6518,14498
6518,24789
6518,22137
6518,17378
6518,19657
6518,2199
6518,16754
6518,19446
6518,7085
6518,11671
6518,1816
6518,17379
6518,22974
6518,10405
6518,2137
6518,15137
6518,12775
6518,3090
6518,15523
6518,23548
6518,14540
6518,2239
6518,6131
6518,22644
6518,15172
6518,11008
6518,21662
6518,19840
6518,23502
6518,10737
6518,11415
6518,20414
6518,14198
6518,14689
6518,4192
6518,6463
6518,25292
6518,14832
6518,24814
6518,22809
6518,22471
6518,6967
6518,14708
6518,21665
6518,24948
6518,6546
6518,22598
6518,544
6518,736
6518,22284
6518,16756
6518,7843
6518,14671
6518,903
6518,14056
6518,14532
6518,18782
6518,19408
6518,10825
6518,1299
6518,628
6518,7255
6518,19286
6518,19662
6518,11859
6518,1131
6518,15867
6518,24422
6518,22125
6518,19580
6518,20335
6518,13633
6518,11384
6518,13
6518,24034
6518,1616
6518,11535
6518,11732
6518,11325
6518,645
6518,17363
6518,14982
6518,6142
6518,16000
6518,22236
6518,10557
6518,23536
6518,16993
6518,2107
6518,6272
6518,10726
6518,22681
6518,23974
6518,14067
6518,2063
6518,22564
6518,11252
6518,6512
6518,16256
6518,22645
6518,1715
6518,14050
6518,17055
6518,1190
6518,2873
6518,12240
6518,3933
6518,14722
6518,11638
6518,22009
6518,16926
6518,19994
6518,23263
6518,13346
6518,22239
6518,16677
6518,2059
6518,11425
6518,19854
6518,14077
6518,14767
6518,3550
6518,23812
6518,15244
6518,24169
6518,14412
6518,20070
6518,6891
6518,23418
6518,22868
6518,22006
6519,8709
6520,2829
6520,7019
6521,702
6521,210
6522,21548
6522,856
6523,22842
6523,12061
6523,19095
6523,10467
6524,14711
6525,702
6525,7019
6526,1240
6526,7019
6527,1240
6528,1240
6528,3357
6529,7133
6530,20072
6530,6299
6530,3700
6530,2331
6530,6539
6530,4493
6530,10986
6530,11589
6530,7752
6530,22823
6530,15069
6531,1799
6531,7386
6532,4324
6533,18506
6533,12125
6534,17719
6535,11564
6535,10839
6536,6430
6537,2542
6537,947
6537,17388
6537,19152
6537,10772
6537,10797
6537,11687
6537,210
6537,175
6537,16256
6537,13260
6537,822
6537,960
6537,22984
6537,691
6538,15291
6539,6530
6540,6580
6540,13185
6540,4590
6540,10540
6540,22188
6540,10615
6540,1274
6540,2904
6540,2517
6540,12125
6540,7753
6540,8658
6540,7501
6540,2304
6540,14675
6540,864
6540,1258
6540,24801
6540,12323
6540,12990
6540,16031
6540,23081
6540,19093
6540,22287
6540,4789
6540,22221
6540,20474
6540,3742
6540,22951
6540,1706
6540,24703
6540,24621
6540,7268
6540,4135
6540,11687
6540,24904
6540,8427
6540,7474
6540,102
6540,7511
6540,10311
6540,813
6540,4514
6540,14477
6540,7796
6540,24677
6540,23185
6540,7871
6540,3492
6540,4437
6540,23019
6540,2382
6540,23724
6540,396
6540,4320
6540,3787
6540,8967
6540,6328
6540,12806
6540,4767
6540,13646
6540,4717
6540,19351
6540,11404
6540,8423
6540,6457
6540,6731
6540,4356
6540,16560
6540,5651
6540,10849
6540,499
6540,2410
6540,21672
6540,13442
6540,8122
6540,22692
6540,18706
6540,217
6540,3304
6540,2227
6540,24879
6540,2621
6540,18916
6540,11727
6540,23137
6540,9265
6540,22782
6540,5463
6540,15103
6540,14818
6540,18605
6540,2900
6540,4324
6540,14473
6540,3603
6540,4638
6540,24663
6540,1738
6540,11226
6540,16638
6540,19319
6540,1131
6540,8929
6540,175
6540,13031
6540,8002
6540,8221
6540,14254
6540,615
6540,18806
6540,8882
6540,7929
6540,10613
6540,20941
6540,15566
6540,20677
6540,20077
6540,22060
6540,7903
6540,238
6540,6141
6540,10595
6540,24216
6540,4182
6540,5770
6540,6316
6540,11667
6540,5401
6540,19634
6540,16504
6540,14008
6540,10833
6540,6281
6540,11999
6540,7429
6540,17913
6540,1052
6540,21571
6540,9506
6540,21948
6540,11405
6540,43
6540,19793
6540,7785
6540,7778
6540,5431
6540,8076
6540,11644
6540,2915
6540,2545
6540,4726
6540,24137
6540,4781
6540,15085
6540,6250
6540,6391
6540,7795
6540,14362
6540,21611
6540,11768
6540,6080
6540,15170
6540,2097
6540,13595
6540,2648
6540,3022
6540,13238
6540,1281
6540,715
6540,7386
6540,14824
6540,22767
6540,2518
6540,22213
6540,6454
6540,21678
6540,16816
6540,6111
6540,6940
6540,17067
6540,15413
6540,18969
6540,7576
6540,14728
6540,14302
6540,17393
6540,7133
6540,848
6540,23394
6540,11479
6540,6462
6540,11923
6540,13795
6540,19876
6540,1442
6540,7783
6540,6179
6540,6433
6540,14493
6540,2537
6540,14241
6540,17121
6540,1965
6540,3562
6540,6129
6540,21805
6540,1983
6540,7232
6540,2041
6540,15150
6540,23505
6540,1864
6540,7172
6540,13644
6540,578
6540,6408
6540,8211
6540,6033
6540,13301
6540,15291
6540,7202
6540,7443
6540,861
6540,11469
6540,853
6540,13336
6540,22623
6540,22823
6540,18531
6540,20162
6540,22613
6540,19030
6540,19811
6540,6296
6540,871
6540,2498
6540,11614
6540,799
6540,9681
6540,555
6540,3558
6540,1785
6540,4566
6540,887
6540,2530
6540,2345
6540,19063
6540,14961
6540,9146
6540,11859
6540,16215
6540,12009
6540,11176
6540,23353
6540,14643
6540,9157
6540,14454
6540,19152
6540,19929
6540,6831
6540,10786
6540,8003
6540,23266
6540,433
6540,19870
6540,23343
6540,20219
6540,8048
6540,17389
6540,13332
6540,11609
6540,19549
6540,22800
6540,23132
6540,13681
6540,25095
6540,11165
6540,3321
6540,12189
6540,13038
6540,22774
6540,6059
6540,6668
6540,272
6540,7092
6540,3743
6540,9319
6540,7993
6540,6226
6540,2045
6540,24596
6540,22706
6540,19266
6540,4649
6540,7229
6540,9417
6540,11868
6540,14113
6540,23230
6540,913
6540,604
6540,23611
6541,7386
6542,702
6543,2829
6543,4324
6544,9504
6545,702
6546,6518
6546,4324
6547,702
6547,1240
6548,4182
6548,7018
6549,6326
6549,7133
6550,6454
6551,702
6551,1240
6552,7912
6552,861
6553,210
6553,7229
6554,5463
6555,702
6556,4114
6557,2059
6557,702
6557,3562
6558,175
6558,1240
6559,19407
6560,82
6561,7019
6562,21549
6563,22774
6563,7133
6564,14391
6564,7945
6565,9305
6565,9382
6566,6940
6567,702
6567,3357
6567,7019
6568,1240
6569,3150
6569,12957
6569,6763
6569,702
6569,418
6569,3422
6569,22542
6570,702
6570,7019
6571,19159
6571,3550
6572,7432
6573,3357
6573,3550
6574,3759
6574,4658
6575,7019
6576,10372
6576,5401
6576,12612
6577,6462
6577,702
6578,702
6579,17605
6579,10234
6580,6540
6580,10973
6581,20015
6581,1240
6581,7019
6581,13577
6582,175
6583,6239
6583,19464
6583,10836
6583,20152
6583,175
6583,3357
6583,22438
6583,19130
6584,19020
6585,3357
6585,12181
6586,702
6586,3357
6586,7019
6587,12180
6588,6396
6588,3562
6589,7475
6590,702
6591,10911
6591,4324
6591,21592
6592,8247
6593,702
6593,6396
6594,23673
6594,6396
6594,6182
6594,1920
6594,14542
6594,7028
6594,6978
6594,24980
6594,15353
6594,23159
6595,210
6595,7019
6595,1691
6596,703
6597,6462
6597,22739
6597,3403
6597,11910
6597,3367
6597,1578
6597,23343
6597,3926
6597,2153
6598,13456
6598,4514
6598,3492
6599,20486
6600,4324
6600,7133
6601,11026
6602,18991
6602,5785
6603,1240
6603,7130
6604,7133
6605,7912
6606,8343
6606,20486
6607,17229
6608,12742
6609,21748
6610,4629
6610,3759
6611,5716
6611,9071
6611,5484
6611,5993
6611,8588
6611,8721
6611,4798
6612,210
6612,1240
6613,4566
6613,7019
6614,7630
6615,6396
6615,1240
6616,21738
6617,4114
6618,17976
6619,702
6619,1240
6620,4636
6620,1240
6620,5512
6620,15413
6620,3759
6620,4638
6620,5401
6620,702
6620,4281
6620,17607
6620,4792
6621,14140
6621,702
6621,21508
6621,175
6621,7019
6621,19109
6622,1359
6622,210
6622,6396
6622,4566
6622,7019
6622,3357
6623,175
6624,12742
6624,24725
6625,702
6625,24597
6625,19030
6626,3357
6627,210
6628,5044
6629,550
6629,175
6630,210
6630,10887
6631,1240
6631,7019
6632,18154
6632,24535
6632,17827
6633,7912
6633,3550
6634,22443
6634,11026
6635,7019
6636,3357
6636,7133
6637,16862
6637,23149
6637,13489
6637,3550
6638,6939
6638,1240
6639,702
6640,1274
6641,13229
6642,6103
6642,23149
6643,5770
6644,17452
6645,7133
6646,175
6646,3492
6647,702
6647,7019
6648,6182
6648,4324
6649,24072
6649,1300
6649,18010
6649,7630
6649,1240
6649,24299
6649,9305
6649,9426
6649,10097
6649,17640
6649,702
6649,23681
6649,7019
6649,24457
6649,23888
6649,9415
6649,4776
6649,10276
6649,3258
6649,17477
6649,24506
6649,2915
6649,6440
6649,17922
6649,6454
6650,1022
6651,6462
6651,210
6651,3550
6652,4324
6653,4324
6654,13791
6654,4324
6655,3562
6656,9230
6657,21123
6657,6940
6657,15602
6657,5714
6657,5401
6657,175
6657,8002
6657,217
6657,3214
6657,21346
6657,19152
6657,13238
6657,5200
6657,5414
6657,3357
6657,6454
6658,702
6658,210
6658,1240
6658,16147
6659,5589
6660,4796
6661,210
6661,6199
6662,3348
6662,21879
6662,3492
6662,3258
6662,13238
6662,9009
6662,24612
6662,21180
6662,175
6662,3321
6662,19281
6662,20502
6662,3304
6662,217
6663,20486
6664,8115
6664,20723
6664,20091
6664,15135
6664,9098
6664,216
6664,2972
6664,21090
6664,16887
6664,217
6664,5828
6664,3925
6664,19339
6664,18529
6664,20665
6664,3258
6664,13698
6664,18187
6664,19908
6664,19728
6664,23518
6664,21577
6664,18017
6664,18924
6664,21239
6664,10742
6664,19207
6664,20574
6664,1070
6664,20878
6664,17266
6664,20717
6664,16617
6664,2327
6664,14674
6664,21724
6664,21147
6664,7864
6664,22972
6664,13980
6664,16855
6664,17213
6664,17336
6664,12772
6664,5710
6664,18885
6664,17172
6664,20669
6664,10248
6664,18080
6664,3888
6664,1380
6664,8607
6664,15818
6664,21999
6664,19666
6664,19113
6664,22898
6664,4050
6664,16502
6664,17178
6664,21917
6664,8978
6664,2654
6664,5877
6664,22507
6664,15927
6664,21323
6664,4942
6664,21835
6664,22612
6664,9518
6664,3720
6664,19824
6664,19709
6664,14450
6664,3550
6664,20203
6664,8717
6664,15857
6664,21855
6664,12843
6664,13232
6664,13859
6664,13261
6665,16277
6665,5917
6666,1268
6666,3270
6667,7598
6667,9210
6667,3492
6667,12587
6667,8496
6667,175
6667,9888
6667,15627
6667,217
6667,5550
6668,5369
6668,5689
6668,14877
6668,21326
6668,5172
6668,2130
6668,16151
6668,8033
6668,3304
6668,217
6668,3275
6668,20775
6668,791
6668,287
6668,2498
6668,1274
6668,3258
6668,3492
6668,13238
6668,2517
6668,18536
6668,16260
6668,3321
6668,18221
6668,1739
6668,5470
6668,720
6668,5234
6668,15502
6668,1240
6668,5488
6668,24920
6668,6940
6668,8625
6668,16274
6668,703
6668,5326
6668,2587
6668,175
6668,12713
6668,25214
6668,8002
6668,20572
6668,7287
6668,3214
6668,3337
6668,3328
6668,6540
6668,12659
6668,24810
6668,24752
6668,19152
6668,3550
6668,5414
6668,3357
6668,1235
6668,5679
6668,116
6669,11993
6670,210
6670,1240
6671,13386
6671,19095
6672,5569
6673,5948
6673,4475
6673,2946
6673,12435
6673,3492
6673,4437
6673,12472
6673,3345
6673,11687
6673,10962
6673,23343
6674,8403
6674,1300
6674,12977
6674,5039
6675,1242
6675,6800
6676,2829
6677,3742
6678,6462
6678,8074
6678,1851
6678,9541
6678,19152
6678,5714
6678,25245
6678,22524
6678,3321
6678,5414
6678,217
6678,3357
6678,5500
6679,21503
6680,5579
6680,5291
6681,2545
6682,210
6683,1240
6683,7133
6684,4762
6685,7019
6685,19263
6686,11352
6687,6905
6687,13454
6687,3258
6687,19152
6687,13238
6687,10434
6687,3550
6687,16151
6687,5414
6687,217
6687,23353
6687,3214
6688,8061
6688,210
6688,702
6688,7019
6689,3357
6690,16468
6690,4566
6691,1300
6691,25186
6691,8343
6691,2119
6691,4551
6691,24920
6692,8969
6693,18988
6694,2615
6694,12311
6695,2855
6696,12655
6696,8470
6696,9212
6696,1300
6696,20634
6696,6763
6696,8552
6696,20805
6696,12481
6696,25153
6696,13102
6696,21415
6696,12957
6696,5870
6696,350
6696,12732
6696,3304
6696,217
6696,5431
6696,12714
6696,12400
6696,8765
6696,15838
6696,8882
6696,3492
6696,5638
6696,9071
6696,15858
6696,5414
6697,8221
6697,6849
6698,21063
6698,25107
6698,8361
6698,12948
6698,1240
6698,15843
6698,2123
6698,21237
6698,9796
6698,12407
6698,4875
6698,8862
6698,21118
6698,5499
6698,16914
6698,130
6698,21306
6698,22007
6698,4600
6698,8254
6698,20853
6698,6454
6698,5191
6699,702
6699,23330
6700,3059
6701,8401
6701,5455
6702,210
6702,6198
6703,21817
6703,8720
6703,4205
6703,9278
6703,25072
6703,13229
6703,9663
6703,16455
6703,8655
6703,7980
6703,5888
6703,9203
6703,13152
6703,18987
6703,6790
6704,16113
6704,18638
6704,18709
6704,10200
6704,14315
6704,5508
6704,19568
6704,6850
6704,13229
6704,20898
6704,12743
6704,18830
6704,21458
6704,15743
6704,12884
6705,5051
6706,210
6707,25193
6707,16076
6707,6882
6707,8448
6707,17241
6707,3550
6708,702
6708,7133
6709,8247
6710,3550
6711,12898
6712,1956
6713,1669
6714,16059
6714,12957
6714,6763
6714,1032
6714,3258
6714,5512
6715,8247
6716,702
6716,22299
6716,3357
6717,18991
6717,175
6718,13077
6718,5414
6718,8191
6719,6462
6719,1300
6719,287
6719,813
6719,3258
6719,13238
6719,3562
6719,16151
6719,3321
6719,22823
6719,217
6719,7019
6719,853
6720,6462
6720,10911
6721,6462
6721,8448
6721,1854
6722,8611
6722,8085
6722,6277
6722,7243
6722,6726
6722,2820
6723,12302
6724,4557
6725,282
6725,287
6725,8423
6725,1274
6725,6787
6725,217
6725,13238
6725,3304
6725,5431
6726,7072
6726,6277
6726,6722
6727,18478
6727,5579
6727,5836
6727,8182
6728,702
6728,4324
6729,13769
6730,8040
6730,702
6731,4960
6731,16134
6731,12512
6731,2
6731,15533
6731,25165
6731,16632
6731,24890
6731,8638
6731,8730
6731,7476
6731,217
6731,3304
6731,19030
6731,2613
6731,2498
6731,21406
6731,8328
6731,3258
6731,13238
6731,2517
6731,4324
6731,15800
6731,4638
6731,8884
6731,15979
6731,9215
6731,8333
6731,6940
6731,24586
6731,702
6731,175
6731,16900
6731,13198
6731,10801
6731,8002
6731,5571
6731,16536
6731,12751
6731,21048
6731,21103
6731,19152
6731,5137
6731,6773
6731,19186
6731,7133
6731,20815
6731,12929
6731,5414
6731,8704
6731,8238
6731,3357
6731,13099
6731,8521
6731,4625
6731,5401
6731,8409
6731,16151
6731,15676
6731,17822
6731,18517
6731,15601
6731,287
6731,3492
6731,9043
6731,5512
6731,16549
6731,3321
6731,21396
6731,10328
6731,156
6731,13215
6731,18648
6731,15795
6731,5953
6731,10351
6731,12652
6731,8641
6731,5396
6731,353
6731,3093
6731,703
6731,9101
6731,3214
6731,22571
6731,6540
6731,21495
6731,19492
6731,8640
6731,15586
6732,1300
6732,8360
6732,17630
6732,20187
6732,18596
6732,21925
6732,16013
6732,3278
6732,4870
6732,45
6732,8442
6732,5178
6732,20233
6732,7772
6732,2373
6732,21303
6732,6851
6732,21728
6732,21494
6732,3206
6732,20849
6732,5852
6732,702
6732,9363
6732,20080
6732,12687
6732,22232
6732,7616
6732,12390
6732,10409
6732,7390
6732,16210
6732,3357
6732,4918
6733,1240
6734,287
6734,12307
6735,20639
6735,20638
6736,16151
6736,287
6736,175
6736,23598
6736,20678
6736,19152
6736,217
6736,6454
6736,8406
6737,18040
6737,5156
6737,20642
6737,25114
6737,12661
6737,13959
6738,20994
6739,8305
6739,175
6739,20767
6740,255
6740,1300
6740,9378
6740,5199
6740,5772
6740,12770
6740,13067
6740,15733
6740,3540
6740,4590
6740,16207
6740,175
6740,20583
6740,18600
6740,8319
6740,3798
6740,12426
6740,1274
6740,24857
6740,5098
6741,3989
6741,19981
6741,15426
6741,3258
6741,17086
6741,3782
6741,21242
6742,2862
6742,1274
6743,8324
6744,8471
6745,5409
6746,7019
6747,6911
6747,19794
6747,19637
6747,19971
6747,19387
6747,5828
6747,21358
6747,17492
6747,5085
6747,12530
6747,17847
6747,16122
6747,8065
6747,10444
6747,20443
6747,19822
6747,19909
6747,19887
6747,16723
6747,5655
6747,9296
6747,15365
6747,17408
6747,21577
6747,2372
6747,4952
6747,17545
6747,21239
6747,19745
6747,20841
6747,21117
6747,20878
6747,17376
6747,16617
6747,15859
6747,20214
6747,16512
6747,15408
6747,22972
6747,6831
6747,13211
6747,19803
6747,17138
6747,2388
6747,13068
6747,24840
6747,9664
6747,10415
6747,24720
6747,3307
6747,8551
6747,8752
6747,5877
6747,3877
6747,14626
6747,17656
6747,16919
6747,21820
6747,18495
6747,18818
6747,7096
6747,25341
6747,20931
6747,8445
6747,3165
6747,15203
6747,4942
6747,4577
6747,5328
6747,5013
6747,3813
6747,1568
6748,12527
6748,13965
6748,1300
6748,12994
6748,20778
6748,9092
6748,21913
6748,24602
6748,703
6748,15722
6748,702
6748,25108
6748,8286
6748,24608
6748,8879
6748,12526
6748,3250
6748,190
6748,13245
6748,8195
6748,19976
6748,19548
6748,3217
6748,20958
6748,12579
6748,5523
6748,16280
6748,7579
6748,12966
6748,20847
6749,210
6749,175
6750,9122
6751,23149
6752,7133
6752,4324
6753,12957
6753,16339
6753,5512
6754,12875
6755,7912
6755,14752
6756,19093
6756,8058
6757,1240
6758,175
6759,1274
6759,12464
6760,702
6760,4182
6761,5603
6762,2915
6763,2857
6763,21445
6763,11557
6763,9117
6763,2610
6763,16331
6763,15434
6763,3012
6763,13185
6763,19181
6763,22412
6763,14118
6763,1274
6763,3258
6763,6430
6763,7923
6763,2517
6763,8658
6763,8245
6763,20760
6763,1258
6763,12654
6763,6454
6763,1240
6763,2983
6763,10319
6763,6940
6763,15413
6763,3369
6763,7576
6763,8662
6763,12877
6763,15636
6763,5392
6763,4135
6763,7133
6763,15736
6763,7474
6763,16572
6763,9115
6763,3357
6763,4404
6763,6462
6763,10311
6763,233
6763,18371
6763,3303
6763,14260
6763,8049
6763,1082
6763,5460
6763,3492
6763,4437
6763,8069
6763,16362
6763,5923
6763,7858
6763,8448
6763,4652
6763,8967
6763,3562
6763,12875
6763,6129
6763,4767
6763,703
6763,4571
6763,3334
6763,20081
6763,578
6763,8530
6763,6472
6763,8168
6763,21004
6763,6714
6763,2687
6763,853
6763,3293
6763,8552
6763,8056
6763,12957
6763,1242
6763,6390
6763,8896
6763,3304
6763,1201
6763,21285
6763,5397
6763,6569
6763,4324
6763,8281
6763,4638
6763,3048
6763,9681
6763,8401
6763,9036
6763,1233
6763,8709
6763,8453
6763,25153
6763,24731
6763,702
6763,175
6763,3060
6763,9152
6763,10613
6763,1300
6763,6831
6763,6696
6763,5401
6763,25188
6763,7019
6763,287
6763,19549
6763,7643
6763,5512
6763,15841
6763,6867
6763,3321
6763,22774
6763,9122
6763,12655
6763,8510
6763,5610
6763,7304
6763,43
6763,16337
6763,20960
6763,24815
6763,8076
6763,20302
6763,3550
6763,2915
6763,4726
6763,24078
6763,17558
6763,3270
6763,5506
6764,210
6764,20116
6765,16552
6765,331
6765,5130
6765,8310
6765,25021
6765,25060
6765,8438
6765,5033
6766,15219
6766,5079
6767,702
6767,1240
6768,3217
6768,16346
6768,20486
6769,702
6770,11428
6770,7019
6771,5832
6771,6940
6771,17701
6771,175
6771,8554
6771,8002
6771,217
6771,3214
6771,5833
6771,3492
6771,3258
6771,14304
6771,19152
6771,17691
6771,8283
6771,9153
6771,3357
6772,210
6772,1240
6773,703
6773,4900
6773,13031
6773,13238
6773,6731
6773,3357
6774,3244
6775,9209
6775,1240
6775,5071
6775,6940
6775,16151
6775,8503
6775,175
6775,8002
6775,23353
6775,3304
6775,217
6775,3214
6775,5433
6775,287
6775,16349
6775,1274
6775,5896
6775,3492
6775,13238
6775,19152
6775,4638
6775,8954
6775,3321
6775,5414
6776,8221
6777,1837
6777,13031
6778,7593
6778,6819
6778,702
6778,13549
6778,3562
6778,10566
6778,6810
6779,19839
6779,8067
6779,18418
6779,20805
6779,5545
6779,21329
6779,20630
6779,10268
6779,18262
6779,17998
6779,8727
6779,9538
6779,3170
6780,1240
6780,1274
6780,6940
6780,19152
6780,13238
6780,5414
6780,8002
6780,217
6780,3214
6781,22549
6782,488
6783,3558
6783,3317
6783,15836
6783,3278
6784,8967
6785,12302
6786,3293
6786,16151
6786,9159
6786,3357
6786,13238
6786,3550
6787,204
6787,3794
6787,6725
6788,3558
6788,2201
6788,3304
6789,12715
6790,17116
6790,6703
6790,4641
6790,10173
6790,15772
6791,24691
6791,3484
6791,3341
6792,16765
6793,19374
6793,6504
6794,3558
6794,1274
6794,13238
6795,5392
6796,1931
6797,3603
6797,3558
6797,2590
6797,11648
6798,9479
6799,23595
6800,15440
6800,12280
6800,19303
6800,5511
6800,6675
6800,12714
6800,4082
6800,5244
6800,4994
6800,21439
6800,8397
6800,21314
6800,23926
6800,16230
6800,9129
6800,21292
6800,15537
6800,17682
6800,17221
6800,18617
6801,8343
6802,5569
6803,5422
6803,21422
6803,20966
6803,7075
6803,4990
6803,8746
6804,16161
6805,3558
6805,287
6805,12860
6805,3258
6806,9916
6806,20975
6806,17439
6806,5810
6806,13271
6806,21029
6806,9198
6806,15780
6806,9794
6806,16151
6806,12957
6806,12898
6806,17893
6806,3304
6806,217
6806,9190
6806,22366
6806,9184
6806,8646
6806,287
6806,25064
6806,16608
6806,3492
6806,13238
6806,20856
6806,15699
6806,4638
6806,19443
6806,24591
6806,18647
6806,6454
6806,5121
6806,20446
6806,21054
6806,1754
6806,9189
6806,8821
6806,19586
6806,15541
6806,22474
6806,6940
6806,1669
6806,175
6806,8002
6806,17323
6806,19152
6806,8926
6806,8352
6806,20887
6806,3550
6806,24583
6806,20677
6806,5414
6806,6879
6806,3357
6806,15416
6806,15749
6806,24845
6807,8709
6808,13250
6809,8929
6810,6462
6810,4268
6810,6778
6811,8552
6811,3301
6812,702
6813,6199
6813,2829
6814,3353
6815,210
6816,6396
6817,175
6818,702
6818,686
6819,10914
6819,6778
6819,3562
6820,15736
6821,3293
6821,3268
6821,3359
6821,25074
6821,3278
6821,13106
6822,8983
6822,8841
6822,21247
6822,19285
6822,5484
6822,16334
6822,8401
6822,21184
6822,8662
6822,12714
6823,3321
6823,5423
6823,9122
6823,18369
6824,15472
6825,4324
6826,2915
6826,2829
6827,19753
6827,23185
6828,7019
6829,21066
6830,702
6830,175
6831,6763
6831,9093
6831,20635
6831,11685
6831,4960
6831,8494
6831,15514
6831,12957
6831,19299
6831,24952
6831,20098
6831,394
6831,5927
6831,3304
6831,20222
6831,217
6831,16222
6831,5284
6831,2498
6831,21406
6831,1274
6831,3258
6831,13238
6831,2517
6831,4324
6831,8734
6831,15979
6831,6454
6831,8515
6831,17744
6831,25022
6831,21467
6831,8751
6831,21233
6831,6940
6831,21503
6831,24586
6831,563
6831,25343
6831,175
6831,8002
6831,18408
6831,21041
6831,76
6831,7133
6831,8822
6831,12929
6831,5414
6831,3357
6831,1300
6831,20466
6831,813
6831,15676
6831,16151
6831,8409
6831,17063
6831,5074
6831,9142
6831,9401
6831,8145
6831,287
6831,7663
6831,3492
6831,5512
6831,13268
6831,16268
6831,16138
6831,12491
6831,22774
6831,8744
6831,8804
6831,18648
6831,10351
6831,9174
6831,20612
6831,5396
6831,6747
6831,9101
6831,703
6831,5306
6831,5090
6831,6540
6831,10497
6831,19492
6831,8812
6831,3550
6831,2915
6831,15548
6831,8405
6831,16401
6831,9987
6831,19304
6832,15590
6832,1268
6833,210
6834,20805
6835,5471
6835,3293
6835,3357
6836,17112
6836,7133
6837,7912
6837,702
6837,6199
6838,3304
6839,4590
6839,15520
6840,3293
6840,720
6841,1268
6841,3270
6842,238
6842,1240
6843,21128
6844,8551
6845,2120
6846,3492
6846,6940
6846,3550
6847,8780
6847,21369
6847,8385
6847,21030
6847,21664
6847,8124
6847,6915
6847,8341
6847,12789
6847,4738
6847,17685
6847,21433
6847,20676
6847,6850
6847,3492
6847,16008
6847,9588
6848,175
6848,19030
6849,21140
6849,15584
6849,170
6849,8228
6849,5038
6849,175
6849,3458
6849,17423
6849,6697
6849,21787
6849,287
6849,1274
6849,25137
6849,5904
6849,21109
6849,22182
6849,16195
6849,6166
6849,3357
6849,1953
6849,5531
6849,9167
6850,15013
6850,22479
6850,8602
6850,17479
6850,13280
6850,19026
6850,13014
6850,3858
6850,8421
6850,6704
6850,3797
6850,18769
6850,22142
6850,17550
6850,13015
6850,3033
6850,20336
6850,25257
6850,5944
6850,5270
6850,13051
6850,21132
6850,6878
6850,4811
6850,8814
6850,21664
6850,6117
6850,9203
6850,134
6850,23862
6850,14817
6850,25120
6850,16973
6850,20768
6850,12508
6850,20540
6850,24883
6850,23556
6850,10477
6850,9175
6850,12298
6850,6865
6850,62
6850,12404
6850,7994
6850,8857
6850,3357
6850,12436
6850,10395
6850,125
6850,13033
6850,20199
6850,1300
6850,6885
6850,25144
6850,7859
6850,15462
6850,21958
6850,25001
6850,181
6850,6893
6850,25200
6850,18987
6850,21142
6850,25134
6850,12884
6850,21076
6850,3719
6850,11315
6850,17526
6850,15739
6850,3824
6850,6847
6850,20593
6850,19506
6850,20840
6850,3151
6850,12549
6850,18061
6850,8354
6850,25000
6850,6184
6850,5208
6850,13177
6850,19494
6850,10009
6850,20183
6850,16110
6850,20591
6850,12073
6850,3851
6850,20094
6850,19145
6850,8655
6850,16067
6850,20990
6850,17798
6850,14142
6850,17165
6850,16125
6850,14868
6850,20419
6850,5575
6850,13054
6850,22488
6850,3619
6850,25166
6851,6732
6851,8343
6851,5012
6851,8382
6851,8360
6851,6910
6851,8702
6851,9135
6851,12695
6852,4912
6852,12824
6852,5519
6852,20663
6852,8627
6852,24590
6852,8207
6852,20847
6853,3492
6853,6940
6853,4437
6854,287
6854,15734
6854,16051
6854,5512
6854,289
6854,8641
6854,175
6854,12697
6854,3304
6854,21204
6855,14517
6855,5178
6855,20794
6855,8343
6855,2368
6855,13228
6855,12020
6855,21118
6856,7026
6856,1300
6856,18447
6856,5629
6856,5362
6856,24963
6856,3384
6856,3734
6856,8216
6856,8929
6856,3321
6856,21434
6856,4884
6857,8745
6857,20486
6858,3268
6858,10933
6859,20765
6859,3278
6860,6462
6860,3357
6861,702
6861,5057
6861,1240
6861,10465
6861,3357
6862,3562
6863,5589
6864,20765
6864,8343
6864,5546
6864,21415
6864,15708
6864,3268
6864,24833
6864,20069
6864,20652
6864,217
6865,12531
6865,6850
6866,702
6866,3357
6866,7019
6867,6763
6867,23959
6867,287
6867,15667
6867,3492
6867,3357
6867,24656
6867,6068
6867,21989
6868,5409
6869,3268
6870,2829
6871,15088
6872,3258
6872,3492
6872,19152
6872,13238
6872,6940
6872,5414
6872,217
6872,3357
6872,3214
6872,8623
6873,22823
6874,16609
6874,15109
6874,3550
6874,841
6874,20413
6874,13907
6874,2915
6874,23299
6875,5569
6876,8969
6876,3270
6877,8713
6877,20745
6877,13235
6878,24938
6878,6850
6879,9497
6879,3321
6879,8221
6879,6806
6880,8453
6881,5462
6881,2119
6881,3278
6882,297
6882,9081
6882,15686
6882,3258
6882,6707
6882,13238
6882,19997
6883,138
6883,12875
6884,5404
6884,8693
6885,21220
6885,3256
6885,6850
6886,20805
6887,21220
6887,24987
6887,13250
6887,13107
6887,12692
6887,12774
6887,3804
6887,21371
6887,24698
6887,20591
6887,12682
6887,12915
6888,5428
6889,5487
6890,22970
6891,6518
6891,3550
6892,2915
6892,14614
6892,18649
6892,15045
6892,14678
6892,3550
6893,6850
6894,8328
6895,1300
6895,8837
6895,3258
6896,4590
6896,175
6896,15916
6897,2829
6898,15558
6899,20805
6900,1274
6900,3357
6901,6462
6901,1274
6901,13238
6902,175
6903,702
6903,7019
6903,4324
6904,1300
6904,20544
6904,3268
6904,4750
6904,3278
6904,22160
6905,3603
6905,7759
6905,3321
6905,8002
6905,6454
6905,6687
6905,12912
6905,12610
6906,3550
6907,25329
6907,318
6908,703
6908,3321
6908,8221
6909,8267
6909,5832
6909,1300
6909,9140
6909,9030
6909,19936
6909,8989
6909,16151
6909,25099
6909,217
6909,3304
6909,19949
6909,24917
6909,22426
6909,17943
6909,3258
6909,3492
6909,16208
6909,4999
6909,15132
6909,12296
6909,22504
6909,5092
6909,19710
6909,20376
6909,21657
6909,8283
6909,9389
6909,3124
6909,21648
6909,5507
6909,17705
6909,19246
6909,4161
6909,18662
6909,21052
6909,3464
6909,19219
6909,7187
6909,17183
6909,23243
6909,5414
6909,10522
6909,9154
6910,6851
6910,20633
6911,21323
6911,5213
6911,15472
6911,3988
6911,3548
6911,18900
6911,6747
6911,13182
6911,18743
6911,5291
6911,2899
6911,21252
6912,6462
6912,6940
6912,3357
6913,12254
6913,3997
6913,6283
6913,6381
6913,8104
6913,3357
6913,7203
6913,6198
6914,6381
6915,12531
6915,6847
6916,6381
6917,11457
6917,4324
6918,702
6918,1240
6919,4324
6920,175
6921,5538
6922,702
6922,175
6922,1240
6923,14374
6923,2988
6923,3355
6923,11774
6923,18516
6923,24437
6923,19
6923,19928
6923,22865
6923,508
6923,16462
6923,2184
6923,18778
6923,14105
6923,5708
6923,11538
6923,210
6923,11165
6923,19857
6923,11298
6924,20735
6925,6199
6925,7019
6926,1240
6926,11457
6927,7386
6928,11173
6929,7019
6930,19263
6931,24627
6931,217
6932,2153
6932,7133
6933,210
6933,702
6933,10579
6934,702
6934,6080
6935,702
6935,2829
6936,8221
6937,6462
6938,702
6938,7019
6939,6638
6939,3357
6939,3550
6940,8092
6940,23261
6940,8913
6940,21524
6940,13185
6940,4590
6940,2819
6940,9691
6940,2774
6940,14519
6940,1274
6940,679
6940,2904
6940,15759
6940,13842
6940,2517
6940,21938
6940,15445
6940,1786
6940,7753
6940,12125
6940,8658
6940,8420
6940,9133
6940,7501
6940,14675
6940,21780
6940,1258
6940,6872
6940,2736
6940,13006
6940,5146
6940,12990
6940,16031
6940,19093
6940,21100
6940,4789
6940,8839
6940,10027
6940,22221
6940,20474
6940,16261
6940,3742
6940,8547
6940,6406
6940,13123
6940,23272
6940,8773
6940,1487
6940,1629
6940,6912
6940,5558
6940,20548
6940,5073
6940,10684
6940,14341
6940,2620
6940,15636
6940,12046
6940,4135
6940,227
6940,12108
6940,16669
6940,11687
6940,20835
6940,8427
6940,15396
6940,7474
6940,10311
6940,4514
6940,813
6940,13721
6940,13448
6940,22657
6940,16909
6940,19878
6940,20568
6940,17704
6940,8402
6940,7796
6940,5948
6940,13454
6940,4555
6940,3492
6940,12391
6940,4437
6940,3345
6940,5092
6940,14787
6940,6314
6940,4320
6940,3787
6940,4652
6940,6328
6940,9228
6940,4767
6940,13646
6940,12553
6940,19263
6940,5090
6940,4717
6940,11404
6940,8423
6940,6457
6940,6731
6940,4356
6940,16560
6940,9192
6940,5651
6940,10849
6940,15916
6940,16335
6940,5727
6940,15251
6940,3293
6940,15558
6940,5832
6940,21268
6940,2829
6940,13446
6940,3011
6940,20576
6940,12957
6940,2501
6940,8122
6940,22692
6940,13906
6940,3304
6940,217
6940,6390
6940,2227
6940,3247
6940,420
6940,24879
6940,2621
6940,15989
6940,11727
6940,787
6940,9265
6940,22782
6940,5463
6940,4324
6940,4638
6940,9010
6940,10285
6940,18782
6940,19818
6940,2127
6940,14718
6940,14892
6940,16638
6940,6293
6940,1817
6940,20501
6940,8709
6940,19319
6940,6853
6940,1131
6940,8929
6940,8690
6940,175
6940,14278
6940,8469
6940,13031
6940,8221
6940,8002
6940,11698
6940,19042
6940,8623
6940,3855
6940,11538
6940,11384
6940,14245
6940,20941
6940,10613
6940,15566
6940,20677
6940,11336
6940,5504
6940,4307
6940,7903
6940,61
6940,6141
6940,10595
6940,4838
6940,4182
6940,13345
6940,19936
6940,25042
6940,6316
6940,5725
6940,5401
6940,16151
6940,8554
6940,25109
6940,10455
6940,12458
6940,287
6940,9365
6940,15132
6940,5601
6940,12655
6940,17913
6940,1052
6940,9506
6940,21948
6940,11405
6940,16035
6940,43
6940,13102
6940,13286
6940,16538
6940,7785
6940,7778
6940,5431
6940,3214
6940,8076
6940,22026
6940,2111
6940,25084
6940,23311
6940,5428
6940,15704
6940,22255
6940,7748
6940,11644
6940,4726
6940,24852
6940,567
6940,22399
6940,14412
6940,8684
6940,11057
6940,17343
6940,6763
6940,6250
6940,10566
6940,14362
6940,6080
6940,4858
6940,15170
6940,20461
6940,2097
6940,2648
6940,2153
6940,13700
6940,7456
6940,13238
6940,6453
6940,1281
6940,7386
6940,735
6940,14590
6940,6124
6940,12223
6940,22904
6940,24943
6940,6771
6940,22213
6940,955
6940,6068
6940,12794
6940,25062
6940,16816
6940,18506
6940,12786
6940,6806
6940,6111
6940,15413
6940,5572
6940,10601
6940,7576
6940,25311
6940,20924
6940,12169
6940,14728
6940,11652
6940,2454
6940,13913
6940,21397
6940,14302
6940,20486
6940,7133
6940,20145
6940,9029
6940,23394
6940,8060
6940,5588
6940,3210
6940,6462
6940,4005
6940,3301
6940,4740
6940,8845
6940,22278
6940,17375
6940,8723
6940,5467
6940,25099
6940,6780
6940,3250
6940,12714
6940,12400
6940,12514
6940,20977
6940,5460
6940,6179
6940,6433
6940,15097
6940,16083
6940,367
6940,8069
6940,8872
6940,13769
6940,6846
6940,5661
6940,14493
6940,13979
6940,12716
6940,7066
6940,6129
6940,23839
6940,1983
6940,8852
6940,20719
6940,16340
6940,15150
6940,6131
6940,23505
6940,6540
6940,4033
6940,8343
6940,7982
6940,16205
6940,6408
6940,9194
6940,19219
6940,8211
6940,5389
6940,14391
6940,15291
6940,2687
6940,861
6940,12704
6940,34
6940,13214
6940,15258
6940,22823
6940,11029
6940,21372
6940,19030
6940,6296
6940,2498
6940,2627
6940,5211
6940,16036
6940,24932
6940,9681
6940,2623
6940,1785
6940,3558
6940,4566
6940,1903
6940,20800
6940,2530
6940,1291
6940,22265
6940,20680
6940,9146
6940,14961
6940,16215
6940,12009
6940,21803
6940,25181
6940,21056
6940,23353
6940,15767
6940,6657
6940,9157
6940,8608
6940,16806
6940,19152
6940,11894
6940,13333
6940,2425
6940,23326
6940,5414
6940,294
6940,8587
6940,1300
6940,9140
6940,5036
6940,17779
6940,6831
6940,3131
6940,17802
6940,8003
6940,8944
6940,23266
6940,16277
6940,21845
6940,23343
6940,7925
6940,5994
6940,13332
6940,11609
6940,729
6940,19549
6940,23132
6940,13681
6940,13194
6940,11165
6940,12497
6940,13038
6940,22774
6940,6775
6940,8283
6940,6668
6940,7092
6940,12933
6940,6321
6940,9319
6940,12776
6940,9045
6940,15774
6940,19266
6940,4649
6940,7229
6940,6566
6940,3735
6940,9417
6940,11868
6940,8898
6940,23545
6940,432
6940,3550
6940,23812
6940,5134
6940,5411
6940,9154
6940,13621
6941,2545
6942,702
6942,1240
6943,7019
6943,19095
6944,702
6944,1240
6944,19407
6944,7019
6945,2915
6945,17389
6946,6326
6947,702
6948,702
6948,4324
6949,210
6950,702
6950,7019
6951,702
6951,2829
6952,175
6952,3258
6952,7278
6953,703
6953,702
6953,1240
6954,13408
6955,175
6956,9239
6957,175
6957,7019
6958,175
6959,7019
6960,175
6960,24550
6960,17280
6960,10851
6960,7019
6960,6979
6960,23638
6961,7019
6961,10913
6962,702
6962,817
6963,2915
6963,175
6963,2517
6963,3550
6963,19030
6964,9838
6965,702
6965,704
6965,9305
6966,17548
6967,6518
6967,23149
6967,3135
6968,4324
6969,2906
6969,6084
6970,7912
6970,3562
6971,13681
6971,14908
6971,3357
6971,10613
6971,4324
6972,175
6973,6396
6973,13583
6974,5050
6974,702
6974,3357
6974,7019
6975,20116
6975,5007
6976,210
6976,13489
6977,6351
6978,6594
6979,6960
6979,10851
6980,702
6980,7019
6981,13132
6982,12181
6982,12243
6982,4324
6982,19330
6982,702
6982,175
6982,19963
6982,7019
6982,22171
6983,22654
6984,22313
6984,1240
6984,12501
6984,10802
6984,19349
6984,12174
6984,20142
6984,1369
6984,6113
6984,11090
6984,702
6984,8052
6984,175
6984,7019
6984,7309
6984,12630
6984,7266
6984,3453
6984,22617
6984,15106
6984,4324
6984,3550
6984,483
6984,2401
6984,14633
6984,1182
6984,6232
6984,3357
6984,543
6985,702
6985,1240
6985,7019
6985,3357
6986,17478
6987,16853
6987,14570
6987,4182
6988,6462
6988,12180
6989,1240
6989,7019
6990,210
6990,1240
6990,7019
6990,3357
6991,19407
6992,702
6992,1240
6993,1669
6994,13345
6994,2371
6994,6071
6994,22121
6994,22098
6994,2091
6994,23034
6994,20395
6994,19984
6994,11284
6994,2625
6994,12014
6994,14675
6994,18501
6994,22213
6994,14217
6994,10836
6994,1240
6994,14955
6994,4320
6994,14277
6994,14973
6994,3562
6994,14961
6994,20475
6994,10967
6994,702
6994,20386
6994,13413
6994,11308
6994,19519
6994,15670
6994,14728
6994,3550
6994,2915
6994,19973
6994,23905
6994,18957
6995,1131
6995,7912
6995,19859
6996,19263
6997,15291
6998,210
6998,15271
6999,6373
7000,210
7000,7019
7001,469
7001,6396
7002,10467
7003,4751
7003,7694
7004,8658
7005,14118
7005,3089
7005,15312
7005,7419
7005,16630
7005,11341
7005,16743
7005,12957
7005,17127
7005,13425
7005,20016
7005,17148
7006,7304
7007,13659
7008,3448
7008,760
7009,18102
7010,4324
7011,12553
7011,3247
7012,16726
7012,22430
7012,5651
7012,12152
7012,537
7012,15298
7012,22391
7012,14243
7012,1015
7013,702
7013,7019
7013,14410
7013,20030
7014,1240
7014,175
7015,9657
7015,4658
7016,7019
7016,7923
7017,23254
7017,7019
7017,7923
7018,17010
7018,14946
7018,13892
7018,6548
7018,12220
7018,15301
7018,14253
7018,11596
7018,1301
7018,11956
7019,23020
7019,72
7019,5007
7019,15753
7019,2244
7019,24563
7019,14203
7019,11043
7019,16433
7019,10582
7019,11871
7019,1933
7019,21538
7019,13939
7019,19757
7019,15625
7019,7732
7019,23916
7019,7863
7019,19758
7019,23234
7019,11170
7019,13219
7019,13968
7019,15592
7019,14815
7019,30
7019,21819
7019,7817
7019,1840
7019,13421
7019,12008
7019,20227
7019,14413
7019,19059
7019,6149
7019,2755
7019,6514
7019,102
7019,1181
7019,12148
7019,3656
7019,20311
7019,22565
7019,22962
7019,20254
7019,2069
7019,20218
7019,3572
7019,7713
7019,25088
7019,10976
7019,23283
7019,13886
7019,2424
7019,13761
7019,10876
7019,14364
7019,4262
7019,23312
7019,10917
7019,14382
7019,11682
7019,10920
7019,14567
7019,13388
7019,6218
7019,18986
7019,19628
7019,17012
7019,5049
7019,13940
7019,15931
7019,59
7019,7915
7019,7099
7019,16515
7019,23436
7019,13364
7019,11958
7019,11497
7019,4324
7019,1556
7019,2675
7019,4662
7019,13609
7019,14892
7019,13582
7019,8086
7019,21807
7019,11060
7019,503
7019,20428
7019,16804
7019,11589
7019,20012
7019,11459
7019,15950
7019,11741
7019,2910
7019,13
7019,22881
7019,19638
7019,6432
7019,24578
7019,16876
7019,6316
7019,13507
7019,2107
7019,16528
7019,24944
7019,16430
7019,17167
7019,11174
7019,20403
7019,1787
7019,10429
7019,11321
7019,11991
7019,21624
7019,17004
7019,13599
7019,14216
7019,1976
7019,2920
7019,24903
7019,6938
7019,6688
7019,23497
7019,19112
7019,16628
7019,15850
7019,11744
7019,1022
7019,15463
7019,14646
7019,415
7019,16989
7019,14599
7019,6763
7019,2144
7019,3040
7019,15131
7019,603
7019,11050
7019,18845
7019,10445
7019,21620
7019,9584
7019,14292
7019,5669
7019,9809
7019,23480
7019,14329
7019,22110
7019,20047
7019,3007
7019,1321
7019,22588
7019,16838
7019,11807
7019,16421
7019,6613
7019,6236
7019,17265
7019,6575
7019,14880
7019,16094
7019,15214
7019,14181
7019,5714
7019,22910
7019,13978
7019,13685
7019,22224
7019,1361
7019,7406
7019,13922
7019,14041
7019,7311
7019,14404
7019,2089
7019,12188
7019,12082
7019,1862
7019,948
7019,10459
7019,17227
7019,13236
7019,22374
7019,11655
7019,11067
7019,2687
7019,22733
7019,8552
7019,7444
7019,7141
7019,789
7019,16691
7019,17066
7019,21550
7019,22879
7019,14267
7019,5094
7019,13324
7019,18953
7019,21667
7019,23189
7019,13917
7019,16103
7019,11445
7019,22058
7019,10969
7019,18640
7019,3586
7019,11813
7019,16150
7019,2749
7019,2027
7019,7055
7019,1729
7019,21875
7019,10977
7019,7496
7019,14686
7019,4244
7019,10660
7019,14418
7019,7237
7019,14588
7019,2357
7019,5775
7019,7790
7019,25105
7019,14275
7019,1447
7019,11777
7019,10663
7019,17034
7019,1314
7019,822
7019,19156
7019,10646
7019,18601
7019,925
7019,6929
7019,2332
7019,678
7019,2997
7019,1165
7019,17216
7019,22944
7019,13725
7019,2330
7019,7727
7019,3615
7019,7842
7019,21833
7019,23037
7019,11912
7019,22410
7019,6631
7019,2966
7019,23190
7019,22847
7019,13764
7019,7228
7019,908
7019,17220
7019,879
7019,22611
7019,591
7019,1784
7019,10027
7019,13402
7019,22221
7019,14812
7019,16231
7019,12230
7019,19501
7019,10652
7019,19442
7019,18713
7019,11596
7019,16147
7019,15041
7019,18879
7019,14744
7019,15196
7019,6227
7019,18954
7019,11440
7019,15454
7019,10913
7019,6291
7019,12962
7019,20116
7019,2818
7019,13881
7019,21651
7019,13577
7019,14011
7019,14104
7019,14758
7019,17351
7019,16592
7019,19918
7019,20130
7019,1612
7019,15142
7019,13805
7019,23161
7019,3739
7019,10875
7019,11658
7019,10829
7019,23022
7019,23405
7019,13759
7019,22201
7019,16643
7019,16839
7019,8501
7019,15210
7019,6586
7019,1859
7019,14482
7019,6990
7019,9330
7019,5651
7019,2607
7019,22313
7019,3456
7019,21862
7019,2455
7019,8077
7019,11553
7019,13522
7019,11758
7019,22671
7019,18777
7019,16747
7019,9265
7019,19086
7019,1687
7019,22712
7019,2025
7019,20040
7019,19879
7019,12179
7019,11720
7019,15017
7019,6581
7019,18812
7019,1752
7019,2186
7019,7934
7019,14839
7019,534
7019,22805
7019,2351
7019,22749
7019,8002
7019,14380
7019,17301
7019,17283
7019,12883
7019,10914
7019,12091
7019,22927
7019,11054
7019,14155
7019,7889
7019,23196
7019,10669
7019,3490
7019,2897
7019,13368
7019,18849
7019,16675
7019,22243
7019,2912
7019,11229
7019,23154
7019,10559
7019,22194
7019,11795
7019,23997
7019,19292
7019,21948
7019,2531
7019,15147
7019,13221
7019,7383
7019,23503
7019,2080
7019,11185
7019,2102
7019,3506
7019,13568
7019,16911
7019,19194
7019,12037
7019,2766
7019,2281
7019,14360
7019,15923
7019,15129
7019,10272
7019,12199
7019,6127
7019,2161
7019,1232
7019,7386
7019,416
7019,16478
7019,14640
7019,21531
7019,14990
7019,6168
7019,23351
7019,15377
7019,18980
7019,20453
7019,22756
7019,6960
7019,16646
7019,21645
7019,15980
7019,22297
7019,12287
7019,4740
7019,16545
7019,15948
7019,6320
7019,18913
7019,7764
7019,7394
7019,21899
7019,11996
7019,12236
7019,6508
7019,22311
7019,14046
7019,2572
7019,22377
7019,4189
7019,17114
7019,12326
7019,1031
7019,21737
7019,11721
7019,4567
7019,1669
7019,1394
7019,1974
7019,10952
7019,999
7019,12173
7019,22493
7019,2729
7019,14654
7019,210
7019,2183
7019,13852
7019,13817
7019,16519
7019,13017
7019,15321
7019,17031
7019,12001
7019,7132
7019,14392
7019,6455
7019,22809
7019,11528
7019,22823
7019,2533
7019,482
7019,2498
7019,19143
7019,1151
7019,6647
7019,2825
7019,21859
7019,6405
7019,20018
7019,6621
7019,13657
7019,11145
7019,11481
7019,7755
7019,16252
7019,18834
7019,10998
7019,15064
7019,20318
7019,10518
7019,13699
7019,21798
7019,19231
7019,17079
7019,419
7019,17275
7019,7854
7019,7047
7019,5075
7019,17226
7019,12218
7019,13635
7019,3390
7019,14957
7019,13073
7019,23350
7019,15006
7019,22774
7019,6974
7019,17234
7019,14057
7019,13778
7019,19664
7019,661
7019,2791
7019,13660
7019,14895
7019,19775
7019,17307
7019,1634
7019,3550
7019,2936
7019,14541
7019,7252
7019,18817
7019,786
7019,5745
7019,7952
7019,22185
7019,20068
7019,18999
7019,6096
7019,21900
7019,11641
7019,15647
7019,6087
7019,10963
7019,2914
7019,19479
7019,18832
7019,14786
7019,1718
7019,24141
7019,19576
7019,1059
7019,17290
7019,3495
7019,2052
7019,10675
7019,19571
7019,19578
7019,19761
7019,21623
7019,13845
7019,14930
7019,13176
7019,13653
7019,11716
7019,14416
7019,1381
7019,7726
7019,22529
7019,19313
7019,14170
7019,16981
7019,17311
7019,13437
7019,4652
7019,13964
7019,1694
7019,11837
7019,15921
7019,16587
7019,22205
7019,13646
7019,15101
7019,20391
7019,6746
7019,1970
7019,11365
7019,14962
7019,6167
7019,10644
7019,7343
7019,10626
7019,7059
7019,19058
7019,14101
7019,15899
7019,512
7019,20129
7019,1416
7019,10838
7019,6338
7019,1924
7019,14108
7019,21642
7019,19025
7019,6719
7019,22960
7019,16727
7019,1405
7019,1807
7019,21509
7019,7770
7019,22696
7019,16940
7019,11466
7019,20440
7019,22010
7019,13810
7019,14800
7019,16783
7019,19940
7019,19455
7019,11787
7019,470
7019,6944
7019,18933
7019,13814
7019,22659
7019,889
7019,2387
7019,23237
7019,23171
7019,11314
7019,19515
7019,10942
7019,11480
7019,457
7019,15344
7019,10900
7019,23446
7019,19651
7019,7785
7019,14835
7019,3361
7019,6903
7019,17367
7019,14435
7019,1653
7019,14131
7019,7179
7019,20020
7019,18616
7019,11175
7019,14362
7019,2370
7019,11577
7019,14913
7019,11249
7019,24171
7019,162
7019,22778
7019,12160
7019,110
7019,13389
7019,11141
7019,22191
7019,23175
7019,1240
7019,21694
7019,20315
7019,13791
7019,14889
7019,22170
7019,22989
7019,551
7019,6438
7019,23437
7019,7035
7019,11812
7019,2560
7019,7751
7019,23174
7019,16649
7019,7098
7019,5050
7019,1767
7019,13323
7019,19770
7019,6254
7019,15185
7019,13803
7019,446
7019,14506
7019,14986
7019,1350
7019,23541
7019,1614
7019,22684
7019,17277
7019,16764
7019,7017
7019,22300
7019,15318
7019,10516
7019,932
7019,2734
7019,6570
7019,14684
7019,8013
7019,16970
7019,602
7019,11617
7019,21706
7019,15010
7019,14019
7019,11063
7019,15964
7019,882
7019,2024
7019,11997
7019,19005
7019,12327
7019,23139
7019,7162
7019,17445
7019,18494
7019,23235
7019,19158
7019,3594
7019,4980
7019,14489
7019,6423
7019,6092
7019,2543
7019,22961
7019,11827
7019,1918
7019,15215
7019,2172
7019,4582
7019,22077
7019,294
7019,23325
7019,14690
7019,1300
7019,11038
7019,16000
7019,674
7019,17228
7019,22728
7019,21845
7019,23343
7019,10789
7019,3738
7019,15195
7019,557
7019,4263
7019,14905
7019,22373
7019,2233
7019,6399
7019,14795
7019,23211
7019,22261
7019,23399
7019,20006
7019,9801
7019,20356
7019,16779
7019,15912
7019,23057
7019,2012
7019,14594
7019,16436
7019,10858
7019,21762
7019,1861
7019,13822
7019,8010
7019,13339
7019,11635
7019,2480
7019,14031
7019,806
7019,22163
7019,13860
7019,13265
7019,257
7019,4058
7019,15087
7019,6982
7019,6180
7019,6114
7019,13667
7019,20062
7019,15189
7019,22704
7019,23527
7019,9830
7019,17297
7019,3574
7019,7693
7019,21738
7019,11856
7019,2179
7019,14617
7019,6342
7019,13240
7019,1003
7019,24093
7019,12885
7019,11179
7019,17407
7019,13392
7019,15154
7019,12755
7019,19725
7019,14144
7019,23691
7019,1132
7019,24194
7019,1940
7019,16271
7019,13503
7019,4544
7019,10960
7019,13484
7019,2438
7019,1418
7019,2238
7019,6866
7019,23532
7019,9499
7019,16440
7019,1205
7019,13492
7019,20171
7019,24366
7019,22030
7019,1873
7019,16604
7019,7200
7019,1929
7019,13062
7019,6950
7019,23097
7019,7927
7019,6484
7019,19212
7019,11290
7019,1871
7019,1774
7019,16674
7019,19021
7019,2829
7019,19080
7019,22765
7019,11046
7019,23452
7019,6196
7019,11493
7019,18479
7019,19614
7019,22409
7019,13260
7019,22754
7019,2140
7019,23330
7019,15294
7019,14022
7019,20204
7019,1998
7019,10813
7019,10712
7019,21931
7019,14745
7019,6989
7019,175
7019,24422
7019,11233
7019,12215
7019,2600
7019,16760
7019,7806
7019,22966
7019,14801
7019,6220
7019,2835
7019,19611
7019,13973
7019,22505
7019,6828
7019,7337
7019,5401
7019,19691
7019,15260
7019,11020
7019,23149
7019,20262
7019,19245
7019,19450
7019,16712
7019,13792
7019,6076
7019,1712
7019,21734
7019,7784
7019,907
7019,19237
7019,10696
7019,22220
7019,9270
7019,12637
7019,15928
7019,402
7019,11086
7019,10406
7019,17187
7019,11527
7019,24441
7019,18658
7019,21823
7019,2545
7019,23379
7019,13682
7019,25129
7019,19511
7019,13636
7019,12829
7019,6622
7019,11677
7019,15272
7019,19018
7019,20321
7019,14936
7019,2485
7019,11537
7019,10999
7019,19306
7019,6454
7019,12183
7019,7588
7019,12242
7019,22913
7019,14976
7019,6322
7019,20075
7019,22517
7019,22244
7019,21758
7019,4374
7019,11274
7019,22430
7019,23907
7019,3046
7019,15665
7019,87
7019,15728
7019,19850
7019,15810
7019,18803
7019,10683
7019,14602
7019,11597
7019,6305
7019,11134
7019,14276
7019,11546
7019,19597
7019,7282
7019,20352
7019,2935
7019,11848
7019,20363
7019,18813
7019,16665
7019,22044
7019,3496
7019,12117
7019,16228
7019,1092
7019,1957
7019,18998
7019,13462
7019,22477
7019,1150
7019,86
7019,23320
7019,952
7019,18820
7019,2632
7019,4153
7019,12135
7019,22421
7019,18695
7019,5010
7019,3298
7019,7401
7019,16242
7019,13972
7019,3706
7019,16670
7019,21547
7019,3777
7019,10577
7019,9681
7019,1785
7019,671
7019,16813
7019,17231
7019,12555
7019,20042
7019,10761
7019,21646
7019,12043
7019,6143
7019,7164
7019,11971
7019,7826
7019,16984
7019,15904
7019,22734
7019,17170
7019,24798
7019,8138
7019,16788
7019,19251
7019,12286
7019,23403
7019,5724
7019,22233
7019,14415
7019,7602
7019,13861
7019,22582
7019,7904
7019,2771
7019,24071
7019,18677
7019,7412
7019,618
7019,4267
7019,22564
7019,11151
7019,2418
7019,10912
7019,11723
7019,1340
7019,14095
7019,20456
7019,22720
7019,24308
7019,2781
7019,21652
7019,12234
7019,21849
7019,14156
7019,20437
7019,17189
7019,16236
7019,16399
7019,21705
7019,2763
7019,1293
7019,1076
7019,2105
7019,10412
7019,21588
7019,4789
7019,6108
7019,19335
7019,1797
7019,3742
7019,15226
7019,15038
7019,3014
7019,2891
7019,18807
7019,15133
7019,2207
7019,14985
7019,20216
7019,22051
7019,17229
7019,23483
7019,12154
7019,14809
7019,6072
7019,13925
7019,20469
7019,3526
7019,16949
7019,8152
7019,14788
7019,22503
7019,22729
7019,24173
7019,16416
7019,15908
7019,1374
7019,707
7019,15216
7019,4762
7019,23054
7019,14672
7019,15049
7019,1607
7019,22650
7019,14149
7019,7924
7019,6428
7019,3787
7019,14894
7019,7868
7019,11734
7019,13256
7019,4767
7019,11882
7019,22036
7019,2432
7019,13359
7019,11474
7019,1422
7019,1945
7019,15052
7019,11599
7019,22407
7019,10806
7019,16465
7019,10572
7019,14597
7019,3503
7019,12957
7019,13747
7019,21631
7019,7860
7019,13690
7019,22284
7019,20
7019,19541
7019,11684
7019,20138
7019,21556
7019,437
7019,4212
7019,6984
7019,7168
7019,19044
7019,12217
7019,21941
7019,6304
7019,6595
7019,22603
7019,4570
7019,796
7019,3148
7019,13633
7019,12181
7019,7121
7019,10623
7019,14822
7019,4548
7019,7552
7019,10468
7019,11561
7019,13840
7019,14055
7019,10347
7019,487
7019,18657
7019,15677
7019,7308
7019,810
7019,10750
7019,15140
7019,17232
7019,16614
7019,22277
7019,1167
7019,12176
7019,12063
7019,12093
7019,2046
7019,16620
7019,10476
7019,13373
7019,11421
7019,2234
7019,16869
7019,3449
7019,7134
7019,2197
7019,19445
7019,16140
7019,16508
7019,6251
7019,2400
7019,6353
7019,22206
7019,2753
7019,1108
7019,18441
7019,14061
7019,7469
7019,23179
7019,15158
7019,11559
7019,7735
7019,2671
7019,11911
7019,7811
7019,14248
7019,1877
7019,10958
7019,18903
7019,13661
7019,22240
7019,14969
7019,2338
7019,21595
7019,2672
7019,1925
7019,24804
7019,21512
7019,23583
7019,22049
7019,23267
7019,7293
7019,14521
7019,22536
7019,14569
7019,12876
7019,5467
7019,7129
7019,21566
7019,18877
7019,11798
7019,13769
7019,6310
7019,15450
7019,17395
7019,14493
7019,10651
7019,10971
7019,13007
7019,2083
7019,1553
7019,11058
7019,4312
7019,19024
7019,14014
7019,3664
7019,7172
7019,1170
7019,19978
7019,4264
7019,21873
7019,13222
7019,13611
7019,22463
7019,22739
7019,20063
7019,14746
7019,957
7019,18896
7019,15574
7019,12106
7019,544
7019,23173
7019,6520
7019,23071
7019,17333
7019,7839
7019,25210
7019,19598
7019,24020
7019,1519
7019,22568
7019,11457
7019,8120
7019,11951
7019,19089
7019,13946
7019,17303
7019,14073
7019,2634
7019,16987
7019,6635
7019,23127
7019,22608
7019,6770
7019,19921
7019,1399
7019,21799
7019,24165
7019,17053
7019,10880
7019,18727
7019,413
7019,22292
7019,11382
7019,17185
7019,10980
7019,19460
7019,16201
7019,17194
7019,11868
7019,6943
7019,14699
7019,13696
7019,16714
7019,6265
7019,22786
7019,19192
7019,23309
7019,537
7019,13341
7019,22931
7019,23623
7019,14424
7019,11895
7019,1686
7019,15284
7019,21826
7019,16794
7019,2656
7019,1796
7019,20405
7019,15149
7019,16795
7019,23276
7019,10454
7019,1155
7019,11972
7019,22281
7019,7797
7019,4135
7019,14544
7019,14568
7019,20328
7019,22363
7019,12053
7019,12064
7019,1821
7019,13481
7019,24389
7019,1009
7019,7411
7019,7816
7019,19127
7019,23214
7019,10996
7019,11925
7019,22738
7019,17362
7019,14274
7019,241
7019,21864
7019,11236
7019,19542
7019,15713
7019,21929
7019,609
7019,23109
7019,24489
7019,3018
7019,14516
7019,1625
7019,7219
7019,1751
7019,6957
7019,10974
7019,21643
7019,1287
7019,1033
7019,2578
7019,24073
7019,13779
7019,22057
7019,4997
7019,11104
7019,13637
7019,22449
7019,14247
7019,22080
7019,20221
7019,11276
7019,22662
7019,11031
7019,13670
7019,6282
7019,23142
7019,22411
7019,15057
7019,808
7019,18594
7019,22942
7019,11579
7019,22884
7019,11218
7019,702
7019,15240
7019,12241
7019,21688
7019,2979
7019,15268
7019,12214
7019,12679
7019,7000
7019,21956
7019,16490
7019,14186
7019,18683
7019,21915
7019,14373
7019,14447
7019,19534
7019,14888
7019,13627
7019,6685
7019,19055
7019,2164
7019,7064
7019,11358
7019,21510
7019,4151
7019,22073
7019,13497
7019,1604
7019,11131
7019,6503
7019,2529
7019,19385
7019,6275
7019,14293
7019,10242
7019,10910
7019,22009
7019,4265
7019,17236
7019,14385
7019,25036
7019,2682
7019,25206
7019,6162
7019,7016
7019,12193
7019,11041
7019,10708
7019,13714
7019,16019
7019,126
7019,11287
7019,11089
7019,1962
7019,16492
7019,21735
7019,6081
7019,744
7019,15106
7019,715
7019,4365
7019,13419
7019,1736
7019,22744
7019,473
7019,15540
7019,14533
7019,2221
7019,16928
7019,6024
7019,11778
7019,19865
7019,12591
7019,1549
7019,14332
7019,7032
7019,14739
7019,2718
7019,19426
7019,4268
7019,6286
7019,7659
7019,17387
7019,13807
7019,2133
7019,2689
7019,17162
7019,19500
7019,15884
7019,6179
7019,7415
7019,6433
7019,13855
7019,13380
7019,23693
7019,1145
7019,6360
7019,18724
7019,22271
7019,15575
7019,3562
7019,24645
7019,14471
7019,821
7019,7717
7019,23101
7019,11624
7019,8189
7019,14132
7019,6479
7019,11128
7019,6567
7019,22888
7019,15291
7019,10831
7019,1466
7019,6052
7019,6649
7019,13180
7019,12701
7019,23156
7019,12191
7019,7123
7019,298
7019,2870
7019,24900
7019,2627
7019,24232
7019,17081
7019,13566
7019,19679
7019,12252
7019,19739
7019,20349
7019,6424
7019,16559
7019,20058
7019,13376
7019,13034
7019,6095
7019,22028
7019,6290
7019,13541
7019,13786
7019,17159
7019,15280
7019,14497
7019,21544
7019,7154
7019,10643
7019,22035
7019,15841
7019,4547
7019,14433
7019,14076
7019,16994
7019,23317
7019,19730
7019,18758
7019,14991
7019,12222
7019,13883
7019,17204
7019,10911
7019,3000
7019,6229
7019,197
7019,14010
7019,207
7019,2489
7019,18643
7019,6985
7019,22257
7019,22810
7019,17136
7019,13744
7019,14688
7019,6502
7019,21632
7019,19832
7019,6326
7019,22274
7019,11934
7019,2346
7019,16578
7019,12921
7019,13632
7019,24755
7019,11790
7019,10968
7019,14048
7019,21774
7019,15243
7019,20246
7019,654
7019,7030
7019,9382
7019,3021
7019,5113
7019,18572
7019,14798
7019,22510
7019,14853
7019,2576
7019,2000
7019,14444
7019,15953
7019,11495
7019,18728
7019,7787
7019,20359
7019,2053
7019,7424
7019,7821
7019,13508
7019,7375
7019,13374
7019,2219
7019,19240
7019,3932
7019,10774
7019,19160
7019,11654
7019,22845
7019,19444
7019,17033
7019,14268
7019,9659
7019,2124
7019,3556
7019,13702
7019,21704
7019,10709
7019,14036
7019,7724
7019,2191
7019,10985
7019,14873
7019,6298
7019,1423
7019,21987
7019,3061
7019,1043
7019,12104
7019,22225
7019,15861
7019,885
7019,22064
7019,215
7019,23677
7019,7543
7019,8221
7019,2797
7019,25347
7019,13757
7019,14765
7019,1385
7019,10745
7019,5062
7019,21540
7019,16972
7019,8162
7019,23144
7019,18453
7019,4838
7019,15227
7019,7421
7019,22907
7019,6959
7019,19373
7019,20325
7019,19358
7019,18904
7019,14793
7019,11938
7019,5512
7019,14023
7019,11839
7019,10456
7019,2220
7019,1766
7019,6309
7019,7384
7019,16120
7019,7739
7019,14859
7019,12782
7019,1781
7019,10526
7019,19537
7019,14026
7019,17371
7019,12164
7019,15118
7019,15486
7019,15907
7019,4269
7019,11373
7019,17113
7019,17264
7019,985
7019,22859
7019,19527
7019,2312
7019,12036
7019,7382
7019,14737
7019,19272
7019,14143
7019,21933
7019,25294
7019,7230
7019,2688
7019,7013
7019,15322
7019,19613
7019,13165
7019,22183
7019,11173
7019,3258
7019,695
7019,979
7019,10723
7019,13200
7019,21794
7019,16491
7019,21682
7019,21888
7019,1286
7019,23894
7019,20228
7019,7133
7019,23075
7019,11854
7019,7225
7019,10533
7019,17212
7019,3357
7019,768
7019,1393
7019,14747
7019,20427
7019,11551
7019,2389
7019,2686
7019,18721
7019,16483
7019,13110
7019,1714
7019,12007
7019,10380
7019,11671
7019,13453
7019,16878
7019,20365
7019,19276
7019,7464
7019,7270
7019,10317
7019,3802
7019,19478
7019,18965
7019,6139
7019,15271
7019,13095
7019,3901
7019,22126
7019,1593
7019,18788
7019,16505
7019,6436
7019,13997
7019,6561
7019,20332
7019,14301
7019,1878
7019,22447
7019,73
7019,18583
7019,20316
7019,2784
7019,13828
7019,20108
7019,13593
7019,17230
7019,13970
7019,1758
7019,11625
7019,1329
7019,2679
7019,14182
7019,17254
7019,14244
7019,22472
7019,15090
7019,14215
7019,14437
7019,3922
7019,14300
7019,16967
7019,12071
7019,22987
7019,11017
7019,11797
7019,6403
7019,22850
7019,23266
7019,11416
7019,1846
7019,2385
7019,21745
7019,4131
7019,14520
7019,11284
7019,12153
7019,11605
7019,13741
7019,11356
7019,3321
7019,6525
7019,14512
7019,7937
7019,23088
7019,22856
7019,19716
7019,20215
7019,11670
7019,12568
7019,21564
7019,7850
7019,7031
7019,18931
7019,1966
7019,22735
7019,5057
7019,21878
7019,5089
7019,14627
7019,4266
7019,22253
7019,16968
7019,18586
7019,3079
7019,20375
7019,7508
7019,20285
7019,22553
7019,20343
7019,22133
7019,15332
7019,2141
7019,7453
7019,1588
7019,6319
7019,2723
7019,14344
7019,606
7019,517
7019,17089
7019,11091
7019,22660
7019,14091
7019,11687
7019,14535
7019,20317
7019,2948
7019,68
7019,6159
7019,3043
7019,18962
7019,12759
7019,17065
7019,12604
7019,15383
7019,14224
7019,6308
7019,20424
7019,1099
7019,17233
7019,7794
7019,11738
7019,15007
7019,21434
7019,1558
7019,12185
7019,20471
7019,3
7019,22147
7019,7961
7019,13205
7019,11730
7019,20099
7019,1094
7019,1997
7019,22680
7019,14562
7019,6165
7019,11610
7019,14845
7019,11186
7019,10820
7019,19461
7019,25044
7019,15330
7019,14040
7019,13468
7019,20434
7019,22460
7019,6390
7019,21548
7019,13113
7019,6396
7019,2170
7019,14718
7019,6485
7019,16645
7019,2023
7019,19817
7019,3827
7019,6980
7019,7298
7019,2535
7019,11087
7019,18898
7019,20458
7019,2702
7019,1981
7019,832
7019,12083
7019,16135
7019,15638
7019,19685
7019,10299
7019,6347
7019,5729
7019,14565
7019,9506
7019,15779
7019,7385
7019,14890
7019,8076
7019,10006
7019,24647
7019,17225
7019,14451
7019,24350
7019,17000
7019,6449
7019,21644
7019,12019
7019,20258
7019,2915
7019,12059
7019,15085
7019,23292
7019,1136
7019,7359
7019,19620
7019,16390
7019,11858
7019,14168
7019,11005
7019,16556
7019,552
7019,10747
7019,7449
7019,11413
7019,14318
7019,20390
7019,7685
7019,1967
7019,468
7019,2923
7019,18752
7019,12065
7019,16682
7019,11322
7019,4584
7019,19006
7019,22839
7019,1210
7019,22331
7019,24983
7019,13650
7019,1315
7019,24394
7019,19126
7019,21843
7019,2830
7019,6232
7019,13962
7019,6462
7019,6925
7019,13542
7019,19894
7019,4776
7019,23095
7019,18747
7019,16501
7019,16929
7019,10878
7019,16527
7019,2466
7019,20005
7019,7744
7019,20134
7019,23153
7019,11591
7019,21592
7019,20393
7019,11335
7019,6961
7019,14550
7019,15304
7019,12180
7019,23998
7019,900
7019,13689
7019,23454
7019,15926
7019,22745
7019,6526
7019,15113
7019,10778
7019,22222
7019,19899
7019,278
7019,475
7019,7057
7019,12434
7019,13588
7019,963
7019,21736
7019,2704
7019,12262
7019,15122
7019,13330
7019,23848
7019,13854
7019,11906
7019,11796
7019,10796
7019,10701
7019,19569
7019,16610
7019,17152
7019,18840
7019,6178
7019,31
7019,16469
7019,239
7019,12120
7019,13808
7019,8040
7019,1762
7019,16831
7019,13848
7019,7297
7019,598
7019,11931
7019,16856
7019,4367
7019,7229
7019,17361
7019,17350
7019,19085
7019,16101
7019,23504
7019,2098
7019,12076
7019,15105
7019,18886
7019,1494
7019,16641
7019,2726
7019,2004
7020,2915
7021,1222
7022,19263
7023,20116
7023,7133
7024,1240
7024,1063
7025,2829
7025,3550
7026,6856
7027,4766
7027,7471
7028,6594
7029,25309
7029,15757
7030,13766
7030,14761
7030,18661
7030,11228
7030,6257
7030,10922
7030,11980
7030,11322
7030,7897
7030,11611
7030,3715
7030,15869
7030,7019
7030,2934
7030,20179
7030,15863
7030,513
7030,13328
7030,2360
7030,21713
7030,10438
7030,7807
7030,2429
7030,475
7030,3357
7030,11130
7030,4307
7030,13699
7030,11795
7030,14566
7031,1240
7031,7019
7032,10693
7032,7019
7032,7133
7033,7576
7034,702
7035,7019
7036,10202
7036,9499
7037,175
7038,702
7038,4324
7039,11173
7040,1240
7040,13792
7041,8112
7041,856
7042,11687
7043,210
7044,23675
7044,17558
7045,10914
7045,18954
7046,702
7046,11487
7047,14552
7047,7549
7047,704
7047,6129
7047,703
7047,210
7047,702
7047,7019
7047,11487
7047,1356
7048,702
7049,702
7050,7909
7051,2382
7052,17728
7052,17827
7053,210
7053,7133
7054,755
7055,703
7055,702
7055,1240
7055,7019
7055,3759
7056,2829
7056,3357
7056,3550
7057,210
7057,23043
7057,7019
7058,10857
7058,578
7058,3357
7058,14440
7058,24966
7058,13728
7059,18973
7059,7019
7060,6131
7060,2904
7060,3562
7061,12531
7062,4324
7063,210
7064,20116
7064,7019
7064,7133
7065,4751
7065,24327
7065,9305
7066,3492
7066,19152
7066,6940
7066,2517
7066,4437
7066,3550
7066,702
7066,12273
7066,8122
7066,14426
7066,11213
7066,294
7067,226
7067,1240
7067,20106
7067,20251
7067,13784
7067,19139
7067,3141
7067,11976
7067,19465
7067,1436
7067,23055
7067,10358
7067,18774
7067,16644
7067,13272
7067,10546
7067,1313
7067,17119
7067,10657
7067,21985
7067,1202
7067,23079
7068,175
7068,2829
7069,1240
7070,210
7070,22823
7071,702
7071,23330
7071,6129
7072,7243
7072,6726
7073,6222
7074,24219
7075,6803
7076,175
7077,175
7077,2829
7078,702
7078,6129
7079,10921
7079,175
7079,8002
7079,19095
7080,3357
7081,11173
7081,16532
7082,338
7082,10523
7082,18651
7082,14596
7082,7759
7082,11786
7082,5646
7082,13658
7082,420
7082,14454
7082,19235
7082,7481
7082,15704
7082,6408
7082,5691
7082,3603
7082,13774
7082,6456
7083,11538
7084,12182
7084,22774
7084,12183
7085,6518
7085,175
7085,20521
7085,10022
7085,3550
7086,23149
7086,6454
7087,8152
7088,6504
7089,703
7089,702
7089,1240
7089,3357
7089,4516
7090,11399
7090,11334
7091,18991
7091,702
7092,10452
7092,21534
7092,11748
7092,6940
7092,23944
7092,702
7092,716
7092,15579
7092,175
7092,22511
7092,8002
7092,217
7092,2153
7092,11346
7092,19030
7092,6540
7092,2498
7092,23440
7092,13238
7092,2517
7092,4324
7092,2915
7092,294
7093,7694
7094,2915
7095,22959
7095,10797
7096,6747
7096,8709
7096,12303
7096,5607
7097,12112
7098,7019
7099,7912
7099,7019
7100,4170
7101,10934
7101,210
7102,9499
7102,4756
7103,853
7104,5463
7105,702
7105,3562
7106,1240
7106,4324
7106,17233
7107,210
7107,1240
7107,2552
7108,702
7108,1240
7109,10224
7110,19095
7111,10914
7112,702
7112,22774
7112,7133
7113,175
7113,11026
7114,702
7115,12183
7116,24166
7116,10851
7117,702
7117,11856
7117,10913
7118,6321
7119,25229
7119,19712
7120,210
7121,7019
7121,19263
7122,7754
7123,702
7123,7019
7124,703
7124,2687
7125,702
7125,1240
7125,19263
7126,11173
7127,210
7127,1786
7128,702
7128,1240
7129,210
7129,7019
7130,1098
7130,2391
7130,2499
7130,19095
7130,10822
7130,7133
7130,16718
7130,2496
7130,14156
7130,22774
7130,6603
7130,12016
7131,6462
7131,2915
7131,175
7131,4324
7132,702
7132,704
7132,7019
7133,5656
7133,20036
7133,14692
7133,12203
7133,22237
7133,2244
7133,6157
7133,2540
7133,23494
7133,1274
7133,20240
7133,14322
7133,2517
7133,2247
7133,8658
7133,6247
7133,1258
7133,22334
7133,2463
7133,23314
7133,23234
7133,21808
7133,910
7133,13677
7133,21800
7133,15301
7133,18557
7133,792
7133,12269
7133,10422
7133,19576
7133,22087
7133,230
7133,12008
7133,20227
7133,10584
7133,14985
7133,6636
7133,6149
7133,23282
7133,1744
7133,24057
7133,13721
7133,21891
7133,5753
7133,18710
7133,14798
7133,607
7133,2062
7133,13809
7133,12703
7133,13406
7133,17192
7133,6563
7133,15216
7133,17097
7133,7969
7133,18728
7133,835
7133,6446
7133,11789
7133,12190
7133,1226
7133,22214
7133,1955
7133,11254
7133,4767
7133,7023
7133,24151
7133,16683
7133,24597
7133,13645
7133,10774
7133,8423
7133,24310
7133,2660
7133,14667
7133,7455
7133,2156
7133,15183
7133,16705
7133,11736
7133,13702
7133,11127
7133,14238
7133,12957
7133,21669
7133,3041
7133,2790
7133,1261
7133,3304
7133,11676
7133,7365
7133,2706
7133,16999
7133,16873
7133,10841
7133,23065
7133,4324
7133,4638
7133,6349
7133,885
7133,7918
7133,16940
7133,15746
7133,10598
7133,23322
7133,22625
7133,8929
7133,21546
7133,18881
7133,10763
7133,18448
7133,23158
7133,14792
7133,22881
7133,238
7133,15027
7133,1620
7133,19618
7133,3447
7133,13603
7133,16151
7133,18933
7133,12723
7133,12250
7133,15197
7133,1081
7133,21630
7133,5512
7133,23026
7133,17295
7133,19331
7133,18621
7133,6752
7133,19515
7133,3380
7133,7879
7133,14859
7133,14216
7133,24903
7133,1976
7133,25118
7133,43
7133,12000
7133,7649
7133,11025
7133,23549
7133,728
7133,7734
7133,19249
7133,12476
7133,13853
7133,15118
7133,11629
7133,11388
7133,14062
7133,20051
7133,11122
7133,10944
7133,1269
7133,14717
7133,3606
7133,6763
7133,7703
7133,19610
7133,2450
7133,2092
7133,6836
7133,23080
7133,6080
7133,15322
7133,22862
7133,19003
7133,20392
7133,21759
7133,14208
7133,19375
7133,3258
7133,110
7133,21784
7133,12535
7133,24715
7133,10862
7133,19064
7133,6940
7133,6645
7133,593
7133,7576
7133,21595
7133,21888
7133,17200
7133,12232
7133,7751
7133,2789
7133,24582
7133,24419
7133,7130
7133,22312
7133,22037
7133,22914
7133,1767
7133,22475
7133,3357
7133,14880
7133,1897
7133,21581
7133,2962
7133,14747
7133,7238
7133,15720
7133,2710
7133,3086
7133,12879
7133,23016
7133,24189
7133,15873
7133,19917
7133,23001
7133,10760
7133,22094
7133,2683
7133,21949
7133,13669
7133,21533
7133,15354
7133,16637
7133,25185
7133,1361
7133,24149
7133,13769
7133,11192
7133,14404
7133,11058
7133,506
7133,22273
7133,403
7133,7420
7133,15999
7133,4312
7133,11246
7133,13517
7133,6540
7133,312
7133,13331
7133,12168
7133,10638
7133,24969
7133,12452
7133,8211
7133,6708
7133,6604
7133,21853
7133,1772
7133,12613
7133,12450
7133,12950
7133,22739
7133,25295
7133,20063
7133,11960
7133,19477
7133,2014
7133,23029
7133,11688
7133,16837
7133,16698
7133,22066
7133,24856
7133,2799
7133,7188
7133,16859
7133,11264
7133,14222
7133,3459
7133,7887
7133,7839
7133,24330
7133,14961
7133,19510
7133,8160
7133,7432
7133,564
7133,20017
7133,14065
7133,18664
7133,798
7133,16967
7133,294
7133,733
7133,22821
7133,1300
7133,13535
7133,15201
7133,11465
7133,2956
7133,7237
7133,16987
7133,11492
7133,11914
7133,11669
7133,1048
7133,7019
7133,7574
7133,14928
7133,21745
7133,19938
7133,2976
7133,19549
7133,1425
7133,21909
7133,11647
7133,10816
7133,12055
7133,11107
7133,3321
7133,21829
7133,459
7133,10532
7133,15184
7133,15515
7133,22097
7133,18825
7133,3765
7133,7465
7133,1146
7133,19383
7133,23370
7133,19082
7133,4649
7133,11477
7133,1285
7133,1224
7133,852
7133,16835
7133,20280
7133,22024
7133,10677
7133,18931
7133,3615
7133,1966
7133,18579
7133,24654
7133,21647
7133,22349
7133,19698
7133,5674
7133,18675
7133,6932
7133,1699
7133,21519
7133,13763
7133,7856
7133,22041
7133,15082
7133,15074
7133,22070
7133,14850
7133,12116
7133,12935
7133,23176
7133,16968
7133,11292
7133,22897
7133,7832
7133,2904
7133,15315
7133,16794
7133,13824
7133,22572
7133,4550
7133,6549
7133,22329
7133,10323
7133,16598
7133,13981
7133,12990
7133,8059
7133,7112
7133,881
7133,22704
7133,10027
7133,12721
7133,10624
7133,14079
7133,12212
7133,2664
7133,8023
7133,14883
7133,24808
7133,13036
7133,24780
7133,481
7133,19134
7133,6476
7133,606
7133,4135
7133,22620
7133,23120
7133,14785
7133,11687
7133,10666
7133,10311
7133,18522
7133,813
7133,1992
7133,19928
7133,18666
7133,17065
7133,14011
7133,17351
7133,2742
7133,19918
7133,3492
7133,13887
7133,21709
7133,8186
7133,731
7133,14431
7133,2414
7133,6240
7133,1205
7133,19901
7133,20171
7133,23302
7133,19263
7133,13898
7133,7053
7133,6731
7133,23014
7133,6061
7133,1033
7133,23209
7133,3293
7133,3456
7133,14084
7133,2829
7133,10923
7133,13315
7133,217
7133,20205
7133,19326
7133,4180
7133,9265
7133,5677
7133,7736
7133,5463
7133,1228
7133,22537
7133,14176
7133,7590
7133,19092
7133,22866
7133,22606
7133,2650
7133,12197
7133,21596
7133,1373
7133,12145
7133,22411
7133,6063
7133,7334
7133,954
7133,13337
7133,175
7133,1544
7133,12215
7133,18929
7133,11087
7133,21649
7133,11686
7133,10613
7133,14111
7133,7806
7133,1426
7133,22927
7133,25038
7133,442
7133,5004
7133,24629
7133,20409
7133,4182
7133,2575
7133,11964
7133,16391
7133,5401
7133,10764
7133,13618
7133,1689
7133,2571
7133,7064
7133,20294
7133,11883
7133,11189
7133,6120
7133,12017
7133,10696
7133,21685
7133,23853
7133,22184
7133,22854
7133,9506
7133,2529
7133,11668
7133,2208
7133,15287
7133,15107
7133,25005
7133,19935
7133,13570
7133,15289
7133,17236
7133,164
7133,16677
7133,22832
7133,11381
7133,6482
7133,12633
7133,4726
7133,14352
7133,15687
7133,24359
7133,1136
7133,17281
7133,6600
7133,19000
7133,11157
7133,12982
7133,2190
7133,15170
7133,23476
7133,6683
7133,643
7133,13238
7133,1281
7133,1763
7133,24022
7133,12002
7133,6132
7133,14068
7133,7153
7133,13527
7133,6454
7133,7698
7133,21508
7133,21531
7133,22913
7133,23051
7133,15413
7133,23391
7133,6038
7133,10578
7133,1282
7133,4280
7133,7032
7133,4374
7133,23425
7133,23239
7133,2718
7133,3046
7133,16646
7133,7814
7133,14018
7133,6462
7133,22297
7133,22812
7133,12748
7133,19763
7133,15810
7133,4740
7133,22167
7133,19432
7133,16777
7133,6422
7133,11395
7133,1064
7133,11988
7133,3001
7133,7950
7133,15091
7133,6433
7133,16573
7133,25121
7133,532
7133,2935
7133,16929
7133,6333
7133,21901
7133,18724
7133,21934
7133,14632
7133,6395
7133,3562
7133,10583
7133,1669
7133,2175
7133,7717
7133,22622
7133,10952
7133,1349
7133,13369
7133,1887
7133,20369
7133,578
7133,20468
7133,426
7133,2826
7133,24670
7133,210
7133,15263
7133,1769
7133,17273
7133,21555
7133,853
7133,20136
7133,6318
7133,11587
7133,6478
7133,6529
7133,17339
7133,11212
7133,14334
7133,653
7133,23033
7133,20141
7133,2929
7133,1547
7133,2870
7133,21071
7133,2498
7133,19143
7133,1320
7133,10850
7133,13451
7133,19378
7133,528
7133,9681
7133,1785
7133,2647
7133,1366
7133,13752
7133,10541
7133,17296
7133,11288
7133,20211
7133,15867
7133,11145
7133,23353
7133,11989
7133,12196
7133,11048
7133,23223
7133,12224
7133,20318
7133,2391
7133,13821
7133,7363
7133,22636
7133,19881
7133,583
7133,23130
7133,15030
7133,10373
7133,11326
7133,10280
7133,6831
7133,22582
7133,14422
7133,6178
7133,15616
7133,12951
7133,14290
7133,944
7133,19556
7133,18874
7133,17382
7133,23350
7133,25095
7133,11165
7133,23201
7133,12340
7133,22227
7133,1227
7133,9319
7133,7339
7133,17094
7133,19312
7133,25031
7133,11621
7133,11213
7133,2396
7133,14931
7133,22560
7133,2764
7133,14308
7133,3550
7133,39
7133,1794
7133,16827
7133,12076
7133,16387
7133,12090
7133,2726
7133,19988
7134,13537
7134,7019
7135,22069
7135,20805
7136,7460
7136,4324
7137,11589
7137,3357
7138,23521
7138,8152
7138,405
7138,7526
7139,3887
7139,6396
7140,23924
7140,7206
7141,7019
7142,10114
7143,210
7143,4324
7144,4638
7145,210
7145,3550
7146,15025
7147,21805
7147,804
7148,9238
7149,175
7149,3357
7149,3292
7150,702
7150,14357
7151,6462
7151,3357
7152,6462
7152,175
7152,3357
7153,7133
7154,702
7154,7019
7155,3742
7156,702
7156,4324
7157,7912
7157,7882
7157,11493
7157,14860
7157,4324
7158,702
7158,210
7159,15207
7160,702
7160,1240
7161,702
7161,19407
7162,7019
7162,3550
7163,20805
7163,8247
7164,7019
7165,8867
7166,702
7166,1240
7167,5770
7167,853
7168,702
7168,1240
7168,9499
7168,18102
7168,7019
7169,702
7170,6179
7171,175
7171,3562
7172,6540
7172,2829
7172,3492
7172,7019
7172,19152
7172,4324
7173,23612
7173,19394
7173,15773
7174,1841
7175,10027
7176,9499
7177,2915
7178,2829
7178,4324
7179,702
7179,7019
7180,2915
7181,18713
7182,5608
7182,14796
7183,702
7184,702
7184,7382
7184,4324
7185,18593
7185,6504
7185,3103
7186,702
7186,6454
7187,6909
7188,3562
7188,7133
7189,9499
7190,210
7190,19263
7191,9305
7191,4516
7192,20125
7192,19095
7193,2569
7193,19263
7194,1240
7195,2708
7195,2829
7196,13490
7197,1240
7198,2857
7198,5463
7199,702
7199,4566
7200,7019
7201,10027
7202,6540
7202,1300
7202,19152
7202,3550
7203,11538
7203,3448
7203,6913
7204,12384
7204,11868
7205,3357
7206,7714
7206,4125
7206,23952
7206,16095
7206,4324
7206,7140
7206,4350
7206,4349
7206,24520
7207,1765
7208,4324
7209,7912
7210,17889
7211,7553
7212,10911
7213,210
7213,10491
7213,10957
7213,15956
7213,1275
7214,6396
7214,6129
7215,702
7215,6182
7216,9499
7217,14831
7217,175
7217,6328
7217,3562
7218,8929
7218,10107
7219,702
7219,7019
7220,175
7220,3357
7221,14048
7221,23353
7222,21948
7223,702
7223,1240
7224,10224
7225,2915
7225,702
7225,7019
7225,3357
7225,3550
7226,9133
7226,703
7227,1240
7228,7019
7229,7886
7229,11739
7229,6553
7229,22677
7229,883
7229,14017
7229,10512
7229,14231
7229,21528
7229,7019
7229,14276
7229,19030
7229,2584
7229,18913
7229,23095
7229,22119
7229,2517
7229,6317
7229,19556
7229,1281
7229,12225
7229,24405
7229,22664
7229,11107
7229,6310
7229,22334
7229,13967
7229,24930
7229,19077
7229,6940
7229,23088
7229,19735
7229,175
7229,13856
7229,20100
7229,6540
7229,11575
7229,11687
7229,2660
7229,3357
7229,294
7229,16623
7230,210
7230,7019
7231,6462
7231,210
7231,175
7231,3550
7232,6540
7232,6328
7233,4479
7234,10311
7234,1240
7234,6396
7234,3357
7235,14745
7236,533
7236,14744
7236,4324
7237,702
7237,7019
7237,7133
7238,2829
7238,7133
7239,3562
7240,1240
7241,7895
7242,210
7242,22336
7243,7072
7243,6722
7244,4324
7245,2829
7246,702
7247,10911
7247,12179
7247,13790
7247,15571
7247,7475
7248,1881
7248,16669
7249,703
7249,2687
7250,2829
7251,20232
7251,3550
7252,7019
7253,2045
7254,11101
7255,6518
7256,14308
7257,702
7257,175
7257,3550
7258,2552
7258,4324
7259,1240
7259,783
7259,15219
7260,10911
7260,14743
7260,6129
7261,10275
7261,13892
7261,20159
7261,22987
7261,13576
7261,23069
7261,702
7261,11402
7261,24339
7261,10759
7261,1191
7261,10424
7261,16843
7261,23182
7261,23549
7261,14160
7261,14562
7261,6396
7261,1859
7261,14420
7261,13414
7261,14138
7261,8120
7261,202
7261,7269
7261,4596
7261,3357
7261,15232
7261,11590
7261,18700
7262,1240
7263,210
7263,1786
7264,19434
7264,2829
7264,1240
7264,4324
7265,2829
7265,6429
7265,6145
7266,3357
7266,6984
7267,9902
7268,6540
7268,853
7269,1912
7269,7261
7270,7019
7271,7310
7271,702
7271,1240
7271,3357
7272,15388
7272,3603
7272,15290
7272,175
7272,5770
7273,14805
7273,7912
7273,20197
7274,2530
7275,175
7275,4324
7276,175
7276,6424
7276,14263
7277,6462
7277,2915
7277,4558
7278,6952
7279,24045
7279,19095
7279,10467
7280,10911
7281,10311
7282,7019
7282,3357
7283,3562
7283,6454
7284,5079
7285,3603
7285,578
7286,10911
7286,4324
7287,5679
7287,6668
7288,9071
7288,8718
7289,9199
7290,10911
7290,14718
7291,14443
7292,175
7292,22692
7293,6080
7293,7019
7294,10675
7295,19095
7296,15271
7296,3550
7297,6462
7297,210
7297,23195
7297,592
7297,7019
7297,3357
7297,11144
7297,1148
7298,10911
7298,175
7298,7019
7299,4449
7299,7739
7299,72
7299,4231
7299,8168
7300,1242
7301,2857
7302,1240
7303,8518
7303,9122
7304,10984
7304,6763
7304,11312
7304,13586
7304,1627
7304,2048
7304,3197
7304,7006
7304,14233
7304,21591
7304,20256
7304,3258
7304,7306
7304,2656
7304,10987
7304,22081
7304,17070
7304,11009
7304,6058
7304,3287
7304,3335
7304,1240
7304,13475
7304,20306
7304,10698
7304,11816
7304,3405
7304,10278
7304,175
7304,11751
7304,4968
7304,16815
7304,12151
7304,20107
7304,3231
7304,3106
7304,11452
7304,17402
7304,3238
7304,4271
7304,11665
7305,12295
7305,12884
7306,4271
7306,7304
7307,9659
7308,6222
7308,7019
7309,1240
7309,6984
7310,7271
7311,2857
7311,703
7311,702
7311,7019
7312,3742
7313,18991
7313,702
7314,6141
7314,8168
7315,10365
7315,23127
7315,12084
7316,12957
7316,1240
7316,3182
7317,702
7317,2871
7318,702
7318,15271
7318,14743
7319,578
7319,853
7320,3217
7321,210
7322,22785
7322,1240
7322,15271
7322,3550
7323,19263
7323,12272
7324,9032
7325,175
7326,18593
7326,6504
7327,12180
7327,4324
7328,4726
7328,4629
7328,704
7329,10911
7329,12179
7329,10467
7330,9228
7330,3357
7331,702
7331,4324
7332,2857
7332,5463
7333,15145
7333,22704
7333,1240
7333,21563
7333,702
7333,12277
7333,19783
7333,16402
7333,13607
7333,25115
7333,2303
7333,11687
7333,11872
7333,1576
7333,10536
7333,11115
7333,4250
7333,13207
7333,11649
7334,19095
7334,7133
7335,210
7335,13791
7336,1268
7337,7019
7338,1240
7338,14035
7338,6079
7338,702
7338,15244
7338,1204
7338,22645
7338,14351
7338,22844
7338,10890
7339,7133
7340,22319
7340,19963
7341,16815
7342,587
7342,175
7342,14391
7342,19095
7342,3550
7343,1377
7343,702
7343,10912
7343,3357
7343,7019
7344,8403
7345,702
7346,210
7346,1240
7346,19856
7347,7386
7347,4324
7348,703
7348,1240
7349,7912
7349,175
7349,14117
7350,22066
7350,3357
7350,3562
7350,4324
7351,6460
7351,2518
7352,3562
7352,3550
7353,703
7353,1274
7354,210
7354,6299
7355,21014
7356,9113
7357,14711
7357,3550
7358,703
7358,2687
7359,702
7359,7019
7360,210
7361,702
7361,175
7362,16400
7363,2915
7363,702
7363,7133
7364,3562
7364,11457
7365,1240
7365,7133
7366,4231
7367,210
7367,3357
7367,12181
7367,3562
7368,18991
7368,18807
7369,702
7370,175
7371,1240
7371,10839
7372,4324
7373,702
7374,10911
7374,210
7375,1240
7375,7019
7376,1093
7377,21549
7377,5770
7378,1358
7378,2154
7378,2153
7379,7912
7379,3550
7380,19887
7381,3357
7382,25178
7382,1240
7382,14456
7382,10972
7382,1569
7382,17036
7382,22869
7382,702
7382,24363
7382,7019
7382,21966
7382,19703
7382,19293
7382,7184
7382,21846
7382,22860
7382,3357
7382,19444
7382,19959
7382,19295
7382,16994
7383,7019
7384,7019
7384,4324
7385,702
7385,7019
7386,12807
7386,6439
7386,6097
7386,72
7386,14234
7386,16551
7386,1721
7386,4998
7386,12147
7386,2643
7386,7753
7386,22900
7386,11320
7386,12014
7386,15697
7386,22155
7386,19880
7386,569
7386,10588
7386,1240
7386,10258
7386,6940
7386,24949
7386,7396
7386,23365
7386,14251
7386,23256
7386,14343
7386,24618
7386,24673
7386,11397
7386,22920
7386,11923
7386,15579
7386,22602
7386,22442
7386,4368
7386,6138
7386,15306
7386,12144
7386,23206
7386,25048
7386,3492
7386,13952
7386,1168
7386,22732
7386,11092
7386,6029
7386,25335
7386,11666
7386,16587
7386,11799
7386,2941
7386,21526
7386,22618
7386,23416
7386,23417
7386,6540
7386,14475
7386,24344
7386,14851
7386,5651
7386,11747
7386,1636
7386,10346
7386,11046
7386,5049
7386,6531
7386,21527
7386,2484
7386,14826
7386,7347
7386,15207
7386,12285
7386,13410
7386,19030
7386,20009
7386,18996
7386,19084
7386,882
7386,14037
7386,16958
7386,2900
7386,18822
7386,10513
7386,18895
7386,11053
7386,21586
7386,24134
7386,14803
7386,702
7386,10567
7386,6489
7386,6541
7386,15099
7386,13834
7386,19152
7386,521
7386,18970
7386,15506
7386,14405
7386,6927
7386,17210
7386,1770
7386,19718
7386,23018
7386,25068
7386,4588
7386,7798
7386,3131
7386,19253
7386,7019
7386,14313
7386,2881
7386,22017
7386,18867
7386,11740
7386,16785
7386,14629
7386,24844
7386,11165
7386,16668
7386,14790
7386,19649
7386,15026
7386,13599
7386,1227
7386,24919
7386,13513
7386,16750
7386,14368
7386,13435
7386,13362
7386,15058
7386,3550
7386,2915
7386,14381
7386,6511
7386,19641
7386,11286
7387,3357
7387,22336
7387,6326
7388,8709
7389,4324
7390,6732
7390,2090
7391,21157
7391,2066
7392,3357
7392,4324
7393,9212
7393,12313
7394,19872
7394,702
7394,210
7394,10623
7394,3357
7394,7019
7395,175
7396,702
7396,1240
7396,4602
7396,15036
7396,3357
7396,7386
7396,3550
7397,175
7397,287
7398,2829
7398,15720
7398,22299
7398,21666
7398,227
7399,6462
7399,287
7399,3357
7399,5714
7400,8152
7401,7019
7401,3562
7402,1240
7402,175
7403,8552
7403,8585
7404,175
7404,13769
7405,13995
7405,1240
7406,3357
7406,7019
7407,8709
7408,702
7409,8152
7410,210
7411,702
7411,7019
7412,7019
7413,14616
7414,175
7415,2904
7415,7019
7415,3357
7415,3562
7416,19385
7417,702
7417,6408
7417,853
7418,6141
7418,7909
7418,11665
7419,7005
7420,175
7420,7133
7421,6462
7421,702
7421,7019
7422,175
7422,6080
7423,23533
7423,23487
7423,24165
7423,13899
7423,4324
7423,12180
7423,17368
7423,3357
7423,1894
7424,702
7424,7019
7425,3357
7425,13791
7426,19095
7426,4324
7427,1837
7427,3304
7428,8709
7428,15472
7429,6540
7429,13769
7430,585
7430,2829
7430,4324
7431,10912
7432,6572
7432,7133
7433,175
7434,18694
7434,5857
7435,702
7435,4324
7436,702
7437,9228
7437,4999
7438,6140
7439,12957
7439,14179
7439,4260
7440,20168
7440,3247
7441,3216
7441,12877
7442,16403
7443,6540
7444,7019
7445,702
7445,19095
7446,3217
7446,16286
7447,702
7447,3357
7448,702
7448,175
7449,210
7449,7019
7450,8772
7451,702
7451,7785
7452,16468
7452,3562
7453,13909
7453,702
7453,11905
7453,14700
7453,7019
7454,702
7454,3357
7454,12488
7454,13361
7455,702
7455,7133
7456,4566
7456,6940
7456,13551
7457,13769
7457,23499
7458,175
7459,24725
7460,6462
7460,1240
7460,3562
7460,371
7460,11239
7460,22934
7460,13794
7460,2627
7460,16397
7460,11916
7460,6317
7460,4324
7460,210
7460,7136
7460,13218
7460,16898
7460,21535
7461,3742
7461,5714
7462,1576
7462,19385
7463,19093
7464,7019
7465,22774
7465,7133
7466,6141
7466,8168
7467,3268
7467,217
7468,9838
7469,7019
7469,4324
7470,22365
7470,1240
7470,23478
7471,4197
7471,24498
7471,4824
7471,4093
7471,24129
7471,4652
7471,17553
7471,24043
7471,9836
7471,23718
7471,23726
7471,4074
7471,4366
7471,4275
7471,23684
7471,17557
7471,17426
7471,7617
7471,17469
7471,18387
7471,9288
7471,7027
7471,4763
7471,17888
7472,9943
7472,9444
7473,7611
7473,23712
7474,9535
7474,6763
7474,24321
7474,24248
7474,4863
7474,7701
7474,5990
7474,3759
7474,17889
7474,10032
7474,18107
7474,5088
7474,12957
7474,4590
7474,2688
7474,9657
7474,17886
7474,4133
7474,4629
7474,24497
7474,3304
7474,7475
7474,9584
7474,2498
7474,10050
7474,2517
7474,9935
7474,4324
7474,4638
7474,4846
7474,24494
7474,3558
7474,10220
7474,11942
7474,24204
7474,17978
7474,6454
7474,7644
7474,23992
7474,18489
7474,9912
7474,23694
7474,1240
7474,7714
7474,10077
7474,6940
7474,24493
7474,15413
7474,17181
7474,19810
7474,24219
7474,175
7474,19808
7474,17495
7474,17883
7474,17452
7474,19152
7474,5414
7474,18486
7474,4139
7474,3357
7474,9885
7474,294
7474,23704
7474,23980
7474,9790
7474,4115
7474,9931
7474,17548
7474,4776
7474,287
7474,3492
7474,5512
7474,7603
7474,5212
7474,17466
7474,4762
7474,11165
7474,4851
7474,9485
7474,9499
7474,23948
7474,4652
7474,8967
7474,704
7474,3562
7474,9507
7474,4805
7474,24390
7474,6540
7474,4108
7474,4751
7474,4130
7474,17997
7474,17409
7474,17914
7474,3550
7474,9330
7474,4819
7474,19807
7474,210
7474,18404
7474,10102
7474,853
7475,24118
7475,23650
7475,9314
7475,9683
7475,23969
7475,5288
7475,2688
7475,18381
7475,9823
7475,9436
7475,24033
7475,23608
7475,9301
7475,715
7475,9242
7475,17660
7475,2824
7475,1240
7475,23763
7475,23872
7475,23671
7475,10027
7475,18011
7475,7477
7475,18105
7475,6589
7475,18360
7475,23761
7475,7576
7475,9263
7475,6278
7475,3574
7475,23910
7475,17730
7475,9881
7475,24484
7475,3995
7475,7474
7475,17803
7475,23868
7475,9244
7475,9943
7475,23770
7475,18056
7475,10116
7475,4740
7475,17929
7475,17563
7475,9739
7475,10130
7475,17746
7475,9444
7475,17759
7475,4204
7475,10219
7475,9557
7475,3739
7475,10114
7475,4148
7475,10153
7475,9384
7475,24347
7475,9220
7475,24070
7475,4745
7475,4650
7475,7487
7475,9500
7475,10151
7475,4805
7475,9481
7475,9544
7475,10236
7475,17757
7475,9554
7475,17487
7475,9824
7475,17907
7475,17478
7475,9788
7475,17468
7475,23745
7475,9668
7475,1222
7475,9461
7475,4779
7475,7587
7475,9280
7475,18192
7475,24244
7475,4855
7475,10144
7475,17979
7475,10106
7475,5250
7475,24234
7475,23707
7475,5192
7475,24121
7475,18293
7475,23896
7475,24464
7475,24047
7475,3109
7475,9548
7475,7605
7475,7247
7475,5412
7475,17633
7475,18118
7475,23727
7475,18386
7475,18109
7475,24009
7475,10028
7475,23922
7475,18249
7475,17769
7475,9984
7475,9724
7475,4163
7475,10222
7475,17758
7475,7544
7475,4806
7475,18209
7475,9556
7475,10224
7475,18376
7475,10105
7475,9838
7475,9510
7475,18391
7475,9329
7475,704
7475,17410
7475,24518
7475,9565
7475,3094
7475,24544
7475,18058
7475,24035
7475,23764
7475,9798
7475,18398
7475,17756
7475,10129
7475,4803
7475,3550
7475,2915
7475,17806
7475,3608
7475,4818
7476,6731
7477,7576
7477,7475
7478,10098
7479,9506
7479,9920
7480,4636
7480,10099
7480,2517
7480,4659
7481,13774
7481,7082
7481,14388
7481,6454
7481,10569
7482,9920
7482,10027
7483,9416
7483,17710
7484,702
7484,175
7485,704
7485,4516
7486,4777
7486,7694
7487,10224
7487,7475
7488,4571
7489,12715
7489,4949
7490,9943
7490,1222
7491,13207
7492,4776
7492,4629
7492,10027
7492,4250
7492,9300
7493,2765
7494,8343
7494,20486
7495,5424
7496,7019
7496,4324
7497,702
7497,704
7497,2765
7498,17580
7498,1240
7498,24135
7498,10027
7498,15413
7498,24421
7498,24148
7498,23845
7498,24152
7498,9407
7498,24428
7498,17965
7498,4848
7498,18246
7498,9309
7499,25075
7499,8929
7500,4646
7500,4636
7500,9270
7500,9537
7501,6540
7501,1300
7501,2498
7501,9226
7501,287
7501,2201
7501,3258
7501,6940
7501,5512
7501,2519
7501,2517
7501,113
7501,175
7501,2501
7501,3304
7501,6454
7502,24027
7502,24902
7502,3357
7503,18384
7503,2505
7503,4717
7503,7530
7504,2498
7504,10027
7504,2517
7505,12945
7505,14743
7506,4714
7506,17507
7507,2915
7507,9226
7507,10027
7507,2517
7508,702
7508,175
7508,7019
7509,8394
7510,3972
7510,2908
7511,6540
7511,578
7512,9371
7513,10911
7514,2915
7514,4726
7515,9825
7515,18283
7515,2498
7515,7679
7515,9226
7515,18267
7515,2516
7515,2517
7515,2915
7515,17931
7515,18261
7515,4684
7516,12303
7516,5607
7517,4726
7517,2498
7517,4717
7518,4726
7518,7680
7518,24471
7519,6462
7519,287
7519,6454
7519,3550
7519,5714
7520,24249
7520,2498
7521,3738
7521,1786
7522,2515
7522,2498
7522,9226
7522,4714
7523,4726
7523,4717
7523,2517
7523,24291
7524,2515
7524,4726
7525,2498
7525,17698
7525,4714
7525,2517
7526,7138
7526,19549
7527,12182
7527,10913
7528,9226
7528,24258
7528,15413
7528,2517
7529,175
7530,17932
7530,7503
7530,2498
7530,9226
7530,10027
7530,15413
7530,2517
7530,23825
7530,2915
7530,9354
7530,18384
7530,23634
7530,9602
7530,23774
7531,17698
7531,10027
7532,2908
7532,2498
7533,4638
7533,9506
7534,7657
7534,2915
7534,9506
7534,9677
7535,9122
7536,9506
7537,2074
7538,6381
7538,6396
7539,702
7539,7729
7540,17717
7540,9506
7540,9917
7540,18048
7540,18178
7540,17712
7540,1660
7540,18421
7540,19402
7540,2154
7540,18184
7540,18427
7540,18423
7540,9265
7540,11538
7540,18182
7540,17714
7540,4783
7540,17713
7540,294
7541,9919
7541,9243
7541,4636
7541,9506
7541,10027
7541,4638
7541,2915
7541,23882
7541,9382
7542,3562
7542,6198
7542,1786
7543,7019
7544,17980
7544,10027
7544,704
7544,18038
7544,702
7544,17537
7544,24239
7544,4629
7544,1222
7544,9902
7544,7475
7545,4789
7545,24219
7546,9838
7546,23687
7546,4324
7547,8757
7548,24786
7548,20563
7549,7047
7549,175
7549,8114
7550,24139
7551,1222
7552,7019
7552,19263
7553,24442
7553,3492
7553,17982
7553,7211
7553,24493
7553,4135
7553,23674
7553,5212
7553,24568
7553,2915
7553,24088
7553,23869
7553,24240
7553,23903
7553,6454
7553,24479
7554,3262
7555,702
7555,704
7556,15291
7557,210
7557,3550
7557,4324
7558,9319
7558,10027
7559,4767
7559,3787
7559,9319
7560,4767
7560,3787
7561,4767
7561,1238
7561,3787
7562,1238
7563,9570
7563,9763
7563,3787
7563,4671
7564,15773
7565,1238
7566,22692
7567,10224
7567,10027
7568,702
7568,210
7569,13229
7570,7576
7571,7576
7572,15271
7572,1240
7573,7576
7573,18063
7574,1786
7574,7133
7575,4324
7576,6763
7576,6361
7576,7646
7576,20966
7576,3131
7576,24102
7576,16151
7576,217
7576,2154
7576,23722
7576,19030
7576,7475
7576,10149
7576,287
7576,2498
7576,1274
7576,7573
7576,3492
7576,7570
7576,13238
7576,3558
7576,24391
7576,4200
7576,23720
7576,1240
7576,24438
7576,6940
7576,7477
7576,6263
7576,7571
7576,24434
7576,175
7576,1852
7576,23655
7576,3214
7576,7033
7576,23860
7576,6540
7576,11538
7576,19152
7576,7133
7576,2915
7576,24491
7576,5414
7576,24435
7576,294
7577,17817
7578,3662
7578,9305
7578,9382
7579,6748
7579,3460
7579,5519
7579,13071
7580,702
7580,704
7580,2765
7581,7897
7581,14711
7582,1240
7582,4324
7583,4610
7584,210
7584,6299
7584,4324
7585,9628
7586,18202
7587,18233
7587,17410
7587,7475
7588,1240
7588,7019
7589,4619
7589,3837
7590,702
7590,7133
7591,17558
7591,17788
7592,1240
7592,6396
7593,13549
7593,6778
7593,10566
7594,9990
7595,702
7595,704
7595,6454
7596,14990
7596,13165
7597,10911
7597,175
7598,6667
7599,2915
7599,3492
7599,3667
7600,1576
7601,4740
7601,2765
7602,7019
7602,1786
7603,24175
7603,2915
7603,24088
7603,7474
7604,6129
7605,17919
7605,7475
7606,19633
7607,10085
7608,17487
7609,11278
7609,19093
7609,672
7609,25201
7609,23146
7609,12679
7609,23285
7609,15059
7609,25327
7609,10575
7609,755
7610,1240
7611,9912
7611,9293
7611,17734
7611,3562
7611,9435
7611,7473
7611,4390
7611,4250
7611,23856
7612,4776
7613,704
7613,1222
7614,17566
7615,12779
7616,6732
7616,2579
7617,4824
7617,4652
7617,24456
7617,9305
7617,17446
7617,24043
7617,24327
7617,7471
7617,3919
7618,2915
7618,4636
7618,3492
7618,10027
7618,4610
7619,702
7619,3321
7619,3492
7619,22823
7619,3258
7619,3357
7619,3562
7620,3357
7620,4324
7621,9951
7622,4767
7622,3787
7623,10911
7624,4671
7625,4767
7626,210
7626,19654
7627,4767
7628,4767
7628,18303
7629,210
7630,24072
7630,24512
7630,18258
7630,18388
7630,9300
7630,6614
7630,6649
7631,4777
7631,4751
7632,17919
7632,9823
7633,9305
7634,1240
7634,18102
7634,9499
7634,24050
7634,7701
7634,17454
7634,21434
7634,4756
7635,9227
7636,10085
7637,4652
7638,17478
7639,4809
7639,24135
7640,16096
7641,9801
7641,4848
7642,9930
7642,4135
7643,6763
7643,3321
7643,24185
7644,17727
7644,17982
7644,24493
7644,24178
7644,4767
7644,702
7644,24067
7644,24090
7644,23915
7644,3492
7644,2517
7644,4135
7644,24177
7644,24086
7644,2915
7644,7474
7644,3321
7644,19787
7644,4945
7644,24000
7644,10227
7644,18404
7644,23903
7644,24479
7644,24174
7645,9363
7646,7576
7647,702
7647,704
7647,4516
7648,2765
7649,702
7649,7133
7650,9920
7650,9925
7651,3663
7651,9305
7652,3663
7652,9305
7652,4516
7653,4826
7653,17410
7654,6063
7654,14481
7655,24300
7655,9563
7655,4652
7655,9650
7655,18363
7655,4366
7656,10911
7656,13790
7657,24158
7657,7534
7658,17809
7658,10027
7658,704
7658,9734
7658,23755
7658,702
7658,18120
7658,4649
7658,23738
7659,1240
7659,7019
7660,9730
7661,18128
7661,4718
7661,17698
7661,6361
7661,24288
7661,9822
7661,2505
7661,22389
7661,7668
7661,2908
7661,9271
7661,2501
7661,2688
7661,18126
7661,4683
7661,4689
7661,3938
7661,10765
7661,2506
7661,9265
7661,4674
7661,11538
7661,9356
7661,2517
7661,17935
7661,4731
7661,2524
7661,4676
7661,17957
7661,23815
7661,4703
7661,9371
7661,23856
7662,4714
7663,8834
7663,6831
7664,17677
7664,4683
7665,2498
7665,23829
7666,2498
7666,4695
7667,702
7668,7661
7668,23457
7668,2517
7669,24261
7669,2498
7669,23801
7669,2517
7669,15413
7669,4726
7669,7673
7669,4714
7669,17933
7669,24265
7670,12311
7670,5607
7671,18145
7671,18076
7671,3970
7671,23619
7671,23787
7671,18273
7671,18291
7671,2498
7671,4696
7671,23823
7671,2517
7671,9992
7671,2915
7671,24252
7671,4726
7671,17692
7671,24294
7671,23776
7671,18078
7672,2915
7672,2515
7672,2498
7672,2517
7673,2498
7673,23644
7673,18079
7673,7669
7674,2857
7674,703
7675,2915
7675,2515
7675,4714
7676,2957
7676,4324
7677,9613
7677,4687
7677,2498
7678,4726
7678,2520
7679,7515
7679,10022
7680,2498
7680,10017
7680,9615
7680,24251
7680,18151
7680,2517
7680,15413
7680,4767
7680,7518
7680,18089
7680,4726
7680,17702
7681,19095
7682,11854
7682,19025
7683,23630
7683,18267
7683,2498
7683,17677
7683,18147
7683,17686
7683,24263
7683,18142
7683,17690
7684,10027
7684,9371
7685,7019
7686,2498
7687,9825
7688,6462
7688,2498
7688,2517
7689,12969
7689,8247
7690,5944
7691,10027
7691,18077
7691,2517
7691,23639
7692,4324
7693,7019
7694,4197
7694,9937
7694,17490
7694,4652
7694,17428
7694,17725
7694,17480
7694,4768
7694,24379
7694,7093
7694,4833
7694,7486
7694,4275
7694,24473
7694,23684
7694,24191
7694,7003
7694,17426
7694,23758
7694,18387
7694,24454
7694,6454
7694,17888
7695,9943
7696,4658
7696,3759
7697,853
7698,1240
7698,22774
7698,7133
7699,6462
7700,703
7700,5401
7701,4614
7701,17726
7701,7474
7701,9882
7701,7634
7701,9431
7701,4561
7701,9327
7702,2765
7703,2829
7703,10312
7703,7133
7704,17487
7704,17919
7705,702
7705,704
7706,702
7706,4636
7706,17815
7706,704
7706,17889
7707,6462
7707,3357
7708,210
7709,8448
7709,5135
7710,25140
7710,1079
7710,3030
7710,801
7710,12492
7710,5714
7711,9919
7711,9506
7712,19282
7712,702
7712,3743
7712,3357
7713,7019
7714,3383
7714,17997
7714,7206
7714,23952
7714,24536
7714,11920
7714,9238
7714,5394
7714,7474
7714,24078
7714,17975
7715,4831
7715,17706
7715,9734
7715,9344
7715,23687
7715,17473
7715,9346
7715,13779
7715,9902
7715,4771
7716,6396
7716,19263
7717,7019
7717,7133
7718,6462
7718,6518
7719,24558
7719,23605
7719,702
7719,9652
7719,4823
7719,704
7719,23864
7719,2765
7720,17487
7720,17919
7721,1240
7722,8929
7722,8221
7723,9838
7723,702
7723,704
7724,702
7724,7019
7725,6462
7725,2829
7726,7019
7726,7923
7727,702
7727,1240
7727,7019
7727,4324
7728,702
7728,1240
7729,20333
7729,1153
7729,2212
7729,23627
7729,1309
7729,15093
7729,14554
7729,7539
7729,17260
7729,6024
7729,12263
7729,16489
7729,1818
7729,24132
7729,17164
7730,4324
7731,6431
7731,7830
7732,702
7732,7019
7733,14752
7733,13673
7734,13520
7734,1240
7734,7133
7735,703
7735,2829
7735,578
7735,15291
7735,7019
7735,3301
7736,7133
7737,17685
7738,3562
7739,20117
7739,4478
7739,663
7739,20045
7739,10955
7739,12957
7739,23107
7739,1652
7739,7019
7739,1112
7739,4400
7739,4020
7739,4427
7739,4012
7739,4499
7739,4469
7739,4417
7739,10418
7739,16892
7739,3321
7739,4399
7739,11994
7739,19874
7739,6454
7739,13915
7739,11897
7739,1240
7739,3562
7739,702
7739,11922
7739,14724
7739,10671
7739,3550
7739,7299
7739,22408
7739,15202
7739,4448
7739,10939
7739,14458
7740,6413
7741,3357
7742,2915
7742,22774
7742,10914
7743,2915
7743,175
7744,702
7744,210
7744,7019
7745,702
7746,20486
7746,5574
7747,8247
7748,6328
7748,6940
7748,23593
7748,3550
7748,17198
7748,456
7748,210
7748,1669
7748,3357
7748,6454
7749,6497
7749,1240
7750,35
7750,12179
7750,175
7751,7019
7751,7133
7752,20013
7752,6530
7753,6462
7753,6540
7753,6940
7753,19030
7753,7386
7754,210
7754,702
7754,11402
7754,10378
7754,7122
7754,19551
7755,6396
7755,7019
7756,23373
7756,11487
7756,3550
7757,702
7757,10709
7758,20002
7759,6905
7759,7082
7759,175
7760,1240
7761,8616
7762,703
7762,15831
7763,702
7763,14743
7763,1681
7763,14744
7764,6396
7764,7019
7765,702
7765,10887
7766,210
7767,702
7768,702
7769,2857
7769,6396
7770,1240
7770,7019
7771,3550
7772,6732
7773,19095
7774,14264
7775,14609
7775,16889
7775,102
7776,702
7776,5110
7777,14746
7777,16836
7777,12180
7778,6540
7778,3321
7778,11035
7778,8002
7778,19152
7778,6940
7778,217
7779,6462
7779,217
7779,3357
7779,3550
7779,20563
7780,175
7781,3603
7782,175
7782,6454
7783,2915
7783,6540
7783,1240
7783,10539
7783,13453
7783,14609
7783,18444
7783,3492
7783,1458
7783,2969
7783,4324
7784,175
7784,7019
7785,10617
7785,6940
7785,3562
7785,702
7785,1669
7785,175
7785,8002
7785,217
7785,7019
7785,19030
7785,6540
7785,3492
7785,13238
7785,19152
7785,2517
7785,3550
7785,2915
7785,22302
7785,7451
7785,3357
7785,19566
7786,12390
7786,20486
7787,2915
7787,6462
7787,210
7787,702
7787,6396
7787,7019
7787,9990
7788,12742
7788,8247
7789,702
7789,2590
7789,578
7789,15291
7789,16486
7789,6408
7790,1240
7790,2829
7790,7019
7791,6462
7791,25181
7791,3357
7791,3550
7791,5714
7792,702
7792,19263
7793,1240
7793,5007
7794,702
7794,7019
7795,19753
7795,23354
7795,6540
7795,10521
7795,13949
7795,14925
7795,11085
7795,13485
7795,23077
7795,15291
7795,20273
7795,23185
7796,24760
7796,13415
7796,19847
7796,1515
7796,6940
7796,14886
7796,702
7796,23590
7796,19756
7796,217
7796,23270
7796,19030
7796,6540
7796,14201
7796,3492
7796,10429
7796,23603
7796,19152
7796,13238
7796,3550
7796,13272
7796,2433
7796,14606
7796,22071
7796,12396
7797,175
7797,861
7797,3357
7797,7019
7797,3562
7798,7386
7799,702
7799,19263
7800,702
7800,16714
7801,702
7801,210
7802,8929
7802,12925
7803,8003
7803,1300
7803,18696
7803,3357
7803,3562
7804,210
7805,6080
7806,24884
7806,23187
7806,7019
7806,7133
7807,7030
7807,15165
7808,2687
7808,1274
7809,703
7809,12943
7809,5512
7809,3305
7810,3357
7811,7019
7812,175
7813,702
7813,4324
7814,7133
7815,1971
7816,3321
7816,7019
7816,3562
7817,19160
7817,7019
7818,13047
7819,19095
7820,175
7820,12180
7821,1240
7821,7019
7822,2153
7823,702
7824,21878
7824,1240
7825,8929
7825,3774
7826,7019
7827,287
7828,11457
7829,702
7829,16658
7830,24359
7830,797
7830,12916
7830,2062
7830,698
7830,23274
7830,15718
7830,19152
7830,582
7830,2915
7830,17112
7830,7731
7830,11863
7830,3357
7830,15842
7830,17077
7830,2195
7831,23006
7831,1240
7831,4266
7832,7133
7832,4324
7833,19578
7833,14932
7833,6323
7834,13950
7834,4966
7834,18563
7834,16917
7834,428
7834,2014
7834,23343
7834,3357
7834,2097
7834,22947
7835,22646
7835,16906
7836,14746
7837,21804
7837,210
7838,10488
7838,3363
7839,702
7839,7019
7839,7133
7840,1240
7840,4324
7841,22416
7841,23521
7841,2246
7841,15147
7842,702
7842,7019
7843,6518
7844,19549
7845,1681
7846,7912
7846,702
7846,3042
7846,3550
7846,2299
7847,210
7848,10887
7848,298
7849,8772
7850,11400
7850,1240
7850,511
7850,7019
7851,10481
7852,3562
7852,13791
7853,5365
7854,16749
7854,6396
7854,7019
7855,3357
7856,210
7856,7133
7857,7912
7858,6462
7858,6763
7858,8630
7859,6850
7860,1240
7860,3357
7860,7019
7860,3550
7861,6510
7862,4988
7862,17084
7863,2857
7863,702
7863,4751
7863,4005
7863,6396
7863,9932
7863,4629
7863,7019
7863,3759
7864,6664
7864,12303
7865,6504
7866,210
7866,3755
7867,1240
7868,8152
7868,2686
7868,6472
7868,7019
7869,175
7869,8002
7870,19163
7870,8733
7870,217
7871,3603
7871,6540
7872,702
7873,13791
7873,298
7874,12182
7874,10913
7875,8709
7876,2552
7877,702
7877,1576
7878,1240
7878,175
7879,702
7879,7133
7880,13947
7880,4324
7881,1919
7881,175
7881,1749
7882,23933
7882,7157
7883,1240
7884,3550
7885,14799
7885,13791
7886,7229
7887,1240
7887,7133
7888,8247
7889,13408
7889,7019
7890,287
7890,8342
7891,3328
7891,24635
7891,8765
7891,1300
7891,16554
7891,20843
7891,25350
7891,16765
7891,7968
7891,15641
7891,8227
7891,21167
7891,8928
7891,9052
7891,5257
7891,8818
7892,15253
7892,24040
7892,4244
7892,14923
7892,6390
7892,12279
7892,876
7893,21928
7893,11054
7893,20366
7893,11502
7893,6390
7893,19957
7893,11710
7894,2049
7894,19565
7894,6390
7894,22590
7894,21570
7895,2001
7895,25142
7895,20216
7895,11102
7895,12006
7895,7241
7895,15149
7895,14962
7895,6390
7895,2940
7896,3314
7896,3258
7896,3303
7896,12875
7897,11318
7897,7030
7897,11715
7897,11956
7897,7581
7898,12302
7899,15501
7899,20486
7900,3357
7901,7931
7901,16289
7901,10288
7901,8960
7901,13532
7901,20854
7901,24710
7901,2408
7901,21655
7902,703
7902,13031
7903,210
7903,702
7903,6540
7903,3304
7903,14698
7903,217
7903,6940
7904,7019
7905,4941
7906,2627
7907,8372
7908,15858
7908,20805
7909,15076
7909,12265
7909,1240
7909,3346
7909,11618
7909,16733
7909,7418
7909,3376
7909,11272
7909,15126
7909,14340
7909,3058
7909,10965
7909,10672
7909,3235
7909,17400
7909,7050
7909,3117
7909,3492
7909,10297
7909,3258
7909,14188
7909,3550
7909,11452
7909,22081
7909,11194
7909,18668
7909,6454
7910,15695
7910,8247
7911,6141
7911,23521
7911,15247
7912,20206
7912,6755
7912,14360
7912,2415
7912,22686
7912,13945
7912,14834
7912,4183
7912,20113
7912,24577
7912,11114
7912,701
7912,21670
7912,4998
7912,7349
7912,23934
7912,10260
7912,58
7912,23313
7912,385
7912,14590
7912,13713
7912,22904
7912,2671
7912,10819
7912,208
7912,6326
7912,17107
7912,13951
7912,7379
7912,22743
7912,10622
7912,8773
7912,15222
7912,19886
7912,10601
7912,19587
7912,2640
7912,747
7912,6168
7912,2909
7912,14714
7912,22748
7912,4460
7912,11652
7912,13999
7912,12699
7912,14266
7912,1035
7912,2699
7912,7157
7912,2938
7912,13610
7912,11977
7912,6970
7912,11026
7912,22344
7912,16658
7912,3357
7912,5785
7912,1713
7912,22242
7912,2248
7912,1072
7912,14417
7912,22922
7912,2894
7912,19705
7912,22930
7912,13960
7912,20116
7912,10788
7912,22646
7912,10989
7912,17050
7912,14104
7912,2493
7912,1250
7912,7273
7912,6508
7912,18877
7912,2382
7912,16527
7912,10954
7912,11216
7912,755
7912,12931
7912,1558
7912,18909
7912,12256
7912,18543
7912,13761
7912,21676
7912,16587
7912,19333
7912,11946
7912,2712
7912,16839
7912,1800
7912,22940
7912,14265
7912,20169
7912,5657
7912,10426
7912,6131
7912,12204
7912,24855
7912,7209
7912,7846
7912,2521
7912,23498
7912,6552
7912,14851
7912,14615
7912,3635
7912,15606
7912,18433
7912,5079
7912,1707
7912,13963
7912,6182
7912,16079
7912,2802
7912,13600
7912,27
7912,13727
7912,22838
7912,13972
7912,6633
7912,23330
7912,12061
7912,13970
7912,6837
7912,22200
7912,7099
7912,6995
7912,22782
7912,14108
7912,882
7912,12738
7912,16036
7912,6605
7912,12038
7912,14196
7912,23348
7912,19704
7912,14718
7912,12812
7912,20144
7912,15829
7912,16606
7912,21542
7912,22892
7912,6245
7912,11457
7912,14269
7912,18567
7912,19116
7912,14287
7912,20941
7912,3756
7912,14179
7912,10440
7912,7857
7912,2553
7912,11796
7912,24398
7912,12016
7912,3702
7912,4582
7912,13386
7912,238
7912,10902
7912,19753
7912,12071
7912,21680
7912,20307
7912,20473
7912,13723
7912,1727
7912,1098
7912,2049
7912,17015
7912,17100
7912,19324
7912,11949
7912,16618
7912,13694
7912,14326
7912,14545
7912,9838
7912,13967
7912,21865
7912,17829
7912,22567
7912,22655
7912,22292
7912,15785
7912,10739
7912,20243
7912,665
7912,23251
7912,478
7912,895
7912,8777
7912,24308
7912,8149
7912,11765
7912,20476
7912,812
7912,3615
7912,11644
7912,12386
7912,6251
7912,1775
7913,12742
7913,24725
7914,13524
7914,3581
7914,8596
7914,8343
7914,24681
7914,20486
7914,14371
7914,8791
7914,17057
7914,20670
7914,13253
7914,15751
7915,3357
7915,7019
7916,8686
7916,15925
7917,21220
7918,3562
7918,10880
7918,7133
7919,1300
7919,16246
7919,3357
7920,5382
7921,20486
7922,1902
7922,8438
7923,6763
7923,13345
7923,15926
7923,7017
7923,3562
7923,15454
7923,7726
7923,14890
7923,15904
7923,20215
7923,15953
7923,7016
7923,3550
7923,15907
7923,15450
7923,3357
7923,13386
7923,21509
7924,2387
7924,7019
7925,6321
7925,3492
7925,6940
7925,19152
7925,5414
7925,8002
7925,217
7925,3357
7925,3214
7926,1240
7927,1240
7927,2829
7927,1274
7927,9499
7927,7019
7928,15599
7928,16657
7929,6540
7929,578
7930,20677
7931,7901
7931,12742
7932,9117
7932,1681
7933,5682
7933,5876
7933,10403
7933,15758
7933,13405
7934,702
7934,7019
7935,5036
7936,15975
7937,7019
7937,6129
7938,3053
7938,10486
7939,2785
7940,11097
7940,4324
7941,8998
7942,175
7942,2154
7943,6182
7943,3357
7944,3258
7945,14661
7945,6564
7945,1240
7945,14391
7945,12246
7946,3328
7946,8343
7946,217
7947,11687
7948,5298
7949,5618
7950,1576
7950,20116
7950,1240
7950,12130
7950,3562
7950,2568
7950,15350
7950,7133
7951,1742
7952,702
7952,7019
7952,3562
7953,8229
7954,2857
7954,703
7955,16526
7956,1902
7956,8438
7957,25202
7957,13408
7958,703
7958,8221
7959,4324
7960,4800
7960,8448
7961,702
7961,1785
7961,7019
7962,22782
7962,23343
7962,4437
7963,19095
7964,4262
7964,19095
7965,8221
7966,14552
7966,702
7967,9168
7968,9108
7968,5645
7968,7891
7968,21128
7969,2829
7969,22336
7969,6326
7969,7133
7970,8929
7970,3258
7971,20765
7972,12898
7972,12307
7973,16286
7974,6396
7974,58
7974,5007
7975,6504
7976,25309
7977,15410
7978,3550
7979,8939
7979,12742
7980,6703
7981,703
7981,8221
7982,6940
7982,4437
7983,210
7983,1240
7984,7995
7985,16098
7986,1240
7986,175
7987,8487
7988,175
7988,5414
7988,3258
7988,3304
7988,217
7988,19152
7989,6462
7989,3357
7990,13294
7990,8309
7991,20745
7991,15773
7992,2915
7992,2498
7992,10027
7992,3562
7992,4658
7993,6540
7993,15591
7993,6328
7993,23163
7993,3603
7993,175
7993,13769
7993,11291
7993,8002
7993,23374
7994,15596
7994,6850
7995,20432
7995,20597
7995,17675
7995,20780
7995,21812
7995,16088
7995,3550
7995,10094
7995,19823
7995,17666
7995,3321
7995,20797
7995,3304
7995,17442
7995,3357
7995,7984
7996,15841
7997,702
7997,10797
7998,6506
7999,702
8000,5118
8001,5057
8002,2857
8002,7869
8002,2590
8002,24056
8002,8092
8002,21950
8002,8989
8002,8913
8002,21606
8002,4590
8002,2819
8002,15170
8002,20461
8002,6080
8002,2648
8002,10975
8002,1274
8002,13238
8002,2517
8002,8658
8002,15445
8002,12125
8002,9133
8002,12223
8002,1258
8002,955
8002,12990
8002,22213
8002,12323
8002,6771
8002,6068
8002,16031
8002,25062
8002,21100
8002,4789
8002,19866
8002,6806
8002,6940
8002,15413
8002,20474
8002,5572
8002,8547
8002,14990
8002,3742
8002,20548
8002,15636
8002,1417
8002,8427
8002,15396
8002,9029
8002,23394
8002,5588
8002,3210
8002,6462
8002,6905
8002,10311
8002,813
8002,3301
8002,5467
8002,10890
8002,6780
8002,12514
8002,5460
8002,3492
8002,6179
8002,12391
8002,4437
8002,6433
8002,22663
8002,8069
8002,13769
8002,14478
8002,5632
8002,14493
8002,3787
8002,6328
8002,8967
8002,16354
8002,3562
8002,6129
8002,13646
8002,25154
8002,8852
8002,20719
8002,5090
8002,15150
8002,23505
8002,6540
8002,11404
8002,8423
8002,8343
8002,6731
8002,8211
8002,9192
8002,16560
8002,5651
8002,10849
8002,15291
8002,15916
8002,2687
8002,861
8002,16335
8002,17564
8002,22421
8002,3293
8002,13214
8002,13600
8002,13446
8002,12957
8002,8122
8002,19836
8002,22823
8002,20162
8002,22613
8002,6390
8002,3304
8002,217
8002,3247
8002,19030
8002,420
8002,15989
8002,2621
8002,787
8002,2498
8002,5463
8002,13697
8002,24932
8002,4324
8002,3603
8002,9681
8002,6079
8002,9010
8002,4566
8002,2530
8002,14892
8002,20800
8002,20501
8002,338
8002,1291
8002,20680
8002,14713
8002,9146
8002,8929
8002,175
8002,8469
8002,13031
8002,2907
8002,25181
8002,3914
8002,3855
8002,6657
8002,9157
8002,8882
8002,8608
8002,19152
8002,10613
8002,13353
8002,5504
8002,5414
8002,61
8002,294
8002,8587
8002,19753
8002,1300
8002,17779
8002,4182
8002,6831
8002,5770
8002,19936
8002,5401
8002,8003
8002,8554
8002,7019
8002,7925
8002,10455
8002,287
8002,19549
8002,1543
8002,13030
8002,23132
8002,12189
8002,12060
8002,22774
8002,13038
8002,6775
8002,6668
8002,7092
8002,6321
8002,17913
8002,12933
8002,7993
8002,14286
8002,9045
8002,13286
8002,19266
8002,7785
8002,7778
8002,8076
8002,5431
8002,11868
8002,13658
8002,8898
8002,7079
8002,5428
8002,14093
8002,8561
8002,5411
8002,15073
8003,6462
8003,1300
8003,6940
8003,13012
8003,702
8003,18696
8003,16165
8003,16525
8003,8002
8003,13016
8003,4121
8003,15150
8003,24303
8003,6540
8003,3258
8003,24060
8003,2517
8003,7803
8003,4324
8003,2254
8003,3357
8003,11857
8004,3217
8004,217
8005,8919
8005,20563
8006,703
8007,3321
8007,8320
8008,11173
8009,21128
8009,16055
8010,7019
8011,175
8011,6518
8012,2915
8012,175
8012,3357
8013,10911
8013,702
8013,7019
8014,20877
8014,1300
8014,3357
8015,702
8015,23521
8016,2829
8016,6348
8016,3550
8016,12043
8016,16613
8016,25332
8016,702
8016,25215
8016,6268
8016,10387
8017,20710
8018,19263
8019,6462
8019,3357
8020,8110
8020,1120
8021,8882
8021,3321
8022,6063
8023,14346
8023,7133
8024,5714
8025,8152
8026,210
8026,1240
8026,10819
8026,2540
8027,12969
8027,15834
8028,12390
8028,8343
8028,20633
8028,20963
8029,3302
8029,3247
8030,175
8031,9064
8032,339
8032,8343
8032,21128
8033,8435
8033,6668
8034,8324
8034,8247
8034,15834
8035,703
8035,702
8035,3321
8036,5916
8037,4590
8037,3357
8038,175
8038,24868
8039,13408
8040,13777
8040,24717
8040,6730
8040,210
8040,702
8040,20176
8040,13995
8040,1289
8040,7019
8041,15930
8042,8898
8042,5036
8043,24786
8043,20563
8044,6396
8045,3341
8046,5714
8047,175
8048,6540
8048,21529
8048,1240
8048,18490
8048,15270
8048,16513
8048,702
8048,13453
8048,18444
8048,1458
8048,3357
8048,3725
8048,22285
8048,19030
8049,6763
8049,21981
8049,1240
8049,23147
8049,3399
8049,22727
8049,5512
8049,3550
8049,12957
8049,702
8049,17288
8049,20313
8049,19193
8050,9122
8051,8709
8051,12311
8052,702
8052,19176
8052,6984
8053,3247
8054,5569
8055,12969
8055,15834
8056,6763
8056,16686
8056,4392
8056,8168
8056,22357
8056,3550
8056,4449
8056,10430
8056,4501
8057,9003
8058,6756
8058,19093
8058,22937
8058,15332
8058,6328
8058,3550
8058,22630
8058,3808
8059,6396
8059,7133
8060,6940
8060,3357
8061,6688
8061,14195
8061,13318
8061,15174
8061,6390
8061,16647
8062,11407
8062,6150
8062,2751
8062,4011
8062,11090
8062,6390
8062,13474
8062,23082
8062,10701
8062,12037
8062,3007
8063,22674
8063,6390
8063,5940
8064,3465
8064,13826
8064,11110
8064,6390
8065,6747
8065,12311
8066,13490
8066,3340
8067,5618
8067,6779
8068,20661
8069,6763
8069,1300
8069,1240
8069,6940
8069,12957
8069,16151
8069,175
8069,8002
8069,3304
8069,217
8069,287
8069,3492
8069,19152
8069,13238
8069,5512
8069,3550
8069,4638
8069,3321
8069,5414
8069,3357
8069,6454
8070,2915
8070,702
8070,2498
8070,1240
8070,10027
8070,704
8070,15413
8070,2517
8071,8076
8072,210
8072,8075
8072,4658
8072,20047
8073,23725
8073,4809
8074,6678
8075,4636
8075,8072
8076,1300
8076,6763
8076,2829
8076,813
8076,3131
8076,5714
8076,12957
8076,16151
8076,7019
8076,3304
8076,19030
8076,287
8076,2498
8076,3258
8076,13238
8076,5512
8076,2517
8076,4638
8076,11165
8076,3558
8076,20047
8076,6454
8076,1240
8076,6940
8076,3562
8076,702
8076,8002
8076,6540
8076,3550
8076,6470
8076,2915
8076,8071
8076,210
8076,23469
8076,3357
8076,3599
8076,294
8076,853
8077,210
8077,7019
8078,175
8078,2829
8079,5618
8080,5135
8080,8438
8080,3331
8081,5401
8082,13250
8083,861
8084,1240
8084,2829
8085,8447
8085,12390
8085,17046
8085,4988
8085,6722
8085,10887
8085,2411
8085,5279
8086,702
8086,1240
8086,7019
8086,3550
8087,5618
8087,21022
8087,15834
8088,8882
8089,6462
8090,12531
8090,13229
8091,6462
8091,702
8092,4780
8092,1274
8092,3492
8092,3258
8092,19152
8092,6940
8092,3550
8092,2915
8092,8002
8092,217
8092,3304
8092,3214
8093,21220
8094,3357
8095,24588
8096,4616
8096,3240
8097,20877
8098,3217
8099,6462
8099,9691
8099,20607
8099,5968
8099,8807
8099,3550
8100,8471
8100,8733
8101,3959
8101,3341
8102,19887
8102,8199
8103,4324
8104,6913
8104,3646
8105,23118
8105,12742
8105,15745
8106,8969
8107,9122
8108,5392
8109,13250
8110,8120
8110,8020
8111,4120
8111,1120
8112,7041
8112,6510
8112,856
8112,11261
8112,24936
8113,12893
8113,19263
8114,7549
8114,2583
8114,19263
8114,19376
8115,6664
8115,2972
8116,10715
8116,4638
8116,16151
8116,5414
8116,3492
8116,217
8116,3357
8116,3214
8117,8929
8117,4571
8118,5401
8118,16339
8118,3353
8119,380
8119,5463
8120,6396
8120,1240
8120,3562
8120,8110
8120,7261
8120,7019
8120,8520
8120,19020
8121,3701
8121,702
8121,1785
8122,8778
8122,1300
8122,23491
8122,3131
8122,13533
8122,24097
8122,3304
8122,13906
8122,217
8122,24563
8122,19030
8122,19747
8122,1937
8122,4475
8122,3492
8122,15759
8122,2347
8122,13238
8122,2517
8122,4437
8122,456
8122,7066
8122,6940
8122,20190
8122,8002
8122,23353
8122,3735
8122,13391
8122,6540
8122,23651
8122,294
8122,11415
8123,703
8123,8221
8123,3303
8123,12875
8124,6847
8125,8510
8125,3330
8126,18194
8126,12742
8126,8247
8126,24725
8127,8407
8128,5569
8128,15836
8129,1240
8129,3562
8130,8592
8131,8343
8131,20486
8132,2855
8133,3562
8133,4324
8134,8896
8134,15841
8135,1240
8136,3465
8137,1242
8138,210
8138,1240
8138,22823
8138,7019
8139,13961
8140,21220
8140,12531
8141,8152
8141,279
8142,17380
8143,13229
8144,12531
8144,21012
8145,6831
8145,3304
8146,8709
8147,19356
8147,3558
8148,6462
8148,702
8149,7912
8149,58
8149,5007
8150,2111
8151,24725
8152,3641
8152,7138
8152,7400
8152,3301
8152,1832
8152,3597
8152,10437
8152,19039
8152,4334
8152,6504
8152,4288
8152,21604
8152,10561
8152,7019
8152,3103
8152,4311
8152,11173
8152,16763
8152,3091
8152,7409
8152,6496
8152,14000
8152,4321
8152,11088
8152,11520
8152,22895
8152,279
8152,6459
8152,6333
8152,20174
8152,14123
8152,4255
8152,22883
8152,1240
8152,4290
8152,3485
8152,7868
8152,15237
8152,8025
8152,3811
8152,6343
8152,4312
8152,702
8152,19374
8152,18735
8152,3969
8152,3455
8152,15108
8152,4256
8152,13592
8152,2905
8152,10480
8152,4328
8152,7087
8152,11137
8152,1841
8152,8141
8152,3550
8152,22834
8152,11678
8152,17250
8152,3906
8152,22530
8153,8552
8153,8585
8154,2829
8154,2029
8154,813
8154,1274
8154,8506
8154,5512
8154,15291
8154,9122
8154,4756
8155,8471
8156,5564
8156,3254
8157,9592
8157,20486
8158,6462
8158,25233
8159,702
8159,3562
8160,8720
8160,22774
8160,23127
8160,4120
8160,7133
8161,8343
8162,7019
8163,2857
8163,9106
8164,18679
8164,3817
8165,9499
8166,24727
8166,20834
8166,13250
8167,6462
8167,4324
8168,6763
8168,4481
8168,14464
8168,8056
8168,10955
8168,19764
8168,1377
8168,23107
8168,12141
8168,4003
8168,16736
8168,1112
8168,7314
8168,22056
8168,7466
8168,4398
8168,19183
8168,13762
8168,10734
8168,4015
8168,4024
8168,11994
8168,1641
8168,6454
8168,22382
8168,1240
8168,4414
8168,3918
8168,4458
8168,23129
8168,19362
8168,702
8168,175
8168,14347
8168,13358
8168,4507
8168,14283
8168,418
8168,14572
8168,14724
8168,4477
8168,4495
8168,4465
8168,13879
8168,7299
8168,5773
8168,3357
8168,18740
8168,16398
8168,995
8168,22549
8168,4447
8168,18480
8168,14887
8168,992
8168,4490
8168,4450
8168,22129
8168,1632
8168,11498
8168,4424
8168,11803
8168,3492
8168,5512
8168,3321
8168,4454
8168,1667
8168,4423
8168,4500
8168,21575
8168,4443
8168,4407
8168,3562
8168,11836
8168,4426
8168,10898
8168,4401
8168,4436
8168,10671
8168,22408
8168,10716
8168,19724
8168,15202
8169,8789
8170,5401
8170,16207
8171,12991
8172,20765
8172,20633
8173,8221
8173,3304
8174,5339
8174,703
8175,16151
8175,3302
8175,16517
8175,8206
8175,21203
8176,4324
8177,1669
8177,14856
8177,14855
8178,3217
8178,217
8179,3755
8179,6326
8180,12969
8180,8309
8181,12130
8182,6727
8183,702
8183,4324
8184,8339
8184,20878
8185,15578
8186,4566
8186,7133
8187,20805
8188,18239
8189,702
8189,7019
8190,703
8190,6462
8190,3304
8191,19440
8191,17202
8191,1300
8191,22765
8191,20143
8191,8278
8191,5572
8191,15480
8191,4635
8191,24817
8191,2093
8191,77
8191,287
8191,3492
8191,13238
8191,6718
8191,16294
8191,9002
8191,5414
8191,15831
8191,3357
8191,25344
8191,25062
8192,12065
8193,2868
8193,4953
8193,9967
8194,4941
8195,6748
8195,16590
8195,12439
8196,1300
8196,13238
8196,25224
8196,3550
8196,8929
8196,16151
8196,12077
8196,22106
8196,12118
8196,9010
8196,16254
8196,3304
8196,3357
8196,6454
8197,6462
8197,1300
8197,8484
8197,17520
8197,287
8197,11933
8197,13238
8197,8427
8197,3321
8197,175
8197,5489
8197,15723
8197,217
8197,9437
8197,18677
8198,20557
8199,19612
8199,9050
8199,10863
8199,22481
8199,5607
8199,22619
8199,20592
8199,11374
8199,17060
8199,13242
8199,16983
8199,23167
8199,6454
8199,19699
8199,6241
8199,2804
8199,18153
8199,22804
8199,5334
8199,14907
8199,10414
8199,2937
8199,3854
8199,3120
8199,2952
8199,19213
8199,10090
8199,3636
8199,4045
8199,14674
8199,22305
8199,8102
8199,18355
8199,15401
8199,22135
8199,20948
8199,13211
8199,17911
8199,19118
8199,1071
8199,19633
8199,18742
8199,13992
8199,18097
8199,21437
8199,10394
8199,5877
8199,3894
8199,22415
8199,20525
8199,15778
8199,14656
8199,4942
8199,15203
8199,11877
8199,19485
8199,17544
8199,15342
8199,22127
8199,20364
8199,19421
8199,10568
8199,19737
8199,20046
8199,5758
8199,16495
8199,14549
8200,703
8200,20635
8201,8765
8202,1300
8202,175
8202,3258
8202,5834
8203,3321
8203,21469
8204,8552
8205,8221
8206,8175
8207,6852
8208,5760
8208,21220
8208,18963
8208,17498
8209,8768
8210,1274
8210,1291
8210,8221
8211,813
8211,8435
8211,6940
8211,2120
8211,9933
8211,703
8211,16151
8211,175
8211,8002
8211,217
8211,3304
8211,3214
8211,19030
8211,6540
8211,2498
8211,287
8211,13238
8211,2517
8211,3550
8211,7133
8211,4638
8211,25149
8211,5378
8211,5414
8211,294
8211,6454
8212,703
8212,287
8213,15983
8213,8617
8214,12969
8214,23552
8215,12302
8216,6856
8216,5579
8217,16339
8217,12542
8218,8969
8219,3357
8220,8720
8220,217
8220,8520
8221,8550
8221,4735
8221,16142
8221,5686
8221,15920
8221,9562
8221,20292
8221,20988
8221,4590
8221,5825
8221,20682
8221,13061
8221,15412
8221,20981
8221,5189
8221,7981
8221,24918
8221,8210
8221,9184
8221,20573
8221,16454
8221,15405
8221,526
8221,20738
8221,4971
8221,2517
8221,23048
8221,5175
8221,19782
8221,2436
8221,8802
8221,8248
8221,9073
8221,21027
8221,15952
8221,19179
8221,3835
8221,9053
8221,15609
8221,24910
8221,16356
8221,13045
8221,13632
8221,4893
8221,16312
8221,15868
8221,16211
8221,19198
8221,3763
8221,8362
8221,8570
8221,21048
8221,13138
8221,9145
8221,9887
8221,24675
8221,151
8221,25143
8221,10150
8221,21428
8221,24927
8221,7965
8221,24775
8221,10073
8221,15855
8221,9378
8221,20673
8221,24693
8221,21441
8221,8433
8221,8553
8221,25261
8221,11311
8221,5135
8221,8795
8221,21209
8221,17856
8221,13251
8221,356
8221,3486
8221,5680
8221,3818
8221,12884
8221,20852
8221,21383
8221,4868
8221,9028
8221,3492
8221,19248
8221,13160
8221,12702
8221,8466
8221,18378
8221,24718
8221,15730
8221,18655
8221,5631
8221,11658
8221,25246
8221,12777
8221,5953
8221,19904
8221,15791
8221,20907
8221,16290
8221,15519
8221,13101
8221,6776
8221,5637
8221,8477
8221,8651
8221,16086
8221,9110
8221,14510
8221,21126
8221,24776
8221,3865
8221,5747
8221,12484
8221,16985
8221,25050
8221,9068
8221,8374
8221,15614
8221,21078
8221,17887
8221,8355
8221,24921
8221,12541
8221,20694
8221,7722
8221,8360
8221,4533
8221,21064
8221,8855
8221,20358
8221,395
8221,2130
8221,21138
8221,10304
8221,24890
8221,8304
8221,22754
8221,18013
8221,20796
8221,3304
8221,16069
8221,25274
8221,19488
8221,8856
8221,8764
8221,15700
8221,16380
8221,15534
8221,5986
8221,16141
8221,10287
8221,19257
8221,12626
8221,9137
8221,23474
8221,21596
8221,12499
8221,4587
8221,21054
8221,11933
8221,10263
8221,25269
8221,16108
8221,11202
8221,5184
8221,702
8221,175
8221,25343
8221,2951
8221,21161
8221,25013
8221,10333
8221,21041
8221,12466
8221,12780
8221,25298
8221,4885
8221,15028
8221,20050
8221,4527
8221,24911
8221,10306
8221,21151
8221,11163
8221,1449
8221,25205
8221,7958
8221,16151
8221,22666
8221,12887
8221,2048
8221,16050
8221,21633
8221,20023
8221,3628
8221,22894
8221,17723
8221,287
8221,21399
8221,21182
8221,5373
8221,16082
8221,19237
8221,186
8221,2282
8221,127
8221,4513
8221,21016
8221,24774
8221,20837
8221,15507
8221,15544
8221,10510
8221,3423
8221,5706
8221,21394
8221,18764
8221,13025
8221,2603
8221,4864
8221,17328
8221,3216
8221,5536
8221,8788
8221,20499
8221,16458
8221,16295
8221,8863
8221,8812
8221,9097
8221,21374
8221,13212
8221,2915
8221,23529
8221,6879
8221,2741
8221,20567
8221,8584
8221,184
8221,12350
8221,21362
8221,15721
8221,9216
8221,8500
8221,23197
8221,16173
8221,12361
8221,15944
8221,17160
8221,12981
8221,19547
8221,3258
8221,13238
8221,20795
8221,8797
8221,19484
8221,16078
8221,11159
8221,6454
8221,4887
8221,2148
8221,4345
8221,1240
8221,16313
8221,6940
8221,13032
8221,20741
8221,8455
8221,16366
8221,21204
8221,24999
8221,21475
8221,8173
8221,5571
8221,4374
8221,19409
8221,20619
8221,15911
8221,5048
8221,3357
8221,24845
8221,3501
8221,6462
8221,5398
8221,12681
8221,12927
8221,13196
8221,18371
8221,24648
8221,17162
8221,8660
8221,4972
8221,121
8221,15645
8221,6697
8221,20029
8221,24783
8221,16361
8221,12896
8221,19597
8221,21440
8221,24599
8221,21396
8221,2595
8221,20766
8221,5824
8221,8205
8221,3810
8221,15482
8221,8754
8221,21140
8221,20357
8221,4977
8221,9044
8221,3562
8221,20278
8221,12875
8221,703
8221,3861
8221,1669
8221,374
8221,17251
8221,21061
8221,15433
8221,17206
8221,305
8221,6540
8221,25328
8221,9357
8221,13278
8221,12666
8221,21466
8221,19977
8221,9589
8221,8614
8221,8633
8221,5884
8221,2604
8221,21468
8221,6908
8221,24773
8221,19304
8221,18952
8221,16912
8221,9093
8221,9197
8221,15447
8221,20635
8221,4812
8221,15581
8221,16963
8221,13284
8221,9794
8221,15705
8221,5339
8221,2613
8221,2498
8221,8652
8221,24778
8221,12369
8221,19265
8221,1890
8221,13233
8221,20749
8221,18826
8221,10795
8221,16782
8221,16314
8221,21102
8221,9170
8221,5623
8221,11160
8221,16145
8221,16226
8221,16374
8221,514
8221,8123
8221,6936
8221,5030
8221,15940
8221,12975
8221,25306
8221,21193
8221,5805
8221,22175
8221,21109
8221,191
8221,21875
8221,5414
8221,13494
8221,5582
8221,3632
8221,13545
8221,24679
8221,5999
8221,3348
8221,1300
8221,25070
8221,17831
8221,21844
8221,15735
8221,24772
8221,20542
8221,3788
8221,5811
8221,15242
8221,25290
8221,15978
8221,10223
8221,21080
8221,9888
8221,8719
8221,21796
8221,15789
8221,5230
8221,7019
8221,8972
8221,12827
8221,24994
8221,21417
8221,12585
8221,21896
8221,8920
8221,15662
8221,19389
8221,24848
8221,5443
8221,20547
8221,25132
8221,20041
8221,20600
8221,25008
8221,3321
8221,8793
8221,5167
8221,12542
8221,11753
8221,4639
8221,12933
8221,8732
8221,18255
8221,5280
8221,8253
8221,12423
8221,16073
8221,21223
8221,14810
8221,12942
8221,8337
8221,15369
8221,3550
8221,5518
8221,20906
8221,16037
8221,9745
8221,20863
8222,703
8222,3357
8223,287
8223,1274
8223,13238
8224,8882
8225,287
8225,175
8226,1274
8226,4773
8226,320
8226,3278
8226,13306
8227,22976
8227,12298
8227,7891
8228,6849
8229,5171
8229,15558
8229,7953
8229,21166
8229,18026
8229,18407
8229,5985
8229,16049
8230,4956
8230,5562
8230,8537
8230,3341
8231,13077
8232,13238
8233,703
8233,2687
8234,13238
8235,8969
8235,1240
8235,3270
8235,12875
8236,560
8237,8929
8238,287
8238,13031
8238,6731
8239,3341
8240,5401
8241,3250
8242,8889
8242,9720
8242,21415
8242,12944
8242,5039
8242,217
8242,3278
8242,22208
8243,13047
8243,5392
8244,12742
8244,8247
8245,6763
8246,13238
8246,8515
8247,6339
8247,4701
8247,24880
8247,2888
8247,20140
8247,5454
8247,12556
8247,21382
8247,10340
8247,5445
8247,8939
8247,15968
8247,20490
8247,7747
8247,20589
8247,8244
8247,2565
8247,20492
8247,5313
8247,7163
8247,8626
8247,4744
8247,16413
8247,23939
8247,18927
8247,343
8247,20028
8247,17299
8247,16664
8247,23233
8247,25071
8247,22306
8247,23871
8247,20688
8247,11941
8247,14125
8247,16516
8247,12828
8247,10235
8247,17998
8247,188
8247,10393
8247,8995
8247,18224
8247,5871
8247,17724
8247,20541
8247,16599
8247,7788
8247,5626
8247,19483
8247,22298
8247,15729
8247,20764
8247,9582
8247,14480
8247,111
8247,24209
8247,10141
8247,7910
8247,3775
8247,20838
8247,5931
8247,5827
8247,15542
8247,5736
8247,5807
8247,10268
8247,15370
8247,5026
8247,15538
8247,4341
8247,14401
8247,16523
8247,201
8247,5449
8247,18379
8247,8478
8247,21582
8247,21159
8247,8293
8247,18237
8247,17184
8247,25139
8247,18598
8247,25056
8247,22653
8247,4716
8247,5338
8247,10253
8247,16168
8247,23552
8247,21069
8247,5359
8247,6709
8247,16291
8247,8439
8247,8126
8247,16863
8247,3637
8247,16964
8247,22394
8247,16979
8247,6592
8247,5545
8247,20370
8247,9599
8247,5589
8247,1964
8247,9289
8247,9342
8247,20310
8247,10282
8247,19428
8247,3604
8247,13393
8247,18634
8247,19697
8247,21567
8247,9910
8247,7888
8247,25192
8247,7689
8247,5567
8247,20702
8247,13937
8247,8794
8247,13275
8247,18525
8247,1300
8247,17995
8247,24907
8247,15856
8247,6715
8247,12913
8247,19269
8247,20939
8247,19144
8247,9737
8247,8034
8247,3321
8247,3446
8247,3566
8247,14103
8247,5817
8247,16687
8247,9055
8247,19482
8247,3778
8247,23956
8247,9273
8247,2865
8247,16275
8247,16594
8247,3904
8247,20351
8247,12825
8247,18678
8248,8221
8249,5409
8250,8343
8250,10215
8251,5588
8252,1300
8252,297
8253,12363
8253,8221
8254,6698
8255,6462
8255,287
8255,3357
8255,3550
8255,5714
8256,703
8256,702
8256,20995
8256,3216
8257,8502
8258,16286
8258,3254
8259,21220
8259,13028
8259,16330
8259,16651
8260,12969
8260,8530
8260,24725
8261,12417
8261,9418
8262,8929
8262,175
8262,16517
8262,5823
8262,21203
8263,13148
8263,9185
8263,346
8263,16776
8263,5163
8263,14126
8263,12830
8263,8718
8263,22641
8263,3258
8263,5901
8263,12616
8263,9567
8263,8401
8263,21340
8263,21231
8263,5331
8263,2852
8263,16155
8263,8746
8264,9334
8264,8343
8264,21300
8264,21415
8264,15737
8264,6176
8264,17224
8264,21488
8264,13083
8264,3278
8265,5589
8265,5378
8266,21445
8266,1268
8267,6909
8268,8502
8269,217
8269,3357
8269,15413
8269,8919
8269,20563
8270,6462
8270,287
8270,3550
8270,5714
8270,703
8270,13038
8270,217
8270,3357
8270,3214
8270,6454
8271,8401
8272,23457
8272,175
8272,3321
8272,13031
8272,13238
8273,8882
8273,3321
8274,8575
8275,3492
8276,12302
8276,3341
8277,12683
8277,21648
8277,3357
8277,8283
8277,5714
8277,16035
8278,8191
8279,5409
8280,283
8281,6763
8282,1242
8283,8277
8283,9180
8283,8469
8283,6909
8283,6940
8283,6771
8284,15704
8284,3266
8285,9134
8286,6748
8286,5519
8287,8502
8288,287
8289,21128
8290,13238
8290,3550
8290,19400
8290,703
8290,8929
8290,3321
8290,24863
8290,217
8290,21251
8291,16161
8292,21415
8292,15836
8293,5618
8293,20805
8293,8247
8294,15804
8295,5484
8296,8772
8297,2857
8297,2530
8298,9194
8298,6454
8299,3217
8300,3217
8300,12715
8300,3278
8300,9607
8301,1300
8301,25233
8301,6454
8302,19379
8302,12957
8302,1274
8302,23219
8302,6454
8303,15624
8303,13031
8303,3258
8304,8221
8304,681
8305,13238
8305,703
8305,702
8305,175
8305,6739
8305,3357
8305,3304
8305,20584
8306,21626
8306,25329
8307,19360
8308,5604
8309,7990
8309,5966
8309,19428
8309,20611
8309,8887
8309,16381
8309,20411
8309,15607
8309,1377
8309,8180
8309,18428
8309,18031
8309,8820
8310,6765
8311,5287
8312,255
8312,2915
8312,175
8312,16339
8312,12716
8312,13204
8313,6462
8313,9010
8313,9144
8313,5104
8313,25233
8313,24588
8314,12847
8315,8765
8316,6462
8316,24786
8316,20563
8317,2615
8318,8427
8319,175
8319,6740
8320,8007
8320,175
8320,1274
8320,3492
8320,3258
8320,217
8321,25229
8322,8991
8323,703
8323,1274
8324,6743
8324,17724
8324,20764
8324,20899
8324,8034
8324,5902
8324,15968
8324,20310
8324,13294
8325,5618
8326,387
8327,8502
8328,15871
8328,14448
8328,6731
8328,20050
8328,24905
8328,12624
8328,6894
8328,3357
8329,175
8330,15590
8331,6462
8331,8944
8331,5414
8331,3214
8332,2090
8332,24681
8332,24851
8332,5032
8332,24639
8332,8471
8332,8632
8332,217
8332,3278
8332,12696
8333,3304
8333,6731
8334,15624
8334,15518
8335,3217
8335,8403
8335,8733
8336,12390
8336,14406
8337,8221
8337,3353
8338,3262
8339,17492
8339,21295
8339,8184
8339,10283
8339,11204
8339,16353
8339,5653
8339,19198
8340,6462
8340,3321
8340,175
8340,16052
8340,13238
8340,13023
8340,20538
8341,6847
8342,6462
8342,1274
8342,3492
8342,13238
8342,19152
8342,16151
8342,175
8342,217
8342,3304
8342,7890
8342,6454
8342,21074
8343,4959
8343,5797
8343,8712
8343,2879
8343,24926
8343,8988
8343,16957
8343,8493
8343,5965
8343,20804
8343,3920
8343,15392
8343,9021
8343,1274
8343,9141
8343,6855
8343,13238
8343,8131
8343,16065
8343,3687
8343,3217
8343,8028
8343,2488
8343,5763
8343,18456
8343,22413
8343,25009
8343,1240
8343,8616
8343,12998
8343,4988
8343,15836
8343,24784
8343,8250
8343,6940
8343,21696
8343,8998
8343,12821
8343,19577
8343,24788
8343,21010
8343,16894
8343,6606
8343,10403
8343,20978
8343,3357
8343,20603
8343,9006
8343,10555
8343,4086
8343,10753
8343,6462
8343,8911
8343,13239
8343,24639
8343,21253
8343,13057
8343,8613
8343,9404
8343,21118
8343,20534
8343,16580
8343,15469
8343,3492
8343,180
8343,5649
8343,15501
8343,24833
8343,8595
8343,8394
8343,19023
8343,21330
8343,5876
8343,12551
8343,17346
8343,18652
8343,5151
8343,2579
8343,9069
8343,7494
8343,24613
8343,8843
8343,4907
8343,17425
8343,21366
8343,8440
8343,18780
8343,310
8343,16055
8343,21241
8343,8444
8343,9425
8343,20181
8343,14211
8343,16288
8343,2859
8343,12336
8343,17320
8343,18018
8343,8407
8343,339
8343,3218
8343,8783
8343,8383
8343,136
8343,15532
8343,12020
8343,3304
8343,8770
8343,18131
8343,7946
8343,3903
8343,8750
8343,9111
8343,17179
8343,6864
8343,9418
8343,16180
8343,2119
8343,16344
8343,19584
8343,25293
8343,10495
8343,8569
8343,260
8343,18983
8343,16071
8343,9108
8343,21106
8343,702
8343,175
8343,1995
8343,8002
8343,19146
8343,19152
8343,8851
8343,8441
8343,20629
8343,8918
8343,5414
8343,12544
8343,16114
8343,12939
8343,5574
8343,8161
8343,12684
8343,21220
8343,19925
8343,16151
8343,15760
8343,16791
8343,8829
8343,16084
8343,9078
8343,5012
8343,9016
8343,3051
8343,12333
8343,6851
8343,3254
8343,6801
8343,9331
8343,12419
8343,19800
8343,8264
8343,25160
8343,12165
8343,24811
8343,21290
8343,21185
8343,16346
8343,6691
8343,9134
8343,3214
8343,3674
8343,20920
8343,17569
8343,8032
8343,5548
8343,12773
8343,248
8343,8999
8343,5969
8343,10182
8343,20807
8343,9047
8343,7914
8344,1367
8344,21220
8344,13250
8344,12934
8344,14875
8344,5208
8344,14494
8344,20745
8344,24882
8345,5401
8345,13238
8346,12390
8346,9292
8346,20486
8347,5512
8347,6454
8348,4590
8348,16207
8349,3217
8349,24920
8350,703
8350,702
8350,3321
8351,15556
8352,20677
8352,175
8352,6806
8352,12694
8353,1300
8353,25284
8353,21296
8353,3786
8353,10425
8353,8483
8353,3217
8353,3268
8353,13303
8354,6850
8355,8221
8356,8765
8356,24608
8357,8677
8358,11522
8358,12302
8359,1300
8359,16807
8359,15630
8359,12302
8359,21137
8359,5054
8360,1300
8360,3304
8360,24830
8360,16084
8360,4004
8360,22448
8360,22082
8360,287
8360,13238
8360,5538
8360,3217
8360,21232
8360,6851
8360,6732
8360,12655
8360,299
8360,1240
8360,703
8360,4496
8360,175
8360,8221
8360,16119
8360,19146
8360,15659
8360,20577
8360,3328
8360,5681
8360,21450
8360,13175
8360,24763
8360,20486
8360,3550
8360,13203
8360,5414
8360,18732
8360,3357
8360,4896
8360,15757
8361,6698
8362,2915
8362,8221
8362,6454
8363,3216
8364,12606
8364,8448
8365,19048
8365,22653
8365,5324
8365,5806
8365,5728
8365,17594
8365,13294
8366,20634
8366,1300
8366,287
8366,3492
8366,13238
8366,4590
8366,175
8366,5414
8366,217
8366,4568
8366,2858
8366,12644
8367,9187
8367,12927
8368,175
8368,5154
8369,20731
8369,23820
8369,5714
8369,20465
8369,703
8369,175
8369,3357
8369,20539
8370,5965
8371,8403
8371,3317
8371,15659
8372,3217
8372,16346
8372,10473
8372,7907
8373,25181
8374,3321
8374,12981
8374,8221
8375,21244
8375,1300
8375,24725
8376,24990
8377,8698
8378,20765
8378,2119
8378,217
8378,3278
8379,16151
8379,1300
8379,15766
8379,6454
8379,5792
8379,8543
8379,3550
8380,8929
8381,13185
8381,4590
8382,20165
8382,6851
8383,8343
8383,9292
8383,95
8383,21241
8383,20486
8384,5432
8385,6847
8386,12531
8386,20745
8387,15701
8387,3918
8387,10320
8387,12521
8387,13238
8387,13935
8387,21776
8387,5224
8387,5992
8387,16506
8387,9122
8388,6462
8388,12655
8388,3321
8388,13238
8389,8510
8390,5584
8390,8706
8391,19855
8391,10075
8391,3265
8391,14383
8391,18790
8391,18946
8391,8929
8391,19241
8391,21416
8391,264
8391,13082
8391,10420
8391,17474
8391,13708
8391,18766
8391,16588
8391,24694
8391,19609
8391,2945
8391,5891
8391,21674
8391,4899
8391,24951
8391,139
8391,20658
8391,18550
8391,3357
8391,2852
8391,20360
8392,4535
8392,15764
8392,175
8392,8882
8392,13238
8393,21147
8394,22022
8394,23650
8394,16444
8394,8343
8394,22352
8394,4863
8394,18850
8394,16322
8394,3278
8394,7509
8394,2855
8395,12390
8396,12696
8396,3278
8397,6800
8397,12714
8398,8969
8398,20194
8398,4571
8399,3268
8400,6462
8400,1300
8400,6454
8401,6763
8401,1300
8401,8535
8401,23126
8401,8915
8401,5252
8401,21247
8401,8271
8401,12559
8401,4055
8401,5011
8401,15663
8401,8772
8401,8586
8401,25145
8401,18271
8401,3907
8401,6822
8401,10457
8401,3258
8401,13092
8401,15959
8401,21707
8401,3321
8401,14979
8401,13093
8401,6701
8401,1240
8401,8867
8401,21886
8401,703
8401,224
8401,702
8401,9120
8401,16334
8401,8617
8401,9082
8401,9126
8401,15983
8401,9147
8401,17244
8401,5690
8401,21216
8401,3550
8401,5245
8401,504
8401,3357
8401,8263
8402,6462
8402,21357
8402,3258
8402,6940
8402,6454
8402,3214
8403,5264
8403,964
8403,17983
8403,18508
8403,5513
8403,3278
8403,3217
8403,17068
8403,8558
8403,19347
8403,16952
8403,8616
8403,8371
8403,8410
8403,12821
8403,22499
8403,4608
8403,12880
8403,17903
8403,22360
8403,22195
8403,24925
8403,19882
8403,9079
8403,19589
8403,12791
8403,6674
8403,15887
8403,15985
8403,1300
8403,18537
8403,20693
8403,18196
8403,20703
8403,4870
8403,24830
8403,8875
8403,13179
8403,9334
8403,7344
8403,18496
8403,20545
8403,21429
8403,14897
8403,5032
8403,12922
8403,2373
8403,24833
8403,4060
8403,4943
8403,3981
8403,21303
8403,20718
8403,21580
8403,13162
8403,21454
8403,20362
8403,18682
8403,24759
8403,5468
8403,16174
8403,8335
8403,5372
8403,1959
8403,17330
8403,10060
8403,9058
8403,11415
8404,5966
8405,6831
8406,6736
8407,13649
8407,3428
8407,5178
8407,11983
8407,8343
8407,20486
8407,16044
8407,16065
8407,3217
8407,13228
8407,19950
8407,8417
8407,9179
8407,8127
8408,9032
8408,8929
8408,3258
8409,6831
8409,3304
8409,6731
8410,8403
8410,4949
8410,9671
8411,12390
8411,21128
8411,19441
8412,3268
8412,5569
8413,3321
8413,175
8413,8438
8414,10625
8414,25075
8414,13238
8415,4571
8416,5378
8417,8407
8417,3444
8418,5618
8419,18593
8419,3549
8419,9751
8419,5714
8420,6462
8420,15410
8420,217
8420,5713
8420,19152
8420,6940
8420,3214
8421,62
8421,6850
8422,5211
8422,3258
8422,6454
8423,1300
8423,4735
8423,5521
8423,16151
8423,12408
8423,3304
8423,217
8423,19030
8423,2498
8423,21383
8423,13126
8423,3492
8423,9028
8423,13238
8423,2517
8423,1281
8423,15939
8423,17009
8423,19673
8423,6940
8423,6725
8423,175
8423,16579
8423,8002
8423,6540
8423,436
8423,20404
8423,18783
8423,5580
8423,16944
8423,18741
8423,7133
8423,3550
8423,8456
8423,5414
8423,3357
8424,20765
8424,217
8424,20633
8424,3278
8425,5591
8426,5484
8426,22783
8426,15567
8426,3341
8427,6462
8427,1300
8427,19323
8427,17802
8427,5725
8427,8197
8427,9986
8427,3304
8427,217
8427,18096
8427,4702
8427,13238
8427,8318
8427,5095
8427,4638
8427,15958
8427,21482
8427,25007
8427,6940
8427,18255
8427,175
8427,9855
8427,18051
8427,8002
8427,21263
8427,21056
8427,15767
8427,24738
8427,6540
8427,20870
8427,19152
8427,19746
8427,5534
8427,5414
8428,3887
8428,25229
8429,1268
8429,12798
8430,3249
8430,1765
8430,1922
8430,1902
8430,1854
8431,2915
8431,175
8431,3258
8431,3304
8432,13125
8432,9071
8433,8221
8433,3304
8434,3216
8435,18719
8435,12126
8435,2120
8435,3908
8435,16151
8435,8033
8435,5811
8435,14317
8435,4981
8435,24960
8435,3304
8435,18672
8435,15127
8435,3294
8435,17703
8435,13238
8435,1482
8435,21172
8435,19711
8435,1258
8435,4939
8435,15951
8435,20799
8435,12385
8435,703
8435,8625
8435,175
8435,21201
8435,10990
8435,24714
8435,13244
8435,20905
8435,8211
8435,4583
8435,2604
8435,8572
8435,20514
8435,109
8435,13178
8435,237
8435,18915
8435,17125
8435,3357
8435,5679
8435,25218
8435,13190
8436,2857
8436,1274
8437,2855
8438,24825
8438,5135
8438,20685
8438,18117
8438,24657
8438,25090
8438,2522
8438,24648
8438,9249
8438,4665
8438,12992
8438,8560
8438,21040
8438,5612
8438,8871
8438,6765
8438,21269
8438,12896
8438,23193
8438,5945
8438,16082
8438,19062
8438,17485
8438,25329
8438,1258
8438,16529
8438,16287
8438,20606
8438,8446
8438,16100
8438,9454
8438,19301
8438,8927
8438,8941
8438,8883
8438,25256
8438,6161
8438,5374
8438,16017
8438,20739
8438,5243
8438,21626
8438,7956
8438,24709
8438,16315
8438,19311
8438,23595
8438,8413
8438,4853
8438,15945
8438,25127
8438,21363
8438,8080
8438,4951
8438,7922
8438,19196
8439,5618
8439,8247
8440,8343
8440,20486
8441,8343
8442,6732
8442,5538
8443,8929
8443,8882
8443,175
8443,217
8444,8343
8444,10403
8445,6747
8446,6462
8446,2293
8446,13238
8446,8438
8446,3321
8446,11049
8446,20936
8446,5405
8447,12390
8447,3217
8447,8085
8447,16396
8448,176
8448,18948
8448,6763
8448,17971
8448,5686
8448,9442
8448,16959
8448,23197
8448,10461
8448,16213
8448,21122
8448,217
8448,3304
8448,22105
8448,23193
8448,13238
8448,5945
8448,5005
8448,8514
8448,13043
8448,1240
8448,25256
8448,19600
8448,175
8448,24709
8448,24913
8448,23264
8448,12811
8448,2467
8448,5030
8448,2996
8448,2872
8448,9396
8448,16742
8448,13299
8448,16382
8448,6707
8448,8811
8448,9921
8448,5414
8448,21114
8448,3357
8448,7709
8448,12202
8448,12763
8448,6462
8448,21407
8448,1300
8448,5868
8448,20949
8448,5955
8448,14705
8448,12767
8448,25012
8448,15491
8448,5281
8448,9617
8448,287
8448,15734
8448,3492
8448,15825
8448,15428
8448,24848
8448,6721
8448,3321
8448,16287
8448,2050
8448,8883
8448,8941
8448,16422
8448,4549
8448,16017
8448,8592
8448,11125
8448,11049
8448,9024
8448,13293
8448,18440
8448,22317
8448,16306
8448,7960
8448,16947
8448,4951
8448,21286
8448,9745
8448,8364
8448,19196
8449,5484
8450,3217
8450,8864
8451,2858
8452,20570
8452,3293
8453,6763
8453,19300
8453,15413
8453,6128
8453,15835
8453,8525
8453,8698
8453,10273
8453,1058
8453,1044
8453,901
8453,20485
8453,4
8453,52
8453,20929
8453,16348
8453,15805
8453,6880
8453,5537
8453,15476
8454,21415
8454,217
8455,8221
8455,3304
8456,340
8456,1300
8456,8423
8456,9674
8456,9052
8457,24725
8458,6462
8458,19701
8458,9154
8458,18940
8458,16360
8459,12347
8460,21321
8461,16333
8461,16285
8462,5944
8462,13229
8463,12302
8464,3270
8465,3302
8465,21196
8466,12351
8466,8221
8467,8518
8468,121
8468,5561
8469,2857
8469,1300
8469,24786
8469,5036
8469,9030
8469,15654
8469,13214
8469,15175
8469,19936
8469,10217
8469,3010
8469,22278
8469,8944
8469,21716
8469,16151
8469,25099
8469,15380
8469,217
8469,3304
8469,4872
8469,24563
8469,24917
8469,19949
8469,5948
8469,5711
8469,3492
8469,8578
8469,13238
8469,5246
8469,15132
8469,12296
8469,4999
8469,16167
8469,11268
8469,367
8469,20376
8469,19710
8469,18451
8469,8283
8469,24003
8469,6454
8469,5856
8469,4540
8469,8839
8469,6940
8469,19246
8469,12886
8469,3874
8469,9855
8469,8002
8469,16197
8469,19152
8469,12683
8469,21397
8469,16907
8469,9192
8469,16746
8469,9154
8469,61
8469,18992
8469,2241
8470,287
8470,12582
8470,13238
8470,20919
8470,6696
8470,175
8470,16056
8470,4381
8470,12507
8471,5294
8471,19354
8471,1300
8471,19491
8471,10277
8471,12691
8471,19925
8471,15633
8471,21267
8471,9723
8471,3268
8471,15935
8471,20110
8471,16694
8471,20233
8471,12680
8471,20161
8471,5950
8471,21303
8471,8332
8471,3986
8471,12740
8471,3878
8471,3313
8471,8100
8471,17518
8471,12462
8471,1517
8471,703
8471,22465
8471,702
8471,12880
8471,63
8471,3690
8471,20765
8471,16174
8471,17076
8471,8596
8471,8155
8471,20486
8471,20629
8471,9058
8471,15985
8471,6744
8472,9051
8473,16333
8473,1020
8474,3886
8474,1300
8474,20105
8474,11055
8474,13238
8474,12382
8474,3550
8474,16151
8474,175
8474,20481
8474,3304
8474,217
8475,8927
8475,9005
8475,15837
8476,5569
8477,703
8477,8221
8478,20805
8478,12742
8478,8247
8479,5923
8480,5512
8480,8962
8481,24956
8482,13238
8482,13247
8483,4913
8483,5510
8483,8353
8483,21049
8483,5819
8483,3268
8483,9655
8483,3992
8483,3278
8484,6462
8484,1300
8484,5414
8484,8197
8484,13238
8484,19152
8484,217
8485,9208
8486,5569
8487,24608
8487,7987
8487,2794
8488,15925
8488,10335
8489,20929
8490,2862
8490,287
8490,1274
8491,15983
8492,703
8492,4677
8493,18978
8493,2631
8493,8726
8493,8343
8493,21118
8493,217
8494,6831
8495,12456
8495,6454
8496,6667
8496,13102
8496,3258
8496,12587
8496,16534
8496,13959
8497,24836
8497,20929
8498,703
8498,702
8499,20346
8500,8221
8500,3562
8501,210
8501,7019
8502,12325
8502,1300
8502,21183
8502,8287
8502,15799
8502,20966
8502,24849
8502,8665
8502,8866
8502,4519
8502,5551
8502,1888
8502,1854
8502,8257
8502,21275
8502,8971
8502,8891
8502,15374
8502,8268
8502,229
8502,16264
8502,9113
8502,8327
8502,9104
8502,23561
8502,8509
8502,12424
8503,6775
8504,21311
8505,24710
8506,8154
8506,24892
8506,20729
8506,25231
8506,9122
8507,8692
8508,12551
8509,8502
8510,21439
8510,10113
8510,8125
8510,6763
8510,8389
8510,12714
8510,9627
8511,5569
8512,5424
8513,1956
8514,10402
8514,8448
8514,16191
8514,5887
8514,9001
8514,21105
8514,2915
8514,24998
8514,25229
8514,16131
8515,25057
8515,5466
8515,3780
8515,3115
8515,1922
8515,6831
8515,4874
8515,5955
8515,18581
8515,6003
8515,16050
8515,9682
8515,16106
8515,5223
8515,3931
8515,13238
8515,8246
8515,16365
8515,19555
8515,17024
8515,20606
8515,2344
8515,16655
8515,13025
8515,175
8515,9484
8515,2467
8515,18440
8515,25127
8515,3504
8515,17647
8515,4979
8515,17082
8515,3550
8515,9075
8515,19778
8515,3625
8515,15911
8515,20936
8515,12202
8516,21415
8516,3278
8517,1291
8517,2687
8518,10402
8518,8675
8518,20966
8518,2593
8518,12909
8518,8679
8518,15407
8518,8467
8518,9096
8518,11242
8518,24923
8518,1968
8518,15844
8518,5475
8518,12778
8518,9122
8518,7303
8519,5401
8519,5589
8519,5611
8520,8220
8520,8120
8520,289
8521,6731
8521,3304
8522,3308
8523,5409
8524,25149
8524,12553
8525,24836
8525,24864
8525,15476
8525,20929
8525,8453
8526,9331
8527,17823
8528,9062
8528,175
8528,3258
8528,3304
8528,13238
8528,6454
8529,703
8529,1274
8530,2915
8530,8260
8530,6763
8530,4911
8530,3492
8530,4479
8530,8967
8531,6462
8531,175
8532,24627
8533,12531
8533,222
8534,24962
8534,12572
8535,15983
8535,8401
8536,12888
8536,5618
8537,8230
8538,9128
8539,21017
8540,5604
8540,18117
8540,13047
8540,15995
8541,23595
8542,3330
8543,8379
8544,8673
8544,8718
8545,703
8545,210
8545,17723
8545,175
8546,17573
8547,19384
8547,6940
8547,16904
8547,175
8547,8002
8547,217
8547,3214
8547,787
8547,3492
8547,3258
8547,19152
8547,13238
8547,13077
8547,5414
8547,3357
8547,25344
8547,8549
8548,16336
8548,15786
8549,8547
8550,8221
8551,6747
8551,6844
8551,21147
8552,6763
8552,13075
8552,3301
8552,16371
8552,6696
8552,4984
8552,21021
8552,4729
8552,8868
8552,21818
8552,15976
8552,7019
8552,18779
8552,16241
8552,8917
8552,20265
8552,21598
8552,3492
8552,3258
8552,22395
8552,12803
8552,16230
8552,4149
8552,21134
8552,15806
8552,5186
8552,12990
8552,94
8552,8959
8552,8204
8552,17257
8552,3537
8552,8743
8552,21351
8552,21487
8552,6811
8552,8153
8552,13094
8552,12976
8552,18133
8552,22469
8552,25004
8552,16117
8552,12750
8552,5403
8552,19557
8552,355
8552,16728
8552,14612
8552,7403
8552,16434
8552,9072
8552,12989
8552,16159
8552,9479
8552,14760
8552,21451
8552,19910
8553,15624
8553,8221
8554,21449
8554,8839
8554,16354
8554,6940
8554,12520
8554,24721
8554,24706
8554,175
8554,17314
8554,8002
8554,19345
8554,217
8554,3214
8554,19152
8554,13238
8554,18289
8554,16817
8554,18006
8554,5414
8554,6771
8555,19823
8555,8929
8555,175
8556,1242
8557,21917
8558,8403
8558,3278
8559,3357
8560,3321
8560,13238
8560,4906
8560,8438
8561,15457
8561,1300
8561,1240
8561,175
8561,8002
8561,3304
8561,20563
8561,12844
8561,287
8561,3492
8561,3258
8561,19152
8561,15961
8561,13238
8561,3550
8561,3321
8561,5414
8561,3357
8562,24786
8562,9144
8563,5401
8563,5281
8563,21286
8563,16947
8564,2915
8564,21415
8564,21483
8564,3278
8564,4324
8565,3321
8565,15804
8566,6462
8566,3696
8566,175
8566,20111
8566,5241
8566,3304
8566,6238
8567,5790
8567,5044
8568,703
8568,702
8568,3216
8569,8343
8569,19489
8570,14762
8570,8221
8570,13238
8571,20867
8571,5969
8571,8745
8571,15673
8572,8435
8572,3247
8573,12616
8574,5618
8575,5762
8575,8836
8575,3593
8575,17419
8575,8274
8575,19689
8575,3550
8575,19552
8575,25112
8575,21914
8575,5101
8575,175
8575,11776
8575,24970
8575,19096
8576,6462
8576,175
8576,3357
8576,5714
8577,1274
8577,4446
8577,4658
8578,6321
8578,8469
8578,3258
8578,3357
8578,19152
8579,3321
8579,8882
8580,5484
8581,217
8581,20486
8581,370
8581,2855
8582,5409
8583,287
8583,20640
8583,19152
8583,13238
8583,3550
8583,3321
8583,17443
8583,5414
8583,217
8583,3304
8583,20563
8584,15831
8584,8221
8585,5650
8585,16371
8585,4729
8585,17653
8585,10152
8585,13265
8585,12401
8585,16241
8585,5247
8585,8895
8585,20518
8585,22531
8585,22395
8585,21173
8585,16864
8585,8650
8585,15709
8585,11338
8585,12442
8585,15446
8585,8153
8585,379
8585,22469
8585,15977
8585,16728
8585,7403
8585,14612
8585,3289
8585,13074
8585,16434
8585,3426
8585,16159
8585,21451
8585,15527
8585,20842
8586,3809
8586,19985
8586,8401
8586,5392
8586,21247
8586,5252
8586,21184
8587,6462
8587,1300
8587,6940
8587,5714
8587,12709
8587,16151
8587,13286
8587,175
8587,8002
8587,217
8587,3214
8587,287
8587,3492
8587,13238
8587,19152
8587,4638
8587,21434
8587,3357
8588,8718
8588,6611
8589,2857
8589,703
8590,12601
8590,8929
8590,3258
8590,24
8590,21023
8590,3304
8591,5401
8591,1274
8592,8448
8592,21701
8592,8130
8592,4523
8592,5130
8592,4992
8592,10071
8592,4876
8592,3213
8592,24630
8592,9934
8592,5781
8592,5168
8592,13238
8592,25067
8592,5604
8592,21284
8593,2849
8593,5204
8593,12696
8594,12969
8595,12390
8595,8343
8595,10314
8595,20486
8596,3217
8596,8471
8596,7914
8597,287
8597,1902
8597,9484
8597,12794
8598,3314
8599,1268
8599,3270
8600,5569
8601,12531
8601,12884
8602,21220
8602,6850
8603,703
8603,702
8603,3357
8604,21128
8605,12780
8606,5519
8607,6664
8608,6321
8608,175
8608,8002
8608,6940
8608,6454
8609,2915
8609,6462
8609,175
8609,217
8609,13238
8609,20563
8610,9800
8610,17124
8610,18924
8611,6722
8612,5409
8613,8343
8614,703
8614,8221
8614,12391
8615,8752
8615,5495
8615,8709
8616,1300
8616,1863
8616,8901
8616,16679
8616,3268
8616,9449
8616,18467
8616,124
8616,7761
8616,20371
8616,21419
8616,8343
8616,21136
8616,20486
8616,9302
8616,8403
8616,4574
8616,21232
8616,8733
8616,25252
8616,19489
8617,8401
8617,8213
8617,17739
8618,5409
8619,5409
8620,12780
8621,5589
8622,10620
8623,6872
8623,6940
8623,3214
8624,3268
8624,5569
8625,8435
8625,6668
8626,12969
8626,8247
8627,6852
8628,703
8628,702
8628,3321
8629,2857
8629,4590
8630,23790
8630,1300
8630,5058
8630,7858
8630,24925
8630,20486
8630,19966
8630,3217
8630,18614
8630,217
8630,20025
8631,3268
8631,5569
8632,21927
8632,5015
8632,16692
8632,17590
8632,19047
8632,217
8632,5529
8632,5430
8632,8332
8632,24937
8633,703
8633,702
8633,8221
8634,703
8634,9064
8635,3217
8635,24920
8636,18571
8637,3217
8637,3278
8637,2579
8638,15624
8638,6731
8639,8882
8639,12471
8639,24638
8639,5379
8639,9095
8639,25255
8639,12372
8639,20588
8639,165
8640,10351
8640,6731
8641,6731
8641,6854
8642,12623
8642,4750
8642,3278
8643,13238
8643,2120
8643,3550
8643,2604
8643,16151
8643,21683
8643,19972
8643,175
8643,3357
8643,3304
8643,217
8644,10113
8644,5409
8645,21373
8645,1867
8646,703
8646,6806
8647,287
8648,15855
8648,8882
8649,25075
8649,1300
8649,3492
8649,217
8649,3357
8650,9117
8650,8585
8651,8221
8652,2857
8652,8221
8653,3217
8653,1300
8654,3213
8655,6703
8655,6850
8655,19848
8656,3345
8656,9154
8657,13229
8658,6462
8658,6763
8658,12543
8658,3244
8658,16151
8658,12957
8658,217
8658,3304
8658,19030
8658,287
8658,1274
8658,3492
8658,3258
8658,4610
8658,5512
8658,17401
8658,13238
8658,4638
8658,11080
8658,6454
8658,15526
8658,894
8658,15458
8658,6940
8658,13157
8658,4195
8658,7004
8658,702
8658,175
8658,8002
8658,15965
8658,3214
8658,13248
8658,6540
8658,11260
8658,19152
8658,7133
8658,5414
8658,3357
8658,294
8659,16330
8659,13229
8660,8221
8660,3550
8661,12804
8661,20747
8662,6763
8662,6822
8663,12969
8664,5569
8665,20556
8665,8767
8665,15666
8665,8502
8666,21386
8666,217
8667,15704
8668,24836
8668,24864
8669,22352
8669,5512
8669,2970
8669,5714
8670,5790
8670,24873
8671,9147
8671,16179
8672,1268
8673,22610
8673,9621
8673,20590
8673,9429
8673,5254
8673,346
8673,5484
8673,16194
8673,21876
8673,20337
8673,18241
8673,3764
8673,13173
8673,5316
8673,12714
8673,8544
8673,9985
8673,5512
8673,17783
8673,3436
8673,8854
8673,20175
8673,3789
8673,16557
8673,20360
8674,12307
8675,22336
8675,19997
8675,43
8675,703
8675,1377
8675,16151
8675,2612
8675,3304
8675,217
8675,10006
8675,12780
8675,20944
8675,8518
8675,2498
8675,9932
8675,5460
8675,3258
8675,13238
8675,5512
8675,3550
8675,2915
8675,113
8675,2604
8675,24152
8675,210
8675,5299
8675,1258
8676,2428
8676,304
8677,8944
8677,3357
8677,8357
8678,12671
8678,1300
8678,175
8678,13238
8678,3216
8678,20564
8679,8518
8680,16161
8681,1274
8681,3357
8681,13217
8682,13174
8682,25041
8682,3357
8682,5512
8683,13195
8684,6462
8684,13238
8684,6940
8684,19152
8684,2915
8684,5414
8684,217
8684,3304
8684,3214
8685,5569
8685,8776
8686,7916
8686,8886
8686,13836
8686,19197
8686,9122
8687,6462
8687,3357
8687,6454
8687,3550
8688,9212
8688,1300
8688,20677
8688,175
8688,3357
8689,12387
8689,3353
8690,8898
8690,5401
8690,175
8690,6940
8690,3214
8691,9187
8691,175
8692,10502
8692,8507
8692,2859
8692,16344
8692,16055
8692,4910
8692,25002
8693,16100
8693,6884
8693,1854
8694,3262
8695,20805
8695,24725
8696,8857
8697,1300
8697,15983
8697,21335
8697,5562
8697,8929
8697,18739
8697,3321
8697,5595
8697,19154
8697,5555
8697,4586
8698,22532
8698,8377
8698,16249
8698,21976
8698,5512
8698,8453
8698,3434
8698,8935
8698,3875
8698,16507
8698,21089
8698,9039
8698,12525
8698,18464
8699,2857
8700,6462
8701,5409
8702,2119
8702,6851
8703,3302
8704,703
8704,6731
8705,8709
8706,9122
8706,18880
8706,12988
8706,5476
8706,17310
8706,8390
8706,364
8707,12645
8708,12638
8709,18794
8709,2555
8709,6763
8709,5213
8709,5530
8709,7428
8709,15135
8709,1355
8709,9098
8709,25279
8709,10308
8709,21130
8709,16158
8709,20249
8709,8931
8709,5828
8709,13736
8709,19595
8709,3258
8709,13238
8709,13698
8709,17128
8709,5939
8709,6454
8709,4957
8709,3631
8709,1240
8709,8051
8709,6940
8709,4954
8709,25285
8709,22467
8709,11593
8709,22424
8709,16200
8709,18924
8709,17545
8709,21327
8709,21093
8709,12724
8709,2690
8709,4045
8709,7407
8709,3357
8709,142
8709,6462
8709,15401
8709,4091
8709,8735
8709,20883
8709,18055
8709,19892
8709,16499
8709,4221
8709,19113
8709,3492
8709,20822
8709,17753
8709,21164
8709,17656
8709,21723
8709,15200
8709,7096
8709,16903
8709,21761
8709,10827
8709,9014
8709,18618
8709,14994
8709,703
8709,1029
8709,8705
8709,19915
8709,7875
8709,3670
8709,3776
8709,13261
8709,10837
8709,25319
8709,24859
8709,10549
8709,16475
8709,21476
8709,3304
8709,217
8709,13022
8709,18529
8709,20846
8709,6519
8709,18333
8709,3714
8709,2422
8709,18905
8709,9462
8709,15813
8709,20617
8709,5841
8709,20217
8709,10018
8709,11434
8709,6807
8709,5427
8709,22621
8709,175
8709,4576
8709,18580
8709,22337
8709,19152
8709,8146
8709,9116
8709,5414
8709,5858
8709,15408
8709,22052
8709,17213
8709,5297
8709,18733
8709,9394
8709,20615
8709,17030
8709,19694
8709,20754
8709,16910
8709,21802
8709,11586
8709,12700
8709,17172
8709,16151
8709,25271
8709,2388
8709,10768
8709,24719
8709,18080
8709,13068
8709,20602
8709,287
8709,15972
8709,4144
8709,11802
8709,8615
8709,16719
8709,10254
8709,14626
8709,7388
8709,4613
8709,14466
8709,3205
8709,14173
8709,19425
8709,3214
8709,15883
8709,3720
8709,16027
8709,12550
8709,19709
8709,16121
8709,18471
8709,3550
8709,19792
8709,3259
8709,8762
8709,20203
8709,18956
8709,16882
8709,14935
8709,14157
8709,13859
8710,17137
8710,13122
8710,12531
8710,13250
8710,21195
8710,8947
8711,25075
8711,16375
8712,8343
8712,21128
8712,8849
8713,6877
8714,5618
8714,24725
8715,2587
8716,2687
8717,6664
8718,19635
8718,22610
8718,9604
8718,8878
8718,7288
8718,12565
8718,23381
8718,18604
8718,17135
8718,3037
8718,9155
8718,9714
8718,17474
8718,8544
8718,15302
8718,1274
8718,9128
8718,16128
8718,21280
8718,9466
8718,9283
8718,8588
8718,5987
8718,5331
8718,17118
8718,6454
8718,5889
8718,3310
8718,2508
8718,12592
8718,12547
8718,16497
8718,20668
8718,20537
8718,16377
8718,15881
8718,21278
8718,5535
8718,15535
8718,19609
8718,9221
8718,8809
8718,16227
8718,20175
8718,20742
8718,20683
8718,5159
8718,8263
8718,8881
8719,703
8719,2857
8719,8221
8720,8220
8720,6703
8720,8160
8721,20877
8721,1300
8721,3862
8721,3357
8721,17118
8721,6611
8722,12979
8723,20548
8723,1300
8723,3258
8723,19152
8723,6940
8723,2915
8723,703
8723,217
8723,3357
8723,6454
8724,24991
8725,22464
8725,12579
8725,22093
8726,8493
8727,6779
8727,24725
8728,3314
8728,1268
8729,3328
8730,6731
8730,3304
8731,175
8732,8221
8733,11
8733,9720
8733,15673
8733,18508
8733,25259
8733,18745
8733,16679
8733,4046
8733,3268
8733,18966
8733,18636
8733,3623
8733,17261
8733,3983
8733,21354
8733,9141
8733,5204
8733,5846
8733,20320
8733,5538
8733,3217
8733,19123
8733,4060
8733,17057
8733,3981
8733,25034
8733,3986
8733,7870
8733,20656
8733,8616
8733,9592
8733,8100
8733,9069
8733,20059
8733,17518
8733,20986
8733,15851
8733,3264
8733,25273
8733,20565
8733,8335
8733,8902
8733,15583
8733,5384
8733,1959
8733,16021
8733,3550
8733,5869
8733,18815
8733,17355
8733,20971
8733,4935
8733,1376
8733,3357
8733,19071
8733,20790
8733,21318
8734,6831
8735,8709
8736,8882
8736,13238
8737,9122
8738,16151
8738,175
8738,287
8738,5414
8738,13238
8738,217
8738,23353
8738,3304
8738,3550
8739,9117
8739,5487
8740,17643
8741,21220
8742,18470
8742,5757
8742,19509
8742,287
8742,13238
8742,175
8742,350
8742,9074
8742,3304
8742,5465
8742,217
8742,8824
8742,3987
8743,8552
8743,9117
8744,6831
8745,18697
8745,12419
8745,4116
8745,20867
8745,6857
8745,21068
8745,20803
8745,4228
8745,20122
8745,24659
8745,136
8745,13119
8745,22169
8745,21415
8745,17910
8745,217
8745,12731
8745,4753
8745,16908
8745,18906
8745,18496
8745,20486
8745,19995
8745,387
8745,8571
8745,2113
8745,9056
8745,10620
8746,6803
8746,8263
8747,21066
8747,12773
8748,9120
8748,5611
8748,13047
8748,18805
8748,2820
8748,16017
8749,5916
8750,8343
8751,6831
8751,3304
8752,20660
8752,19887
8752,17420
8752,3897
8752,5177
8752,10803
8752,6747
8752,4955
8752,5484
8752,4993
8752,4221
8752,18580
8752,8931
8752,11568
8752,18660
8752,18759
8752,16502
8752,8615
8752,23180
8752,326
8752,16006
8752,9031
8752,18540
8752,3761
8752,3800
8752,10383
8753,17416
8753,217
8753,12696
8754,3321
8754,8221
8755,5463
8756,3217
8757,20546
8757,9844
8757,7547
8757,12305
8757,1755
8758,3321
8759,8929
8759,13031
8759,20613
8760,5386
8761,5389
8761,1274
8761,19616
8761,2874
8761,16033
8762,5484
8762,8709
8763,5409
8764,6462
8764,287
8764,15704
8764,113
8764,25153
8764,12957
8764,12137
8764,175
8764,5540
8764,23601
8764,8221
8764,217
8764,3304
8764,10006
8765,24853
8765,21421
8765,5480
8765,1300
8765,25191
8765,6696
8765,217
8765,15909
8765,21032
8765,5844
8765,8356
8765,15448
8765,8963
8765,24985
8765,8987
8765,12990
8765,4520
8765,137
8765,16765
8765,5483
8765,15996
8765,8201
8765,20210
8765,8315
8765,19762
8765,24646
8765,11515
8765,7891
8765,5523
8765,5936
8765,3357
8765,17083
8766,13238
8766,3210
8767,8665
8767,1888
8768,18470
8768,1300
8768,9670
8768,18473
8768,25205
8768,17509
8768,20562
8768,217
8768,12665
8768,19488
8768,12400
8768,24765
8768,4905
8768,24846
8768,1274
8768,20595
8768,5077
8768,13238
8768,16496
8768,12908
8768,15435
8768,5346
8768,8209
8768,4969
8768,12317
8768,12932
8768,21403
8768,17520
8768,16666
8768,3550
8768,5400
8768,25116
8768,23921
8768,12814
8768,16152
8768,3357
8768,3987
8769,13250
8769,20745
8770,8343
8771,15858
8772,8296
8772,22100
8772,7849
8772,8401
8772,22419
8772,7450
8773,7912
8773,6940
8774,1300
8774,5512
8775,3067
8775,20486
8776,8685
8776,5569
8776,12769
8777,7912
8777,3550
8778,702
8778,8122
8779,8929
8779,3258
8780,5345
8780,6847
8780,16915
8781,5401
8781,217
8781,3357
8781,6454
8782,12663
8782,3349
8782,8961
8782,15413
8782,6454
8782,8962
8783,8343
8784,703
8785,1300
8785,1240
8785,21034
8785,3357
8785,13238
8786,13195
8787,2120
8788,8221
8789,21220
8789,5790
8789,5187
8789,18754
8789,3327
8789,21274
8789,12370
8789,14223
8789,20972
8789,21149
8789,285
8789,5044
8789,283
8789,24704
8789,4626
8789,8169
8789,13024
8789,11022
8789,3960
8790,12341
8790,4571
8791,2855
8791,7914
8792,25283
8792,5589
8792,745
8792,8827
8792,8929
8792,9908
8792,3256
8792,20039
8792,3350
8793,8882
8793,8221
8794,12969
8794,8247
8794,20961
8795,8882
8795,8221
8796,20337
8796,8867
8797,8221
8797,16219
8797,20165
8798,4750
8799,15788
8799,24725
8800,15498
8801,12780
8802,703
8802,8221
8802,22218
8803,16051
8804,6831
8804,3304
8805,1300
8805,3492
8805,251
8805,13238
8805,6243
8805,22268
8805,175
8805,20687
8805,24695
8805,14013
8805,24633
8805,217
8805,20756
8805,6454
8806,12519
8806,175
8806,3357
8806,15389
8806,12486
8807,13077
8807,3258
8807,8099
8808,1258
8809,3357
8809,8718
8809,5316
8809,14126
8810,12736
8811,703
8811,8448
8812,6831
8812,8221
8813,1760
8814,21146
8814,6850
8814,12884
8815,5128
8816,19277
8816,15703
8817,175
8817,15789
8817,1274
8817,3258
8818,3492
8818,5512
8818,19208
8818,15413
8818,23702
8818,13263
8818,11444
8818,7891
8818,18156
8819,3293
8819,1300
8820,20805
8820,8309
8821,17644
8821,6806
8821,13238
8822,6269
8822,15601
8822,6831
8823,1268
8824,8742
8824,20647
8824,13202
8824,12611
8824,13238
8824,10252
8825,175
8825,12927
8826,3217
8826,9725
8826,20579
8826,12691
8826,5435
8827,8792
8828,4590
8828,21056
8829,8343
8829,20486
8830,3293
8831,19285
8832,9122
8833,4988
8834,175
8834,3321
8834,16900
8834,7663
8834,11680
8834,13238
8835,12969
8835,20962
8836,16096
8836,8575
8837,6895
8838,703
8839,3492
8839,6940
8839,2531
8839,2915
8839,175
8839,8469
8839,8554
8839,4747
8839,217
8839,3357
8839,3214
8839,24917
8840,175
8840,3304
8840,5512
8841,6822
8841,19285
8842,6245
8843,8343
8843,20486
8844,5604
8845,8929
8845,3492
8845,6940
8845,217
8845,12683
8845,3357
8846,175
8846,1274
8847,21415
8847,1274
8848,3301
8848,3216
8849,8712
8849,21128
8849,2855
8850,20486
8850,2855
8851,8343
8851,20486
8852,6462
8852,12799
8852,6940
8852,12683
8852,3550
8852,4638
8852,175
8852,5414
8852,8002
8852,3357
8852,217
8853,4005
8854,8673
8854,8867
8855,8221
8855,3304
8856,8221
8857,21220
8857,5226
8857,20529
8857,8907
8857,13250
8857,6850
8857,8696
8857,2395
8857,12284
8857,20745
8857,25316
8857,15773
8858,5564
8858,21315
8858,9404
8859,5395
8860,1300
8860,175
8860,287
8860,3492
8860,217
8860,13238
8861,8867
8862,6698
8863,1268
8863,8221
8864,8450
8864,18919
8865,20677
8865,20751
8866,8502
8867,1300
8867,10075
8867,8861
8867,18936
8867,21338
8867,18790
8867,19241
8867,23381
8867,13237
8867,21416
8867,6014
8867,22358
8867,18766
8867,70
8867,19459
8867,5891
8867,8854
8867,13426
8867,18138
8867,5202
8867,8401
8867,12796
8867,5987
8867,6454
8867,9621
8867,5543
8867,24947
8867,8796
8867,12963
8867,5422
8867,18946
8867,16194
8867,17953
8867,13626
8867,15484
8867,21278
8867,13082
8867,25077
8867,4990
8867,24694
8867,3550
8867,12816
8867,16046
8867,20742
8867,139
8867,5159
8867,7165
8867,18037
8868,8552
8868,9117
8869,3256
8869,25144
8870,9122
8871,8438
8872,6462
8872,8929
8872,21432
8872,6940
8872,3214
8873,18694
8873,175
8874,18910
8874,17360
8874,9663
8875,8403
8875,20486
8876,12733
8877,17368
8878,9071
8878,15872
8878,17643
8878,1631
8878,8718
8878,10250
8879,6748
8880,22366
8880,3492
8880,13238
8880,155
8881,8718
8882,20601
8882,12900
8882,15447
8882,13234
8882,8736
8882,12957
8882,12356
8882,19332
8882,3304
8882,15550
8882,2805
8882,5339
8882,15838
8882,328
8882,3181
8882,3258
8882,13238
8882,5485
8882,2517
8882,4324
8882,25059
8882,21027
8882,13116
8882,2965
8882,20459
8882,150
8882,1240
8882,16954
8882,17211
8882,175
8882,8648
8882,8002
8882,24607
8882,8957
8882,24885
8882,11297
8882,20387
8882,1322
8882,2301
8882,22433
8882,12575
8882,8273
8882,17317
8882,5414
8882,8443
8882,3357
8882,8224
8882,24775
8882,6462
8882,1300
8882,21353
8882,12681
8882,13129
8882,13271
8882,8021
8882,9218
8882,6696
8882,16151
8882,8392
8882,8795
8882,8579
8882,9190
8882,287
8882,18163
8882,3492
8882,15487
8882,1353
8882,8793
8882,15895
8882,15748
8882,14119
8882,9100
8882,15541
8882,8639
8882,25040
8882,24767
8882,6540
8882,21174
8882,12330
8882,3550
8882,2915
8882,12438
8882,5528
8882,19468
8882,5997
8882,5919
8882,21084
8882,8088
8883,8448
8883,8438
8884,703
8884,6731
8885,21310
8885,8969
8886,8686
8887,20805
8887,8309
8888,2687
8888,3301
8889,4866
8889,8242
8889,5205
8889,5277
8890,15736
8891,20556
8891,8502
8892,3216
8893,3357
8894,25075
8894,21031
8894,13102
8894,175
8894,14180
8894,3357
8894,11202
8895,9117
8895,8585
8896,8134
8896,5401
8896,6763
8896,4695
8897,5382
8897,3550
8898,6462
8898,1300
8898,8042
8898,18336
8898,5285
8898,1842
8898,6940
8898,17802
8898,8690
8898,175
8898,24766
8898,8002
8898,217
8898,3214
8898,4872
8898,16340
8898,15989
8898,15031
8898,3492
8898,19152
8898,13238
8898,24932
8898,3550
8898,3807
8898,21628
8898,5588
8899,175
8899,24868
8900,9064
8901,5058
8901,8616
8902,21415
8902,8733
8903,175
8903,3321
8903,3357
8904,5401
8904,175
8905,3217
8905,2579
8906,20765
8906,18560
8906,3278
8907,8857
8908,23394
8909,703
8909,702
8909,3216
8910,5569
8911,8343
8911,21128
8912,703
8912,702
8912,1240
8913,6462
8913,13238
8913,6940
8913,19152
8913,175
8913,8002
8913,3357
8913,217
8914,5589
8915,8401
8915,21216
8916,4895
8916,2119
8916,9331
8917,8552
8917,5487
8918,8343
8918,260
8919,12667
8919,20954
8919,24997
8919,703
8919,16151
8919,16435
8919,8269
8919,217
8919,20563
8919,12872
8919,287
8919,3492
8919,8005
8919,20848
8919,3321
8919,5414
8919,6454
8919,20748
8919,12395
8920,8221
8921,21106
8921,21104
8921,20486
8921,4048
8922,3216
8923,3258
8924,5618
8925,20961
8926,9183
8926,6806
8926,13238
8927,25320
8927,3321
8927,8475
8927,15837
8927,8438
8928,7891
8928,1270
8929,18948
8929,25351
8929,7825
8929,5670
8929,15517
8929,20707
8929,14284
8929,15920
8929,3750
8929,21460
8929,20736
8929,9080
8929,11496
8929,19720
8929,3713
8929,21008
8929,20981
8929,16874
8929,8555
8929,5635
8929,12846
8929,2517
8929,14348
8929,8380
8929,12133
8929,10872
8929,20639
8929,5961
8929,21196
8929,12925
8929,2719
8929,8262
8929,3325
8929,9120
8929,3574
8929,15367
8929,20743
8929,7218
8929,21291
8929,2981
8929,20496
8929,5509
8929,15421
8929,10217
8929,5135
8929,4989
8929,15649
8929,16696
8929,18696
8929,2743
8929,3818
8929,5892
8929,24881
8929,24906
8929,3492
8929,16829
8929,10335
8929,4330
8929,19060
8929,5092
8929,21434
8929,24233
8929,5442
8929,9747
8929,5232
8929,20858
8929,6005
8929,8290
8929,21414
8929,20705
8929,12293
8929,18859
8929,20919
8929,8792
8929,20580
8929,15916
8929,5600
8929,7802
8929,20829
8929,8391
8929,9987
8929,12905
8929,7722
8929,21075
8929,5633
8929,18415
8929,12745
8929,1143
8929,12602
8929,8237
8929,217
8929,13159
8929,3304
8929,5984
8929,25274
8929,20788
8929,18796
8929,24916
8929,4324
8929,16190
8929,2591
8929,24829
8929,20501
8929,19785
8929,25269
8929,18538
8929,6856
8929,175
8929,10801
8929,8002
8929,23595
8929,8697
8929,20074
8929,17203
8929,5365
8929,20941
8929,20913
8929,20539
8929,21264
8929,10162
8929,17645
8929,16151
8929,12358
8929,23149
8929,8590
8929,287
8929,8117
8929,5512
8929,5373
8929,13252
8929,17808
8929,20757
8929,25193
8929,20770
8929,11600
8929,14774
8929,16225
8929,15651
8929,20648
8929,12534
8929,14589
8929,166
8929,16207
8929,5536
8929,20855
8929,15472
8929,21786
8929,16161
8929,3331
8929,13004
8929,9037
8929,21971
8929,2610
8929,5019
8929,9138
8929,3884
8929,8759
8929,21070
8929,18581
8929,16452
8929,20761
8929,15686
8929,6238
8929,13227
8929,17528
8929,9103
8929,13238
8929,3292
8929,13647
8929,6006
8929,5259
8929,5176
8929,15831
8929,20528
8929,19306
8929,6454
8929,5696
8929,22203
8929,12571
8929,1240
8929,9081
8929,6940
8929,15473
8929,16364
8929,20502
8929,5676
8929,7499
8929,12288
8929,7133
8929,5375
8929,8443
8929,3357
8929,3019
8929,10126
8929,21310
8929,6462
8929,7970
8929,21035
8929,21001
8929,8845
8929,3815
8929,24356
8929,6809
8929,5221
8929,21949
8929,13009
8929,10374
8929,6433
8929,14560
8929,8872
8929,8779
8929,2858
8929,21222
8929,16132
8929,12709
8929,2950
8929,21176
8929,16784
8929,12886
8929,5715
8929,8196
8929,21115
8929,12509
8929,14285
8929,6540
8929,20870
8929,20124
8929,12872
8929,9062
8929,24680
8929,2604
8929,13046
8929,20329
8929,19804
8929,19469
8929,5129
8929,20759
8929,20493
8929,13263
8929,12513
8929,9148
8929,3032
8929,16251
8929,16435
8929,20895
8929,8930
8929,9332
8929,21071
8929,352
8929,20784
8929,2498
8929,15652
8929,16296
8929,20712
8929,16314
8929,12388
8929,23661
8929,13198
8929,24803
8929,9149
8929,4916
8929,5972
8929,10815
8929,9041
8929,19152
8929,24725
8929,22526
8929,5414
8929,12475
8929,3263
8929,4522
8929,21143
8929,1300
8929,8408
8929,24593
8929,17831
8929,4511
8929,16635
8929,17802
8929,20730
8929,24807
8929,9888
8929,4154
8929,24994
8929,15804
8929,13098
8929,3321
8929,19318
8929,9564
8929,16169
8929,15516
8929,14389
8929,9087
8929,12363
8929,19796
8929,16672
8929,16318
8929,20400
8929,5317
8929,4121
8929,23169
8929,15924
8929,24329
8929,383
8929,18871
8929,21107
8929,19807
8929,5452
8929,14762
8930,8929
8930,3991
8930,3258
8930,5826
8930,17504
8930,20825
8931,8752
8931,8709
8932,17142
8933,12307
8934,2120
8935,8698
8936,8955
8937,3724
8937,260
8938,9064
8939,15444
8939,5777
8939,7979
8939,143
8939,24757
8939,20487
8939,12853
8939,10322
8939,9165
8939,10811
8939,5099
8939,17900
8939,3274
8939,5076
8939,3321
8939,13130
8939,5313
8939,18949
8939,3806
8939,6454
8939,16498
8939,10247
8939,19806
8939,2539
8939,5321
8939,5195
8939,4013
8939,20553
8939,8247
8939,21405
8939,20340
8939,9201
8940,1300
8940,3321
8940,3492
8940,3258
8941,8448
8941,8438
8942,3268
8942,5569
8943,5463
8943,2530
8944,6462
8944,8331
8944,17039
8944,287
8944,1042
8944,14304
8944,6940
8944,21129
8944,8469
8944,5414
8944,3357
8944,3214
8944,8677
8944,24866
8945,20877
8946,24786
8946,12990
8947,8710
8948,9122
8949,3217
8949,20486
8950,192
8951,5463
8951,21131
8952,13988
8953,12601
8953,24
8953,3258
8954,18460
8954,15874
8954,6775
8954,19290
8954,5512
8954,17463
8955,1300
8955,175
8955,8936
8955,5414
8955,6454
8955,20563
8956,5618
8957,8882
8958,15558
8958,3216
8959,8552
8960,5618
8960,7901
8961,15803
8961,8782
8961,8967
8961,6413
8962,8480
8962,16378
8962,9156
8962,8967
8962,6413
8962,9542
8962,5527
8962,15803
8962,8782
8963,8765
8964,5569
8965,9373
8966,24811
8967,6462
8967,6763
8967,1240
8967,8962
8967,15413
8967,3562
8967,5401
8967,175
8967,8002
8967,3304
8967,217
8967,3214
8967,6540
8967,2498
8967,1274
8967,3492
8967,3258
8967,8530
8967,19152
8967,6784
8967,13238
8967,5385
8967,2517
8967,4324
8967,4638
8967,7474
8967,3321
8967,8961
8967,6454
8968,3321
8969,21135
8969,1300
8969,8106
8969,12374
8969,21712
8969,21165
8969,13181
8969,15669
8969,2163
8969,5401
8969,8885
8969,21459
8969,19893
8969,6876
8969,3304
8969,15832
8969,20891
8969,20892
8969,22251
8969,12798
8969,21059
8969,12720
8969,20820
8969,21430
8969,8398
8969,3357
8969,6692
8969,8218
8969,8235
8970,15786
8971,8502
8972,1902
8972,8221
8973,17218
8973,25075
8973,13238
8974,2840
8975,4590
8976,6462
8976,1300
8976,175
8976,15490
8976,4518
8976,3304
8976,13238
8977,12390
8977,21128
8978,11586
8978,6664
8978,5484
8978,10254
8978,9014
8979,138
8979,3314
8979,12875
8980,4750
8980,217
8981,24939
8982,5569
8983,6822
8983,5252
8984,5312
8984,2579
8985,12884
8986,25003
8987,8765
8988,8343
8988,20486
8989,367
8989,6909
8989,8002
8989,19152
8989,217
8990,3293
8990,21914
8991,14106
8991,5562
8991,22318
8991,703
8991,5684
8991,22406
8991,702
8991,5688
8991,9025
8991,15802
8991,8322
8991,20511
8992,6013
8992,175
8992,13238
8993,6462
8993,24793
8993,287
8993,17647
8993,1274
8993,13238
8993,5243
8993,2296
8993,9921
8994,703
8994,702
8994,19102
8994,3357
8994,9052
8995,12969
8995,5618
8995,8247
8996,16055
8997,5823
8997,3357
8997,3308
8997,3550
8998,24790
8998,8343
8998,24920
8998,24874
8998,20520
8998,9884
8998,7941
8998,217
8998,12952
8998,16302
8998,12381
8999,8343
8999,16286
9000,1300
9001,8514
9001,12297
9001,13238
9001,9122
9002,1240
9002,8191
9003,5138
9003,4941
9003,5037
9003,8057
9004,175
9004,1302
9004,5512
9004,12323
9005,8475
9005,3321
9005,15837
9005,3607
9005,9088
9005,20415
9006,12390
9006,8343
9006,20486
9007,15498
9008,9133
9008,9212
9009,175
9009,287
9009,20651
9009,6662
9010,5832
9010,19752
9010,3323
9010,14284
9010,25233
9010,22112
9010,16151
9010,3304
9010,217
9010,287
9010,5711
9010,3492
9010,13238
9010,113
9010,3345
9010,5834
9010,22260
9010,6940
9010,15037
9010,16035
9010,16132
9010,175
9010,8196
9010,8002
9010,3214
9010,3328
9010,21889
9010,19152
9010,19532
9010,8313
9010,10613
9010,3550
9010,5414
9010,4620
9010,3357
9010,19885
9011,1300
9011,3258
9012,5090
9013,12540
9014,8978
9014,8709
9015,703
9015,2857
9016,3217
9016,8343
9016,20486
9017,20504
9018,13229
9019,5679
9020,5401
9020,287
9021,8343
9021,20486
9022,4691
9022,5139
9022,9993
9022,14843
9022,9122
9022,19867
9023,15946
9024,8448
9024,1902
9025,8991
9026,12390
9026,1300
9027,12341
9027,13285
9027,5603
9028,8423
9028,8221
9029,10162
9029,6940
9029,17915
9029,16151
9029,175
9029,8002
9029,3304
9029,3214
9029,19152
9029,13238
9029,17143
9029,3550
9029,3603
9029,5411
9029,3357
9029,21446
9030,8469
9030,6909
9031,19887
9031,8752
9032,8408
9032,20731
9032,7324
9032,15037
9032,16151
9032,175
9032,217
9032,3214
9032,10087
9032,19342
9032,3492
9032,19152
9032,13238
9032,22495
9032,5414
9032,3357
9032,12990
9032,6454
9032,19885
9033,3217
9033,3278
9034,12302
9035,6462
9035,175
9035,20999
9035,3550
9036,1300
9036,6763
9036,1240
9036,3321
9036,1268
9036,1274
9036,3357
9037,8929
9037,175
9037,5154
9037,20767
9038,175
9039,8698
9040,21415
9040,16021
9040,3278
9041,8929
9041,1268
9041,3270
9042,12302
9043,3304
9043,6731
9044,1240
9044,8221
9044,21372
9045,1240
9045,17561
9045,15577
9045,6940
9045,13238
9045,19152
9045,3550
9045,20008
9045,175
9045,6018
9045,8002
9045,217
9046,1258
9047,8343
9047,20486
9048,3328
9048,21415
9048,15762
9049,9067
9050,8199
9051,18794
9051,18592
9051,3205
9051,21221
9051,23526
9051,16032
9051,4585
9051,16848
9051,16499
9051,17627
9051,22180
9051,17492
9051,22176
9051,1274
9051,20878
9051,3899
9051,3439
9051,16719
9051,20717
9051,8472
9051,10444
9051,6454
9051,20281
9051,15635
9052,5401
9052,8456
9052,23092
9052,7891
9052,3492
9052,12377
9052,8994
9052,15413
9053,8221
9053,3353
9054,3302
9054,5823
9055,12742
9055,8247
9056,25348
9056,8745
9057,15355
9058,8403
9058,8471
9059,9122
9060,9360
9061,21220
9062,10094
9062,8528
9062,8929
9063,12970
9064,12405
9064,1300
9064,12685
9064,10721
9064,175
9064,8634
9064,8031
9064,12432
9064,217
9064,3304
9064,5116
9064,6346
9064,4517
9064,15966
9064,287
9064,8938
9064,3492
9064,12307
9064,13238
9064,12293
9064,9262
9064,8900
9065,16171
9065,21295
9065,5607
9066,5401
9066,287
9067,25075
9067,20811
9067,9611
9067,16085
9067,1274
9067,13238
9067,9049
9067,22676
9067,24940
9067,13011
9067,9137
9067,175
9067,217
9067,16825
9067,24957
9068,8221
9069,3217
9069,8733
9069,8343
9070,5057
9070,287
9071,20877
9071,20231
9071,6696
9071,346
9071,8878
9071,21250
9071,7288
9071,21416
9071,25167
9071,3258
9071,3492
9071,70
9071,21674
9071,12990
9071,20559
9071,9369
9071,3246
9071,5993
9071,18191
9071,12547
9071,703
9071,12337
9071,18946
9071,702
9071,19243
9071,6611
9071,16345
9071,5535
9071,3611
9071,12815
9071,12868
9071,12857
9071,2945
9071,8432
9071,16227
9071,24751
9071,20742
9071,3789
9071,16054
9072,8552
9072,1681
9073,8221
9073,3270
9074,8742
9074,15599
9075,20705
9075,8515
9076,6454
9076,3353
9077,12875
9078,8343
9079,8403
9079,5155
9080,8929
9080,175
9080,3258
9081,8929
9081,6882
9081,15615
9081,20420
9081,15686
9081,13238
9082,8401
9082,12559
9083,217
9084,287
9084,3258
9085,703
9085,1240
9086,1300
9086,21348
9086,24725
9087,8929
9087,3357
9088,9005
9089,20140
9089,3258
9089,19896
9089,24725
9089,20701
9089,3467
9089,111
9089,18238
9089,16767
9090,3216
9091,2857
9092,6748
9093,703
9093,175
9093,8221
9093,6831
9094,1268
9094,12798
9095,175
9095,8639
9095,24638
9096,8518
9097,8221
9097,3304
9098,6664
9098,8709
9098,9800
9098,2639
9099,21321
9100,8882
9100,3321
9101,6831
9101,6731
9102,3258
9102,13238
9102,5020
9103,8929
9103,4571
9103,12851
9104,8502
9105,1268
9106,3258
9106,8163
9106,4976
9107,12295
9108,7968
9108,8343
9108,21128
9108,4071
9109,3304
9110,8221
9110,3353
9111,1300
9111,3268
9111,8343
9111,387
9112,3268
9112,5569
9113,8502
9113,7356
9114,17643
9115,6462
9115,16151
9115,6763
9115,217
9115,6454
9116,5040
9116,8709
9116,22924
9116,19736
9116,14657
9116,9200
9116,3607
9116,5607
9117,24653
9117,6763
9117,25238
9117,4984
9117,18199
9117,10152
9117,5586
9117,8868
9117,14089
9117,7932
9117,5487
9117,8895
9117,1274
9117,21598
9117,3492
9117,21558
9117,110
9117,12803
9117,20801
9117,12850
9117,16864
9117,24967
9117,8739
9117,3537
9117,8743
9117,8650
9117,18816
9117,703
9117,12620
9117,702
9117,15446
9117,21487
9117,25126
9117,12976
9117,25004
9117,25081
9117,12737
9117,12750
9117,355
9118,1681
9118,5487
9119,3244
9119,2861
9120,21663
9120,16768
9120,15947
9120,12779
9120,4992
9120,23138
9120,21442
9120,217
9120,24630
9120,9178
9120,287
9120,3492
9120,16105
9120,13238
9120,24909
9120,24748
9120,8748
9120,8401
9120,18544
9120,17037
9120,15042
9120,15768
9120,1240
9120,25150
9120,20527
9120,15413
9120,10065
9120,8929
9120,175
9120,16744
9120,21402
9120,20828
9120,10292
9120,5557
9120,4034
9121,16151
9121,3309
9121,1258
9122,6763
9122,20872
9122,25146
9122,12445
9122,12960
9122,8154
9122,13709
9122,9423
9122,5261
9122,20772
9122,18263
9122,16093
9122,8387
9122,3424
9122,21085
9122,18760
9122,357
9122,19833
9122,12600
9122,15407
9122,3560
9122,8870
9122,16886
9122,12297
9122,19037
9122,3357
9122,7303
9122,3793
9122,16166
9122,3830
9122,3491
9122,9059
9122,12909
9122,24668
9122,17893
9122,16574
9122,4891
9122,10051
9122,12747
9122,9001
9122,12730
9122,2268
9122,8832
9122,5423
9122,5014
9122,12795
9122,9995
9122,21073
9122,5305
9122,6750
9122,10376
9122,15898
9122,20060
9122,8948
9122,21155
9122,15391
9122,2759
9122,10535
9122,18880
9122,12904
9122,20064
9122,12979
9122,18247
9122,8107
9122,6312
9122,14030
9122,18523
9122,25324
9122,12881
9122,5272
9122,10324
9122,13139
9122,5475
9122,23470
9122,20339
9122,15925
9122,1757
9122,9282
9122,17256
9122,13264
9122,15643
9122,12859
9122,8706
9122,19754
9122,21614
9122,12862
9122,13279
9122,175
9122,2663
9122,12892
9122,9022
9122,18890
9122,8518
9122,16500
9122,2601
9122,13569
9122,8050
9122,20979
9122,5855
9122,5685
9122,1300
9122,5695
9122,15465
9122,13103
9122,2343
9122,5584
9122,2274
9122,11034
9122,3639
9122,12736
9122,24707
9122,15657
9122,6823
9122,10189
9122,8737
9122,20968
9122,4871
9122,2863
9122,12712
9122,7535
9122,12648
9122,16136
9122,8686
9122,12841
9122,3561
9122,8506
9122,3550
9122,15756
9122,21317
9122,20416
9122,5590
9123,16095
9123,21689
9124,19882
9125,3268
9125,5569
9126,8401
9127,12969
9128,9429
9128,9604
9128,3258
9128,8538
9128,16329
9128,25333
9128,5202
9128,12757
9128,8718
9128,18037
9128,17849
9128,16557
9129,3330
9129,1242
9129,6800
9130,703
9130,702
9130,22352
9130,1007
9130,9208
9131,4590
9131,5295
9132,5569
9133,12599
9133,6462
9133,21064
9133,5497
9133,20408
9133,4535
9133,21937
9133,16151
9133,144
9133,22095
9133,20758
9133,217
9133,3304
9133,20023
9133,24796
9133,5474
9133,15645
9133,19825
9133,287
9133,20865
9133,3492
9133,13238
9133,19782
9133,9497
9133,13290
9133,17441
9133,17414
9133,1240
9133,12733
9133,25103
9133,16995
9133,21199
9133,6940
9133,20850
9133,9008
9133,19581
9133,175
9133,8002
9133,10471
9133,25069
9133,17008
9133,12532
9133,10815
9133,24862
9133,5741
9133,19152
9133,20512
9133,7226
9133,20677
9133,5414
9133,20255
9133,12486
9133,9257
9133,13545
9133,9938
9134,5150
9134,8285
9134,8343
9135,6851
9135,20633
9136,21462
9136,5670
9137,9067
9137,8221
9137,20881
9137,13131
9138,8929
9138,3321
9138,1268
9139,3321
9139,3210
9140,6909
9140,6940
9141,3328
9141,8733
9141,8343
9141,17716
9142,6831
9143,3357
9144,5970
9144,6462
9144,1300
9144,10487
9144,21289
9144,3883
9144,18052
9144,21726
9144,8562
9144,175
9144,217
9144,3304
9144,5628
9144,16731
9144,20563
9144,14963
9144,3258
9144,19152
9144,13238
9144,8313
9144,16351
9144,2915
9144,9345
9144,10375
9144,9753
9144,21160
9144,21316
9145,5401
9145,8221
9146,15748
9146,12924
9146,1240
9146,5497
9146,6940
9146,3562
9146,16151
9146,175
9146,8002
9146,3304
9146,217
9146,3214
9146,19030
9146,12937
9146,22366
9146,6540
9146,287
9146,3492
9146,13238
9146,2517
9146,20512
9146,13046
9146,21033
9146,3357
9146,9257
9147,10291
9147,8401
9147,5392
9147,18979
9147,16179
9147,8671
9148,8929
9149,8929
9149,17909
9149,3258
9149,13238
9150,3294
9150,25352
9151,1300
9151,1240
9151,1274
9151,3492
9151,217
9151,13238
9151,6454
9152,6763
9153,6771
9154,6909
9154,3492
9154,3258
9154,19152
9154,6940
9154,8458
9154,8656
9154,2348
9154,3345
9154,11907
9154,8469
9154,17006
9154,217
9155,8718
9156,25243
9156,6454
9156,8962
9157,1300
9157,6540
9157,2498
9157,1240
9157,6940
9157,2517
9157,2819
9157,8002
9157,3357
9158,5481
9159,6786
9159,20969
9160,15558
9160,3216
9161,12362
9162,6462
9163,3268
9163,5569
9164,15532
9164,25158
9164,3321
9165,8939
9165,5618
9166,5401
9166,175
9167,13128
9167,6849
9168,1300
9168,15517
9168,24585
9168,18437
9168,2117
9168,17042
9168,16151
9168,5367
9168,2563
9168,7967
9168,5848
9168,13238
9168,3550
9168,22401
9168,5101
9168,10439
9168,3357
9168,20274
9168,18591
9168,22043
9169,5660
9169,20805
9170,3321
9170,8221
9171,5401
9171,12313
9172,16909
9173,5252
9174,6831
9174,3304
9175,6850
9175,15773
9176,13238
9176,3210
9176,12677
9177,703
9177,24868
9178,5604
9178,9120
9179,12390
9179,8407
9180,8283
9181,15558
9181,3216
9182,6462
9182,175
9183,9381
9183,13238
9183,8926
9184,8221
9184,6806
9185,8263
9186,21220
9187,4345
9187,21850
9187,15920
9187,13201
9187,703
9187,702
9187,12358
9187,175
9187,8367
9187,9505
9187,15932
9187,19525
9187,8691
9187,287
9187,9549
9187,25006
9187,25254
9187,25061
9187,5534
9187,3321
9187,12528
9187,5048
9187,5627
9188,16161
9189,3321
9189,6806
9189,5563
9190,175
9190,8882
9190,6806
9190,18468
9190,13238
9190,19673
9191,12303
9192,6940
9192,16151
9192,175
9192,9855
9192,8469
9192,22818
9192,8002
9192,217
9192,18012
9192,3214
9192,287
9192,3492
9192,13238
9192,5512
9192,19152
9192,3550
9192,5414
9192,3357
9192,6454
9193,5401
9193,5197
9193,12387
9194,3492
9194,13238
9194,6940
9194,3550
9194,12709
9194,5414
9194,8298
9194,3304
9194,217
9194,3357
9195,703
9195,23191
9196,3302
9197,8221
9197,17704
9197,13026
9198,6806
9198,12313
9199,16444
9199,1240
9199,13739
9199,21300
9199,703
9199,6176
9199,20297
9199,7289
9199,12390
9199,5125
9199,5525
9199,22584
9199,20486
9199,5435
9199,15737
9199,20114
9199,4079
9199,2855
9200,2615
9200,20833
9200,9116
9201,8939
9201,5618
9202,1881
9202,3302
9203,6703
9203,6850
9203,25030
9204,12969
9204,15834
9205,5484
9205,12302
9206,21220
9206,5867
9207,3268
9207,63
9207,217
9207,3278
9208,15400
9208,9130
9208,5378
9208,21281
9208,1007
9208,8485
9209,3880
9209,6775
9209,3357
9210,6667
9211,5406
9211,19846
9211,18484
9211,3258
9211,21984
9211,3564
9211,4099
9211,16151
9211,16066
9211,16484
9211,6454
9211,16187
9212,8688
9212,1300
9212,12924
9212,7393
9212,21427
9212,3492
9212,13238
9212,9008
9212,6696
9212,13102
9212,175
9212,12732
9212,3357
9212,20057
9212,3304
9212,20566
9213,20877
9214,3262
9215,6731
9216,8221
9216,3210
9217,4638
9217,9920
9217,4781
9218,15764
9218,8882
9219,72
9220,9838
9220,17820
9220,7475
9221,8718
9222,4638
9222,3492
9223,5116
9224,12407
9225,9943
9225,4843
9225,4721
9226,2528
9226,7507
9226,2520
9226,9610
9226,2908
9226,2515
9226,9355
9226,2501
9226,2688
9226,4689
9226,7522
9226,2498
9226,3492
9226,2519
9226,2517
9226,10011
9226,2511
9226,7501
9226,4638
9226,4705
9226,17693
9226,6304
9226,17674
9226,4692
9226,23353
9226,4717
9226,23968
9226,4674
9226,7515
9226,9994
9226,4686
9226,4726
9226,7528
9226,17507
9226,7530
9227,7635
9227,4629
9227,4658
9227,17637
9228,2915
9228,7437
9228,7330
9228,6940
9229,4796
9229,10218
9229,9327
9230,24539
9230,4124
9230,6656
9230,10027
9230,4102
9230,3492
9230,10301
9230,2915
9230,5319
9230,9931
9230,9382
9231,4638
9231,11920
9231,17495
9232,9809
9233,4776
9233,6164
9234,9326
9235,20877
9236,16151
9237,13125
9238,18190
9238,7714
9238,9658
9238,10027
9238,23950
9238,704
9238,23952
9238,17821
9238,7148
9238,702
9238,17977
9238,4157
9238,24455
9238,24482
9238,24343
9238,4636
9238,9584
9238,23689
9238,18060
9238,3492
9238,17976
9238,24551
9238,2915
9238,4638
9238,4095
9238,4614
9238,3321
9238,23672
9238,24205
9238,24207
9238,18396
9239,6956
9239,23659
9239,24449
9239,4756
9240,3217
9240,217
9241,10224
9241,9444
9242,702
9242,7475
9243,7541
9243,4516
9244,7475
9245,10027
9245,9585
9246,10027
9247,702
9247,6396
9248,4658
9249,8438
9250,23650
9250,6245
9250,18118
9251,20877
9251,20231
9252,24213
9252,9732
9252,24534
9252,10027
9252,17827
9253,9838
9254,9305
9255,21489
9256,18107
9256,4156
9256,3759
9257,9133
9257,9146
9258,21489
9258,3328
9258,13250
9258,9388
9258,6173
9259,210
9260,9730
9261,703
9261,702
9262,16131
9262,9064
9263,7475
9263,2765
9264,3492
9265,17717
9265,7661
9265,10027
9265,6940
9265,15413
9265,1660
9265,16151
9265,175
9265,7019
9265,217
9265,3304
9265,10765
9265,18184
9265,3663
9265,6540
9265,4636
9265,287
9265,11538
9265,19152
9265,13238
9265,18182
9265,7133
9265,2915
9265,17714
9265,7540
9265,3558
9265,4539
9265,5414
9265,294
9265,23856
9266,3217
9266,12390
9266,260
9267,9943
9267,17820
9268,15624
9268,13031
9269,9724
9270,4636
9270,1240
9270,10027
9270,7500
9270,3258
9270,2517
9270,4606
9270,2915
9270,702
9270,7019
9271,17844
9271,3609
9271,7661
9271,1782
9271,9323
9271,18027
9271,9453
9271,1238
9271,9322
9271,18299
9271,10053
9271,10064
9271,9709
9271,18029
9271,10045
9271,4666
9271,17867
9271,1705
9271,9275
9271,24491
9271,23555
9271,9489
9271,9688
9271,10198
9271,4539
9272,4767
9272,3787
9272,9319
9273,12742
9273,20961
9273,8247
9274,4767
9274,3787
9275,4767
9275,1238
9275,9271
9275,3787
9276,1238
9277,9317
9277,18303
9278,6703
9278,25267
9279,15695
9280,7475
9281,2765
9282,9122
9283,1300
9283,3357
9283,8718
9284,9506
9285,2765
9286,12886
9286,287
9287,9458
9288,7471
9289,8247
9290,4059
9290,4516
9291,24219
9292,8346
9292,8383
9292,20486
9292,2855
9293,7611
9293,10027
9293,3759
9294,110
9294,17979
9294,4636
9294,9888
9294,9305
9294,9313
9295,367
9296,20532
9296,6747
9296,20930
9296,175
9296,12311
9296,19371
9297,21128
9298,5618
9298,20805
9299,23845
9299,9801
9299,4848
9300,17453
9300,7630
9300,18115
9300,24082
9300,24323
9300,17640
9300,18388
9300,24452
9300,24457
9300,17812
9300,24223
9300,17722
9300,3492
9300,3258
9300,2517
9300,4638
9300,21434
9300,6454
9300,18019
9300,1240
9300,7492
9300,6164
9300,9305
9300,24120
9300,15413
9300,18382
9300,18397
9300,23895
9300,24495
9300,10140
9300,702
9300,175
9300,17551
9300,3574
9300,23733
9300,17974
9300,10225
9300,2915
9300,23995
9301,7475
9302,8616
9303,24732
9303,25020
9304,18200
9304,10201
9305,17620
9305,6565
9305,3096
9305,6649
9305,6230
9305,9920
9305,23857
9305,4504
9305,7651
9305,3258
9305,4638
9305,18205
9305,7633
9305,152
9305,4402
9305,4646
9305,7578
9305,9733
9305,7191
9305,17760
9305,17794
9305,4529
9305,15413
9305,24219
9305,24322
9305,24087
9305,3364
9305,23876
9305,9395
9305,9880
9305,24496
9305,17765
9305,4617
9305,10033
9305,17803
9305,9989
9305,23979
9305,1300
9305,10100
9305,18414
9305,17541
9305,10233
9305,24488
9305,24089
9305,9931
9305,4656
9305,4642
9305,18235
9305,3663
9305,9254
9305,4636
9305,4776
9305,3492
9305,23649
9305,9300
9305,9539
9305,23679
9305,24374
9305,4762
9305,9503
9305,15142
9305,3321
9305,17488
9305,4802
9305,17825
9305,7065
9305,4652
9305,9294
9305,6965
9305,4606
9305,24463
9305,10119
9305,7652
9305,4845
9305,7617
9305,3550
9305,4159
9305,2915
9305,9441
9305,24397
9305,18404
9306,20877
9307,4809
9307,4838
9307,2688
9307,4848
9307,4135
9308,21445
9308,4571
9309,23725
9309,4838
9309,9803
9309,23850
9309,4848
9309,7498
9309,17429
9310,12969
9311,9920
9312,217
9313,702
9313,704
9313,9294
9314,7475
9314,2765
9314,24015
9315,2765
9316,9932
9317,17852
9317,3749
9317,10155
9317,9321
9317,9872
9317,10166
9317,9634
9317,23569
9317,10056
9317,9708
9317,9850
9317,9277
9317,9975
9317,9532
9317,17575
9317,9629
9317,17866
9317,10184
9317,17844
9317,17603
9317,3787
9317,17870
9317,9697
9317,23586
9317,9529
9317,9970
9317,9707
9317,9976
9317,10171
9317,9858
9317,17875
9317,9576
9317,18313
9318,4767
9318,1238
9319,17865
9319,9324
9319,17876
9319,10067
9319,9488
9319,9766
9319,17598
9319,13238
9319,2517
9319,1281
9319,17880
9319,9706
9319,9846
9319,6454
9319,17593
9319,18312
9319,18327
9319,6940
9319,15413
9319,10185
9319,18034
9319,6160
9319,23565
9319,10040
9319,9759
9319,7133
9319,18176
9319,9579
9319,4203
9319,23573
9319,9864
9319,3357
9319,6462
9319,23587
9319,9635
9319,18303
9319,10175
9319,9968
9319,9533
9319,9686
9319,4232
9319,10061
9319,9981
9319,3492
9319,17595
9319,9641
9319,9647
9319,4211
9319,6088
9319,9700
9319,3609
9319,18305
9319,7559
9319,9949
9319,18311
9319,4767
9319,9710
9319,6540
9319,9983
9319,10178
9319,9272
9319,9702
9319,17850
9319,9645
9319,9756
9319,10059
9319,9946
9319,9980
9319,12957
9319,23579
9319,217
9319,3304
9319,9770
9319,19030
9319,9952
9319,2498
9319,10055
9319,17836
9319,4324
9319,4638
9319,3558
9319,10197
9319,6102
9319,23584
9319,9640
9319,23559
9319,4284
9319,17846
9319,10156
9319,17834
9319,17837
9319,23572
9319,9760
9319,17872
9319,19152
9319,1705
9319,17589
9319,23909
9319,9862
9319,9459
9319,1782
9319,17591
9319,23571
9319,16151
9319,17845
9319,17878
9319,7558
9319,17874
9319,287
9319,23588
9319,5512
9319,18402
9319,9857
9319,10165
9319,11165
9319,9856
9319,23973
9319,9869
9319,9648
9319,9694
9319,9705
9319,17585
9319,23564
9319,3214
9319,10192
9319,18299
9319,4664
9319,9527
9319,17861
9319,17855
9319,9758
9319,9843
9319,9765
9319,2915
9319,10070
9319,9701
9320,3787
9320,4671
9321,9317
9321,9769
9322,4767
9322,9271
9322,3787
9323,4767
9323,9271
9323,3787
9324,4767
9324,9319
9325,217
9326,9234
9326,4772
9326,4649
9327,9229
9327,17659
9327,7701
9327,4349
9327,17827
9327,4856
9328,13658
9328,5646
9329,4103
9329,7475
9329,24340
9330,17771
9330,4837
9330,5088
9330,4638
9330,703
9330,702
9330,17905
9330,7474
9330,7019
9331,21627
9331,1300
9331,8343
9331,21863
9331,12695
9331,18922
9331,3550
9331,15894
9331,8526
9331,3278
9331,8916
9332,8929
9333,6462
9333,175
9334,8403
9334,8264
9335,4776
9335,6454
9336,12716
9336,12925
9337,9943
9337,2765
9338,2687
9338,3216
9339,4649
9340,4751
9341,4331
9341,18190
9341,4339
9341,24212
9341,24204
9341,4796
9341,17827
9342,5445
9342,5660
9342,20805
9342,8247
9343,2765
9344,7715
9344,17664
9344,9902
9345,9144
9346,7715
9346,9902
9347,10027
9347,17409
9348,702
9348,18102
9348,704
9349,3302
9350,3263
9351,15599
9351,12338
9351,251
9351,16657
9351,16880
9352,10016
9352,24262
9352,4714
9352,10003
9353,17698
9353,2520
9354,7530
9355,2498
9355,9226
9355,17698
9355,15413
9355,2517
9355,9614
9355,2520
9355,9616
9355,23631
9355,17937
9356,2908
9356,7661
9357,8221
9357,3492
9357,3357
9357,217
9357,3304
9358,4726
9358,2498
9358,2517
9359,17952
9359,17512
9360,9060
9360,15896
9361,20486
9362,1258
9363,6732
9363,7645
9363,4825
9363,5912
9364,18141
9364,10027
9365,175
9365,12497
9365,6940
9366,17931
9366,2915
9366,702
9366,2498
9366,704
9366,4717
9366,15413
9366,2517
9367,2915
9367,4733
9368,2908
9368,2501
9369,9071
9369,21493
9370,13067
9370,3353
9371,7661
9371,9372
9371,18091
9371,18098
9371,2520
9371,9602
9371,18081
9371,2498
9371,3951
9371,2517
9371,10011
9371,17941
9371,23662
9371,23618
9371,23634
9371,17961
9371,15413
9371,17532
9371,7684
9371,24285
9371,2504
9371,18291
9371,4140
9371,17937
9371,18139
9371,17949
9371,17956
9371,7512
9371,2915
9371,17679
9371,23615
9371,23805
9372,2498
9372,9371
9372,9619
9373,8965
9373,12677
9374,12594
9374,1548
9375,2915
9375,18284
9375,9825
9375,4726
9376,5569
9377,12407
9378,12716
9378,8221
9378,6740
9379,2915
9379,4717
9380,1864
9381,9183
9382,7578
9382,9733
9382,9230
9382,4244
9382,23750
9382,9506
9382,17538
9382,10027
9382,6565
9382,15413
9382,17486
9382,24463
9382,9521
9382,4767
9382,4431
9382,5286
9382,7019
9382,3364
9382,4636
9382,7541
9382,9909
9382,10154
9382,4159
9382,2915
9382,9730
9382,3321
9382,9475
9382,17825
9382,6454
9383,703
9384,1222
9384,7475
9385,9943
9386,5092
9386,3732
9386,3357
9387,4776
9388,13308
9388,9258
9389,6909
9390,4838
9391,15838
9391,3321
9392,17817
9392,17623
9393,12390
9393,20765
9393,24920
9393,17093
9393,3278
9394,8709
9394,17797
9395,17817
9395,4838
9395,3492
9395,17623
9395,9305
9395,4135
9395,3321
9395,4848
9395,6454
9396,16153
9396,8448
9396,9408
9397,18102
9397,9499
9398,4619
9399,9823
9400,702
9400,704
9400,2765
9401,6831
9402,21128
9403,4571
9404,3529
9404,8343
9404,12686
9404,20277
9404,20486
9404,2237
9404,22310
9404,12449
9404,8858
9404,4462
9404,24589
9405,15498
9406,4539
9406,10765
9407,4539
9407,7498
9408,9396
9408,1902
9409,10224
9410,4636
9411,17478
9412,3837
9412,4622
9413,12581
9414,20530
9414,21315
9414,16180
9414,18537
9415,4776
9415,6649
9416,17710
9416,7483
9417,6540
9417,18043
9417,9506
9417,6940
9417,15413
9417,1281
9417,3550
9417,702
9417,175
9417,9540
9417,17810
9418,8343
9418,8261
9418,21128
9419,702
9419,704
9420,10027
9420,3759
9420,23856
9421,2915
9421,9730
9422,9739
9422,2765
9423,9122
9423,19279
9424,21220
9425,8343
9426,9659
9426,9928
9426,6649
9427,1222
9428,20765
9428,322
9429,8673
9429,9128
9430,17590
9430,22082
9431,25153
9431,7701
9431,3301
9431,4756
9431,24516
9432,4769
9432,4114
9433,23656
9433,4114
9434,4649
9434,4114
9435,7611
9436,9838
9436,7475
9437,8197
9437,22032
9437,16219
9438,21514
9439,4740
9440,5538
9441,9305
9441,4516
9442,8448
9443,13194
9444,7472
9444,24304
9444,9715
9444,17499
9444,17820
9444,704
9444,18021
9444,2915
9444,24221
9444,9241
9444,1222
9444,11868
9444,7475
9445,4646
9445,4636
9445,9926
9446,20765
9446,217
9446,3278
9446,10262
9447,702
9447,21400
9447,3357
9448,6462
9448,175
9448,287
9448,3357
9448,3550
9449,8616
9449,20486
9450,3959
9450,17259
9450,5365
9451,12969
9451,20962
9451,5618
9451,229
9451,11289
9452,9838
9452,2688
9453,4767
9453,1238
9453,9271
9453,3787
9454,1902
9454,8438
9455,1300
9455,12860
9455,217
9455,20563
9456,4767
9456,18303
9457,4767
9457,3787
9458,17865
9458,4283
9458,4210
9458,9958
9458,9782
9458,17574
9458,10067
9458,23579
9458,10174
9458,10063
9458,9488
9458,9757
9458,4757
9458,9982
9458,9578
9458,10187
9458,18335
9458,4222
9458,10038
9458,6136
9458,9846
9458,4211
9458,10057
9458,9962
9458,9947
9458,17582
9458,4246
9458,17877
9458,9287
9458,17868
9458,4240
9458,3787
9458,10027
9458,9693
9458,17839
9458,17578
9458,18311
9458,9695
9458,4284
9458,23564
9458,10156
9458,18307
9458,10192
9458,9698
9458,9849
9458,18329
9458,17584
9458,20941
9458,17855
9458,9579
9458,23909
9458,15437
9458,17850
9458,4237
9458,4252
9459,9319
9460,4767
9460,3787
9461,7475
9462,8709
9463,24214
9464,17669
9465,4622
9466,8718
9467,702
9467,704
9468,5401
9468,3353
9469,702
9469,2688
9469,704
9470,15757
9471,12884
9472,22352
9472,6245
9473,9499
9473,18232
9473,4756
9474,6462
9474,3357
9474,6454
9474,3550
9475,4636
9475,17925
9475,704
9475,9382
9476,4751
9476,4622
9477,9838
9477,6435
9478,703
9479,6798
9479,8552
9479,5487
9480,5463
9481,7475
9482,3293
9483,4721
9484,8597
9484,8515
9485,24321
9485,7474
9485,9801
9486,367
9487,24868
9488,9319
9488,9458
9489,4767
9489,1238
9489,9271
9489,3787
9490,1238
9491,9769
9491,3787
9492,12875
9493,4767
9493,9849
9494,9849
9495,17833
9496,703
9496,1274
9497,9133
9497,703
9497,702
9497,6879
9498,18010
9498,18189
9498,17974
9498,17896
9498,10027
9498,23666
9498,702
9498,24242
9498,18356
9498,4760
9498,3357
9498,21434
9498,24457
9498,18188
9499,23958
9499,15085
9499,24030
9499,23873
9499,4863
9499,17811
9499,6187
9499,24575
9499,5303
9499,24502
9499,4123
9499,17626
9499,20242
9499,24328
9499,17784
9499,4106
9499,4756
9499,5278
9499,9797
9499,9584
9499,9502
9499,1274
9499,17448
9499,17826
9499,10240
9499,4160
9499,110
9499,23977
9499,152
9499,17772
9499,7216
9499,18173
9499,7168
9499,23904
9499,1240
9499,2698
9499,17818
9499,9830
9499,17649
9499,702
9499,7102
9499,18106
9499,6376
9499,17437
9499,17489
9499,4326
9499,8165
9499,5002
9499,18223
9499,10078
9499,7474
9499,5355
9499,7036
9499,6466
9499,7189
9499,24469
9499,10030
9499,17484
9499,24559
9499,17904
9499,17821
9499,17918
9499,5401
9499,18230
9499,9397
9499,7634
9499,7019
9499,5290
9499,24186
9499,9473
9499,24223
9499,23659
9499,17755
9499,4077
9499,24375
9499,17466
9499,4466
9499,3321
9499,9626
9499,23773
9499,21434
9499,9731
9499,24110
9499,5320
9499,24572
9499,23861
9499,7176
9499,24187
9499,18208
9499,23769
9499,23960
9499,16839
9499,17444
9499,23985
9499,18121
9499,17914
9499,9555
9499,23995
9499,7927
9499,24540
9499,24217
9499,18168
9499,18003
9499,13859
9500,24444
9500,17537
9500,7475
9501,6013
9501,3258
9501,17923
9502,9499
9503,1240
9503,2688
9503,10027
9503,9305
9503,704
9504,4132
9504,702
9504,4187
9504,10027
9504,704
9504,4771
9504,18353
9504,6544
9505,9187
9505,15526
9506,1300
9506,1660
9506,2688
9506,217
9506,7019
9506,9925
9506,18183
9506,4636
9506,18423
9506,2498
9506,1274
9506,3492
9506,7541
9506,7711
9506,13238
9506,4610
9506,2517
9506,4748
9506,18110
9506,4324
9506,4638
9506,7540
9506,3558
9506,11165
9506,17711
9506,10127
9506,17717
9506,9675
9506,6940
9506,15413
9506,18180
9506,18186
9506,702
9506,175
9506,9284
9506,7533
9506,18184
9506,7479
9506,9417
9506,6540
9506,17409
9506,7536
9506,7133
9506,11687
9506,5414
9506,7534
9506,4781
9506,9382
9507,7474
9507,3321
9508,3357
9509,21334
9510,1222
9510,7475
9511,19710
9511,15831
9512,4649
9512,9902
9513,4756
9514,2915
9514,4636
9514,702
9514,9909
9514,704
9515,3321
9516,9691
9516,16172
9517,4658
9518,6664
9519,17487
9519,1222
9520,24035
9520,9838
9520,5218
9521,9382
9521,4516
9522,4767
9523,4767
9524,4767
9524,3787
9525,3787
9525,18303
9526,4767
9526,3787
9527,9580
9527,9578
9527,9319
9527,3787
9527,9958
9527,9785
9527,4767
9527,23558
9528,9849
9528,3787
9529,9317
9529,9769
9530,3787
9531,4767
9531,3787
9532,9317
9532,9769
9533,4767
9533,9319
9534,24327
9534,4622
9535,2915
9535,7474
9535,6454
9536,6462
9536,3357
9537,4646
9537,7500
9538,6779
9538,20854
9539,9305
9540,9417
9541,6678
9541,12970
9542,24500
9542,24052
9542,17558
9542,4479
9542,8962
9542,15413
9543,5090
9544,7475
9545,9943
9545,704
9546,15695
9546,20805
9547,4622
9548,10224
9548,7475
9549,9187
9549,2861
9550,17919
9551,12390
9552,24327
9552,4622
9553,1300
9554,702
9554,704
9554,7475
9555,18102
9555,9499
9555,4756
9556,702
9556,704
9556,7475
9556,2765
9557,4661
9557,4799
9557,1222
9557,17456
9557,7475
9558,17558
9559,22283
9559,24732
9560,17747
9561,5487
9562,8221
9562,3353
9563,7655
9563,4622
9564,15590
9564,8929
9564,4571
9565,1222
9565,7475
9566,9943
9567,17643
9567,8263
9568,25234
9569,4767
9569,3787
9570,7563
9571,3787
9572,4767
9572,9849
9572,3787
9573,4767
9573,3787
9574,18303
9575,4767
9575,3787
9576,9317
9576,18303
9577,4767
9578,4767
9578,9527
9578,9958
9578,9458
9579,9319
9579,9458
9580,9527
9581,703
9581,1274
9582,20805
9582,12742
9582,8247
9583,2367
9583,3258
9583,5332
9583,18712
9583,2093
9583,156
9584,1300
9584,5401
9584,9238
9584,5084
9584,23748
9584,7019
9584,24392
9584,4756
9584,24186
9584,17467
9584,3492
9584,24375
9584,24104
9584,3321
9584,17787
9584,22108
9584,6454
9584,1240
9584,23904
9584,9499
9584,18102
9584,10027
9584,702
9584,9942
9584,24333
9584,4196
9584,17437
9584,3550
9584,2915
9584,17917
9584,7474
9584,4445
9584,3357
9585,4636
9585,17623
9585,704
9585,9940
9585,2915
9585,4638
9585,702
9585,9245
9585,4850
9586,22134
9586,20486
9587,6321
9587,16817
9587,21449
9588,20851
9588,6847
9589,175
9589,8221
9590,25075
9590,12677
9591,4638
9591,4646
9591,4516
9592,2368
9592,3217
9592,8157
9592,8733
9592,217
9592,20080
9592,3278
9592,5155
9593,5618
9593,20854
9594,4726
9594,17677
9594,15413
9595,20498
9596,2498
9596,10027
9596,704
9596,2517
9596,15413
9596,2915
9596,703
9596,702
9596,24282
9597,5057
9598,2915
9598,17698
9599,12742
9599,8247
9600,2515
9600,2916
9601,2915
9601,2528
9601,10027
9601,2517
9601,9620
9602,23632
9602,4726
9602,17960
9602,23642
9602,9371
9602,7530
9602,23634
9603,2916
9604,8718
9604,9128
9604,12868
9605,2517
9606,702
9606,2498
9606,704
9606,2517
9606,15413
9607,8300
9608,2915
9608,24019
9608,4726
9608,4674
9608,23817
9608,2517
9609,2049
9609,681
9610,3962
9610,9226
9610,2517
9611,9067
9612,2520
9613,7677
9614,9355
9614,4717
9614,2517
9615,4726
9615,2498
9615,17677
9615,7680
9615,4714
9615,2517
9616,9355
9617,12606
9617,8448
9618,2915
9618,2498
9618,2517
9618,4717
9619,9372
9619,24290
9619,4726
9619,23810
9620,2498
9620,9601
9621,8673
9621,8867
9622,4717
9623,2915
9623,2498
9623,10027
9623,2517
9624,12970
9625,175
9625,20648
9626,4638
9626,18102
9626,9499
9626,13779
9626,4756
9627,8510
9628,7585
9628,702
9628,704
9629,4767
9629,9317
9629,3787
9629,18303
9630,3787
9631,4767
9632,4767
9633,4767
9634,9317
9634,9769
9635,4767
9635,9319
9636,4767
9636,3787
9637,18303
9638,4767
9638,3787
9639,4767
9639,3787
9640,4767
9640,9319
9641,4767
9641,9319
9642,3787
9643,18303
9644,4767
9644,3787
9645,3787
9645,9319
9645,15413
9646,4767
9646,4671
9647,9849
9647,9319
9647,18303
9648,9769
9648,9319
9649,9943
9649,10027
9649,2765
9650,7655
9650,9932
9651,9943
9651,704
9652,7719
9652,2765
9653,9838
9654,2688
9655,8483
9655,2119
9655,12634
9656,4789
9656,9931
9657,3321
9657,7474
9657,17637
9657,7015
9658,9238
9658,17928
9658,10218
9658,24199
9659,24072
9659,17434
9659,10027
9659,9426
9659,4767
9659,24512
9659,6440
9659,5451
9659,4389
9659,24080
9659,24457
9659,7019
9659,17922
9659,5229
9659,7307
9660,9943
9661,702
9661,704
9662,9943
9662,4740
9663,6462
9663,1240
9663,25133
9663,21211
9663,21262
9663,21012
9663,15246
9663,108
9663,6703
9663,6012
9663,12964
9663,24996
9663,14942
9663,3328
9663,24622
9663,18518
9663,13311
9663,3679
9663,5709
9663,62
9663,8874
9664,6747
9665,13250
9665,21149
9666,4059
9667,13250
9668,704
9668,1222
9668,7475
9669,3258
9669,6454
9670,12338
9670,3321
9670,8768
9671,8410
9672,9920
9672,17710
9673,1222
9674,8456
9674,19914
9675,9919
9675,9506
9675,18413
9676,6462
9676,6321
9676,3357
9676,5714
9677,7534
9677,18425
9677,18041
9678,5607
9679,21147
9680,3217
9681,6763
9681,1240
9681,6940
9681,702
9681,12957
9681,175
9681,8002
9681,7019
9681,6540
9681,2498
9681,3492
9681,19152
9681,5512
9681,2517
9681,7133
9681,3558
9681,11165
9681,3463
9682,8515
9683,1222
9683,7475
9684,10037
9685,4767
9686,9319
9686,18303
9687,4767
9687,1238
9687,3787
9688,4767
9688,1238
9688,9271
9689,4767
9690,4225
9690,4218
9690,9849
9690,4217
9690,4219
9691,1300
9691,6940
9691,10484
9691,175
9691,14271
9691,12949
9691,19395
9691,217
9691,9516
9691,3214
9691,15752
9691,12641
9691,3009
9691,19152
9691,5821
9691,998
9691,13134
9691,8099
9691,5968
9692,4767
9693,4767
9693,9458
9694,9319
9694,18303
9695,3787
9695,9458
9695,18303
9696,4767
9696,9849
9697,9317
9697,9769
9698,9458
9699,3787
9699,18303
9700,4767
9700,9319
9700,3787
9701,24152
9701,17833
9701,9319
9701,23601
9701,10006
9701,23714
9702,9319
9702,10027
9702,18303
9703,1274
9704,4767
9704,3787
9705,9319
9705,3787
9706,9849
9706,9319
9707,9317
9707,9769
9708,9317
9708,9769
9709,1238
9709,9271
9709,18303
9710,9849
9710,9319
9711,3976
9711,3787
9711,15413
9712,18303
9713,4767
9713,18303
9714,20877
9714,8718
9714,21378
9715,9444
9716,12768
9716,2820
9717,9943
9717,17669
9718,2765
9719,10224
9720,8242
9720,8733
9720,5524
9721,17820
9722,3357
9722,3550
9723,8471
9724,4370
9724,24474
9724,17891
9724,7475
9724,24228
9724,9269
9725,8826
9726,5965
9726,20486
9727,10239
9728,10027
9728,17413
9729,10205
9729,4629
9730,24450
9730,4636
9730,18053
9730,9421
9730,10239
9730,15413
9730,4659
9730,17670
9730,17735
9730,7660
9730,3742
9730,2915
9730,4638
9730,24334
9730,9260
9730,9382
9731,9499
9732,4124
9732,24123
9732,4629
9732,23924
9732,4658
9732,9252
9732,3550
9733,4636
9733,9305
9733,9382
9734,7715
9734,7658
9735,4740
9736,3314
9736,12875
9737,12742
9737,8247
9738,4137
9738,4652
9738,4420
9739,9422
9739,9914
9739,23709
9739,2765
9739,7475
9740,6012
9741,4616
9741,5279
9742,4751
9742,4622
9743,21220
9743,5141
9744,3214
9745,8448
9745,8221
9746,10085
9747,8929
9747,24868
9748,23754
9748,2765
9749,704
9749,2707
9750,15378
9750,18709
9750,13250
9750,13152
9750,20745
9750,24610
9751,4255
9751,8419
9752,14884
9752,702
9752,1240
9753,6462
9753,4224
9753,10487
9753,3550
9753,14348
9753,21307
9753,20435
9753,9144
9753,20868
9753,20563
9753,21831
9754,4767
9754,3787
9755,4767
9755,3787
9756,9319
9757,3787
9757,9458
9758,9319
9758,18303
9759,9319
9760,4767
9760,9319
9760,3787
9761,4767
9762,3787
9763,7563
9764,9769
9764,3787
9765,4767
9765,9319
9766,9319
9766,15413
9767,4767
9767,9849
9767,3787
9768,4767
9768,3787
9769,17852
9769,9321
9769,10166
9769,9634
9769,23569
9769,10056
9769,17581
9769,9708
9769,9764
9769,9975
9769,9532
9769,17843
9769,9491
9769,9784
9769,10177
9769,17866
9769,3977
9769,17603
9769,3787
9769,17870
9769,9648
9769,18317
9769,23580
9769,4767
9769,17585
9769,9697
9769,9529
9769,9707
9769,9970
9769,10167
9769,10171
9769,9858
9769,17875
9769,17601
9770,1238
9770,9319
9771,6012
9772,3787
9773,3787
9773,18303
9774,9951
9775,4767
9776,4767
9776,3787
9777,3258
9777,22020
9777,21954
9777,10503
9778,4767
9778,3787
9779,4767
9780,4767
9780,3787
9781,4767
9782,9849
9782,9458
9782,18303
9783,4767
9783,3787
9784,9769
9784,9951
9785,9527
9785,3787
9786,18190
9786,24199
9786,4796
9787,12351
9787,20933
9788,18406
9788,24382
9788,7475
9789,4769
9790,7474
9790,20486
9791,10027
9791,23978
9792,23652
9792,24532
9792,17989
9793,10027
9794,6806
9794,8221
9795,4796
9795,24199
9795,10218
9796,6698
9797,9499
9797,9830
9798,702
9798,4487
9798,4145
9798,704
9798,7475
9799,152
9800,20166
9800,8610
9800,20498
9800,9098
9801,1240
9801,10100
9801,4007
9801,3562
9801,23842
9801,702
9801,24409
9801,24142
9801,17430
9801,10213
9801,7019
9801,24497
9801,9815
9801,7641
9801,17967
9801,4636
9801,2498
9801,23854
9801,17774
9801,2517
9801,9935
9801,24143
9801,17431
9801,4638
9801,9299
9801,4860
9801,3321
9801,21434
9801,9485
9801,23847
9802,24302
9802,4848
9803,4809
9803,17778
9803,9309
9804,23725
9804,4809
9804,4848
9805,20765
9805,3268
9806,4809
9806,4848
9807,4809
9808,4809
9808,4848
9809,24410
9809,1240
9809,24401
9809,10027
9809,4111
9809,15413
9809,702
9809,24445
9809,24446
9809,7019
9809,24548
9809,24312
9809,9232
9809,3492
9809,2915
9809,4638
9809,3321
9810,4848
9810,17432
9811,4809
9811,4848
9812,4809
9812,4848
9813,17780
9813,4838
9813,24401
9813,4813
9813,24461
9813,17673
9813,24408
9814,3217
9815,4809
9815,4061
9815,9801
9815,17639
9816,4809
9816,4848
9816,24139
9817,9930
9818,17643
9819,4809
9819,4848
9820,4848
9820,17432
9821,17487
9821,9943
9821,17919
9822,7661
9822,4776
9823,9886
9823,7632
9823,9399
9823,24126
9823,2765
9823,17729
9823,24503
9823,18347
9823,7475
9824,10224
9824,7475
9825,6462
9825,18284
9825,9375
9825,17962
9825,7687
9825,10027
9825,23628
9825,18279
9825,17940
9825,1669
9825,2498
9825,7515
9825,2517
9825,18151
9825,2915
9825,23781
9826,24123
9827,13286
9828,2915
9828,4638
9828,702
9828,704
9828,3759
9829,21051
9829,6413
9830,9797
9830,1240
9830,18102
9830,9499
9830,9911
9830,5401
9830,4562
9830,17748
9830,23753
9830,3357
9830,7019
9830,6454
9830,4756
9831,18102
9832,4846
9832,24236
9832,19162
9832,18042
9832,17409
9832,18181
9832,10134
9833,17928
9833,17495
9834,2043
9835,9902
9836,5253
9836,4751
9836,7471
9837,12370
9837,16008
9838,24009
9838,24499
9838,9452
9838,24342
9838,18251
9838,9253
9838,9436
9838,7475
9838,6354
9838,17563
9838,17560
9838,18038
9838,4638
9838,23936
9838,9653
9838,23858
9838,10098
9838,18155
9838,3739
9838,4148
9838,5103
9838,10114
9838,24234
9838,4364
9838,17830
9838,11002
9838,10027
9838,18211
9838,9220
9838,5192
9838,24331
9838,2765
9838,17410
9838,7723
9838,7546
9838,18108
9838,7912
9838,10024
9838,6964
9838,10146
9838,9520
9838,17487
9838,17478
9838,17803
9838,18372
9838,9477
9838,7468
9839,3357
9839,13238
9840,3357
9841,4767
9841,3787
9842,5015
9843,4767
9843,9319
9844,8757
9845,3787
9846,9319
9846,9458
9847,4767
9847,3787
9848,4767
9848,3787
9849,17587
9849,4273
9849,9782
9849,9690
9849,9494
9849,18310
9849,10066
9849,23585
9849,17598
9849,9696
9849,3492
9849,10038
9849,9706
9849,9647
9849,17859
9849,4638
9849,9960
9849,4276
9849,9493
9849,17838
9849,17613
9849,4671
9849,17593
9849,4214
9849,23991
9849,18312
9849,10027
9849,704
9849,18319
9849,9972
9849,702
9849,17858
9849,10168
9849,9528
9849,9710
9849,17834
9849,9572
9849,23577
9849,17872
9849,9767
9849,2915
9849,4239
9849,17588
9849,9978
9849,9458
9850,9317
9850,4767
9850,17833
9851,4767
9852,4767
9852,3787
9853,3787
9854,3787
9855,9192
9855,8427
9855,8469
9855,3357
9856,4767
9856,9319
9857,4767
9857,9319
9857,3787
9858,9317
9858,9769
9859,4767
9859,3787
9860,4767
9861,3328
9861,12696
9862,9319
9863,18303
9864,9319
9864,3787
9865,4767
9865,3787
9866,3787
9867,4767
9867,3787
9868,4767
9869,4767
9869,9319
9870,4767
9870,3787
9871,4767
9871,1238
9872,9317
9872,18303
9873,9902
9874,9932
9875,4658
9876,11920
9876,4796
9877,4649
9878,4658
9879,702
9879,704
9880,9305
9880,4516
9881,7475
9882,4751
9882,23901
9882,7701
9882,9989
9882,24338
9883,21445
9883,4571
9883,17799
9884,8998
9884,10403
9884,20486
9885,7474
9886,9823
9887,3244
9887,8221
9888,6667
9888,8929
9888,8221
9888,9294
9889,20486
9889,3254
9889,2855
9890,4094
9890,18354
9890,4649
9890,10027
9890,9902
9890,17413
9891,9912
9891,10027
9892,4751
9892,4766
9893,4629
9893,4658
9894,10224
9895,20765
9895,3344
9895,2315
9896,4787
9897,9902
9898,4771
9899,5012
9899,18537
9899,20486
9899,19507
9899,20904
9899,13063
9899,24961
9899,140
9899,3278
9900,10099
9901,10224
9902,24184
9902,4764
9902,704
9902,9512
9902,9890
9902,18200
9902,702
9902,4769
9902,7715
9902,9346
9902,23711
9902,7544
9902,9835
9902,7267
9902,24079
9902,9344
9902,23656
9902,4638
9902,9897
9902,18401
9902,9873
9903,20805
9904,4622
9905,681
9906,4796
9907,4636
9907,17889
9908,25283
9908,5684
9908,8792
9909,2915
9909,4636
9909,702
9909,9514
9909,704
9909,9382
9909,24463
9910,5660
9910,8247
9911,702
9911,18232
9911,704
9911,9830
9911,17821
9912,14002
9912,24547
9912,23897
9912,4122
9912,24468
9912,7611
9912,1377
9912,9891
9912,73
9912,18114
9912,21071
9912,10076
9912,4908
9912,1218
9912,7474
9912,10147
9912,18225
9912,24483
9912,2913
9913,12302
9914,9739
9914,2765
9915,16129
9916,6462
9916,6806
9917,18186
9917,1660
9917,7540
9918,5498
9918,5463
9919,2915
9919,18045
9919,7541
9919,9675
9919,7711
9919,10027
9919,17421
9920,18430
9920,9305
9920,7482
9920,24162
9920,24161
9920,17810
9920,7479
9920,18050
9920,7650
9920,18110
9920,18041
9920,2915
9920,4846
9920,9217
9920,18425
9920,4781
9920,9672
9920,9311
9921,8448
9921,8993
9922,2612
9922,3305
9923,21106
9923,20486
9924,2861
9924,25138
9925,4244
9925,9506
9925,10027
9925,18430
9925,18424
9925,4663
9925,18411
9925,18046
9925,24159
9925,4636
9925,17417
9925,18050
9925,3492
9925,7650
9925,2915
9925,18416
9925,17421
9926,24335
9926,4636
9926,17985
9926,3492
9926,9445
9927,4646
9928,702
9928,17896
9928,9426
9929,217
9930,23772
9930,17817
9930,4809
9930,1240
9930,23840
9930,17623
9930,9817
9930,2517
9930,17624
9930,4638
9930,2915
9930,702
9930,7642
9930,3321
9930,18243
9930,17963
9931,9230
9931,17566
9931,1240
9931,24064
9931,9305
9931,702
9931,17737
9931,3492
9931,18254
9931,4097
9931,10112
9931,23660
9931,2915
9931,7474
9931,6454
9931,9656
9932,5253
9932,8675
9932,7863
9932,17727
9932,4652
9932,23920
9932,17480
9932,18253
9932,9316
9932,24061
9932,17828
9932,18410
9932,6294
9932,18357
9932,9874
9932,23975
9932,3837
9932,23657
9932,10029
9932,10227
9932,9650
9932,24454
9932,24338
9933,703
9933,702
9933,287
9933,704
9933,8211
9934,8592
9935,24321
9935,7474
9935,9801
9936,2688
9937,7694
9938,9133
9938,12313
9939,703
9939,5401
9940,4848
9940,9585
9941,17558
9941,15413
9942,9584
9942,4756
9943,9821
9943,4084
9943,17552
9943,24316
9943,17769
9943,24396
9943,23855
9943,7475
9943,3492
9943,18112
9943,9566
9943,9717
9943,17669
9943,9225
9943,7472
9943,23734
9943,9660
9943,9649
9943,24130
9943,4799
9943,18105
9943,9385
9943,9651
9943,9662
9943,9545
9943,17890
9943,7695
9943,2915
9943,9337
9943,7490
9943,9267
9943,18372
9944,4767
9944,3787
9944,15413
9945,4767
9945,3787
9946,9319
9947,3787
9947,9458
9948,3787
9949,4767
9949,9319
9950,4767
9950,1238
9950,3787
9951,18308
9951,10064
9951,18309
9951,9784
9951,10045
9951,18317
9951,17842
9951,9774
9951,4248
9951,7621
9951,17586
9952,4767
9952,9319
9953,20798
9953,3321
9954,4767
9955,4767
9955,3787
9956,4767
9956,3787
9957,4767
9957,3787
9958,9578
9958,9527
9958,15413
9958,23575
9958,18303
9958,4746
9958,10037
9958,9458
9959,4767
9959,3787
9960,4767
9960,9849
9960,3787
9961,4767
9961,3787
9962,9458
9963,4767
9963,3787
9964,3787
9965,4767
9965,3787
9966,4767
9966,3787
9967,8193
9967,21369
9968,4767
9968,9319
9968,3787
9969,4767
9969,3787
9970,9317
9970,9769
9971,4767
9971,3787
9972,9849
9972,18303
9973,13238
9973,12307
9974,4767
9974,3787
9975,9317
9975,9769
9976,9317
9976,18303
9977,4286
9977,3787
9977,10027
9978,9849
9978,18303
9979,4767
9979,3787
9980,4767
9980,3787
9980,9319
9981,4767
9981,9319
9981,4671
9982,3787
9982,9458
9982,18303
9983,4767
9983,9319
9984,1222
9984,7475
9985,8673
9986,8427
9986,3357
9987,8929
9987,6831
9988,3217
9988,2855
9989,2915
9989,18400
9989,9882
9989,9305
9990,5512
9990,704
9990,13277
9990,17452
9990,4658
9990,23747
9990,7594
9990,4638
9990,702
9990,7787
9991,2915
9991,4726
9992,4714
9992,7671
9993,9022
9994,2915
9994,2498
9994,9226
9994,18068
9994,2517
9994,15413
9995,9122
9996,2498
9996,4714
9996,2517
9997,15695
9997,20805
9998,4726
9998,4717
9998,15413
9999,4694
10000,2517
10001,2498
10001,4714
10001,2517
10001,15413
10002,4681
10002,2517
10002,15413
10003,10016
10003,9352
10003,17226
10003,2517
10003,17225
10004,15413
10004,4717
10004,2517
10005,4676
10006,6462
10006,22549
10006,8675
10006,12733
10006,287
10006,8764
10006,704
10006,1121
10006,23149
10006,9701
10006,7019
10006,3304
10006,217
10006,11487
10007,2915
10007,4717
10008,3321
10008,3258
10008,20667
10009,6850
10010,3357
10010,2530
10011,17698
10011,2498
10011,23616
10011,9226
10011,23796
10011,2517
10011,23626
10011,18272
10011,17683
10011,9371
10011,24269
10011,17507
10011,18140
10012,2517
10013,2915
10013,23721
10013,2517
10014,2915
10014,1669
10015,2908
10015,2498
10015,2501
10016,10027
10016,9352
10016,17946
10016,10003
10016,18265
10017,4726
10017,7680
10018,8709
10019,16021
10020,15413
10020,2517
10020,4717
10020,2520
10021,12391
10022,2498
10022,23821
10022,7679
10022,18266
10022,3947
10022,2517
10022,15413
10022,458
10022,2915
10022,23941
10022,7085
10022,3739
10023,17747
10023,2688
10024,9838
10025,4638
10025,10027
10025,4629
10025,4658
10026,23650
10027,15085
10027,10016
10027,24099
10027,17889
10027,18107
10027,15170
10027,9925
10027,17708
10027,17812
10027,9584
10027,7504
10027,3258
10027,2519
10027,2517
10027,17560
10027,17660
10027,9809
10027,17931
10027,17555
10027,17991
10027,9364
10027,20047
10027,23856
10027,23729
10027,18057
10027,17840
10027,4681
10027,1240
10027,6164
10027,6940
10027,15413
10027,9252
10027,7618
10027,10140
10027,24219
10027,9245
10027,18412
10027,4771
10027,6481
10027,18087
10027,9849
10027,10556
10027,4686
10027,17896
10027,17436
10027,17851
10027,4670
10027,10085
10027,7133
10027,9623
10027,10033
10027,18120
10027,18259
10027,23703
10027,3357
10027,9382
10027,9420
10027,17546
10027,6462
10027,18207
10027,23996
10027,7658
10027,17512
10027,18303
10027,15134
10027,9601
10027,17548
10027,10136
10027,18380
10027,4776
10027,24012
10027,17973
10027,3492
10027,4722
10027,6467
10027,17654
10027,18432
10027,12702
10027,2511
10027,23811
10027,18152
10027,4579
10027,4372
10027,9503
10027,18155
10027,10031
10027,23662
10027,24006
10027,9649
10027,17919
10027,3787
10027,7492
10027,5149
10027,17532
10027,9890
10027,17674
10027,7175
10027,24384
10027,4717
10027,10025
10027,17530
10027,7992
10027,18044
10027,4674
10027,9793
10027,17460
10027,24250
10027,17487
10027,9702
10027,17813
10027,9458
10027,17676
10027,9825
10027,24254
10027,9596
10027,9659
10027,6518
10027,4122
10027,9238
10027,24026
10027,18200
10027,12957
10027,24044
10027,17886
10027,18234
10027,9977
10027,7475
10027,9728
10027,9919
10027,5143
10027,7691
10027,2498
10027,9265
10027,7541
10027,4324
10027,17695
10027,4638
10027,7201
10027,4402
10027,7498
10027,18489
10027,17445
10027,4197
10027,24296
10027,6304
10027,8070
10027,4692
10027,7482
10027,175
10027,5451
10027,24114
10027,24119
10027,17974
10027,5274
10027,19152
10027,23878
10027,9498
10027,7567
10027,18486
10027,1300
10027,24082
10027,9293
10027,7507
10027,4054
10027,2520
10027,2515
10027,24488
10027,24131
10027,9891
10027,18086
10027,7019
10027,7558
10027,4931
10027,5147
10027,23836
10027,9347
10027,7544
10027,24223
10027,7531
10027,10076
10027,10210
10027,4748
10027,24133
10027,4834
10027,11165
10027,23931
10027,4671
10027,17650
10027,17413
10027,9838
10027,9230
10027,9270
10027,17820
10027,17686
10027,704
10027,24029
10027,9246
10027,7684
10027,23607
10027,9791
10027,4649
10027,18364
10027,23647
10027,18043
10027,17747
10027,17556
10027,18215
10027,24325
10027,3550
10027,4803
10027,9504
10027,19856
10027,7530
10027,4818
10028,7475
10028,2765
10029,9932
10030,23748
10030,9499
10030,18102
10030,24081
10031,4789
10031,10027
10032,7474
10032,5512
10033,4636
10033,4842
10033,10027
10033,9305
10033,10203
10033,23891
10034,4638
10034,704
10035,5296
10036,4767
10036,3787
10037,4236
10037,4233
10037,4220
10037,3787
10037,9958
10037,4226
10037,4227
10037,4235
10037,9684
10037,4234
10037,4230
10038,9849
10038,9458
10039,287
10039,12415
10040,9319
10041,4767
10041,3787
10042,350
10043,4767
10043,3787
10044,2855
10045,9271
10045,9951
10046,4767
10046,3787
10047,4767
10048,4767
10049,12742
10050,7474
10050,3787
10051,9122
10052,20878
10053,4767
10053,1238
10053,9271
10053,3787
10053,18303
10054,4767
10055,9319
10055,18303
10056,9317
10056,9769
10057,4767
10057,9458
10058,22317
10058,24993
10058,3331
10059,4767
10059,9319
10059,3787
10060,8403
10061,4767
10061,9319
10062,4767
10063,9458
10063,18303
10064,1238
10064,9271
10064,9951
10065,5604
10065,9120
10066,4767
10066,9849
10067,3787
10067,9319
10067,9458
10068,3787
10069,18303
10070,4767
10070,9319
10071,8592
10071,5604
10072,4767
10072,3787
10073,3321
10073,8221
10073,13397
10073,3301
10074,4767
10074,3787
10075,19459
10075,8867
10075,8391
10076,9912
10076,10027
10076,5512
10076,704
10076,4658
10077,24321
10077,7474
10078,4638
10078,18102
10078,9499
10078,4756
10079,17919
10080,12881
10081,703
10081,3321
10082,4819
10083,24672
10084,17806
10085,17919
10085,7607
10085,10027
10085,17721
10085,7636
10085,24382
10085,9746
10086,12969
10087,9032
10087,3258
10087,3550
10088,4059
10089,4767
10089,3787
10090,17124
10090,8199
10091,1240
10092,4658
10093,2765
10094,9062
10094,175
10094,7995
10095,2915
10095,4789
10095,24078
10095,3492
10096,125
10096,22046
10096,3256
10096,15739
10097,17896
10097,6649
10098,2915
10098,9838
10098,4104
10098,7478
10099,2915
10099,4636
10099,7480
10099,9900
10099,17889
10100,4636
10100,3321
10100,9801
10100,9305
10101,4809
10101,1240
10101,3492
10101,704
10101,4658
10101,2915
10101,702
10101,4848
10102,4789
10102,7474
10103,15695
10104,12390
10104,21167
10105,7475
10106,7475
10107,7218
10108,13308
10109,15783
10110,3258
10110,3492
10110,21261
10110,5714
10111,702
10111,4649
10111,704
10112,9931
10113,8644
10113,8510
10114,9838
10114,7142
10114,24002
10114,7475
10115,17728
10116,1222
10116,7475
10117,10119
10118,16277
10119,10117
10119,4636
10119,9305
10119,17795
10120,703
10120,2857
10121,4658
10122,22123
10122,3247
10123,23650
10123,324
10124,5057
10124,287
10125,20861
10125,21357
10125,3258
10125,3357
10126,8929
10127,9506
10128,2707
10129,1222
10129,7475
10130,4638
10130,7475
10131,11920
10131,702
10131,5512
10131,6454
10132,4649
10132,6454
10133,3293
10134,9832
10135,3256
10136,4638
10136,10027
10137,3759
10138,10218
10139,4638
10139,704
10140,10027
10140,9300
10141,20805
10141,8247
10142,703
10142,702
10142,3302
10143,5618
10144,702
10144,704
10144,7475
10145,12875
10146,9838
10146,4638
10146,17820
10146,4721
10147,9912
10147,4658
10148,4059
10148,2707
10149,7576
10150,8221
10151,10224
10151,7475
10152,9117
10152,8585
10153,7475
10154,4636
10154,9382
10155,9317
10155,18303
10156,9319
10156,9458
10157,4767
10157,3787
10158,2915
10158,23881
10158,24019
10159,12780
10160,4767
10160,3787
10161,3787
10162,8929
10162,9029
10163,4767
10163,1238
10164,1300
10164,3220
10165,9319
10165,3787
10166,9317
10166,9769
10167,1238
10167,9769
10168,9849
10168,3787
10169,19741
10169,22131
10169,24685
10169,21086
10169,12696
10169,23289
10169,2855
10170,4767
10170,3787
10171,9317
10171,9769
10172,2915
10172,4638
10172,3787
10173,6790
10174,3787
10174,9458
10175,9319
10175,18303
10176,4767
10176,3787
10176,4671
10177,9769
10178,4767
10178,9319
10179,4767
10179,3787
10180,3787
10180,18303
10181,5401
10181,24786
10181,20563
10182,15975
10182,12390
10182,15588
10182,8343
10183,175
10184,9317
10184,18303
10185,4767
10185,9319
10186,4767
10186,3787
10187,3787
10187,9458
10188,4767
10188,18303
10189,9122
10190,702
10190,3787
10190,704
10190,4671
10191,4767
10191,3787
10192,3787
10192,9319
10192,18303
10192,9458
10193,4767
10193,3787
10194,4616
10195,3787
10195,18303
10196,4767
10197,4767
10197,9319
10197,3787
10198,4767
10198,9271
10198,3787
10199,4767
10199,3787
10200,16113
10200,6704
10201,9304
10202,17427
10202,7036
10202,18102
10202,24393
10202,4756
10203,10033
10203,4516
10204,16246
10205,2915
10205,17979
10205,24322
10205,9729
10205,24462
10206,4516
10207,6462
10207,175
10207,3258
10208,287
10209,3321
10210,1240
10210,10027
10211,4059
10212,17820
10213,9801
10213,4135
10213,17432
10214,4740
10215,8250
10216,702
10216,704
10216,4756
10217,8929
10217,175
10217,8469
10218,18394
10218,9229
10218,9658
10218,23692
10218,10138
10218,23757
10218,2915
10218,9795
10218,4343
10219,1222
10219,7475
10220,24321
10220,7474
10221,24204
10221,17976
10221,4796
10222,1222
10222,7475
10223,703
10223,702
10223,8221
10224,16734
10224,18166
10224,17567
10224,17447
10224,24543
10224,23941
10224,7475
10224,23923
10224,6354
10224,24313
10224,4089
10224,24008
10224,22284
10224,4644
10224,4442
10224,18001
10224,23866
10224,18011
10224,2765
10224,18293
10224,18111
10224,18362
10224,7224
10224,9719
10224,24511
10224,24119
10224,4565
10224,9548
10224,24018
10224,4821
10224,7567
10224,24439
10224,23703
10224,23670
10224,7109
10224,18021
10224,23883
10224,9894
10224,4201
10224,24447
10224,18352
10224,23858
10224,24480
10224,9241
10224,23728
10224,4364
10224,24481
10224,17820
10224,11002
10224,9901
10224,24106
10224,4650
10224,5269
10224,24074
10224,7487
10224,24518
10224,17766
10224,10151
10224,1852
10224,9409
10224,23678
10224,17663
10224,9824
10224,17813
10224,17733
10225,18010
10225,24080
10225,9300
10226,24786
10226,20737
10226,20563
10227,9932
10227,23901
10227,7644
10227,4135
10228,4622
10229,4809
10229,4848
10229,24377
10229,24430
10230,24032
10230,3463
10230,4142
10231,4658
10232,2707
10233,9305
10234,6579
10234,21012
10235,12742
10235,8247
10236,1222
10236,7475
10237,17487
10238,5312
10239,9730
10239,9727
10240,9499
10241,15271
10241,10914
10242,1240
10242,7019
10242,11271
10243,2829
10243,4324
10243,3550
10243,23140
10243,210
10243,702
10243,16715
10243,19381
10243,14330
10244,5401
10244,13238
10245,2587
10246,16299
10247,8939
10247,11289
10248,6664
10249,2767
10249,4324
10250,8878
10251,4324
10252,16153
10252,8824
10253,20805
10253,8247
10254,8978
10254,8709
10255,10914
10256,1785
10257,16909
10257,15132
10257,10455
10258,7386
10259,12875
10260,7912
10260,175
10261,703
10262,24740
10262,9446
10263,703
10263,8221
10264,703
10264,3321
10265,702
10265,175
10265,578
10266,550
10266,175
10267,3771
10267,10368
10268,6779
10268,8247
10269,20747
10270,23521
10270,3562
10271,22563
10271,2687
10271,3216
10272,542
10272,1785
10272,7019
10272,12941
10273,24836
10273,20859
10273,24864
10273,8453
10273,20929
10274,6381
10274,702
10275,3562
10275,7261
10276,6649
10277,8471
10277,5538
10278,7304
10279,5618
10279,12742
10280,210
10280,7133
10281,5965
10282,8247
10283,5584
10283,20573
10283,287
10283,21773
10283,3492
10283,5512
10283,13238
10283,12920
10283,289
10283,16861
10283,175
10283,5414
10283,8339
10283,217
10284,6454
10285,19152
10285,3357
10285,6940
10285,6454
10285,5714
10286,5364
10287,8221
10287,3353
10288,7901
10288,20854
10289,2279
10289,14984
10289,4324
10290,703
10290,3216
10291,9147
10292,19301
10292,9120
10293,22416
10293,22307
10293,1240
10293,1274
10293,15684
10293,3562
10293,3587
10293,22918
10294,703
10294,15445
10295,20002
10295,2153
10296,3562
10297,7909
10298,10797
10298,4324
10298,3550
10299,702
10299,1240
10299,175
10299,7019
10300,18679
10300,19430
10301,9230
10302,2120
10303,3550
10304,703
10304,8221
10305,1902
10306,703
10306,8221
10307,3270
10308,8709
10309,6462
10309,3357
10310,703
10310,702
10310,16033
10311,6763
10311,7281
10311,813
10311,989
10311,5714
10311,12957
10311,23255
10311,25203
10311,14197
10311,14779
10311,3304
10311,19030
10311,2498
10311,287
10311,3258
10311,13238
10311,5512
10311,2517
10311,14778
10311,4638
10311,14780
10311,11165
10311,10881
10311,3558
10311,22566
10311,6454
10311,7234
10311,6940
10311,23739
10311,5780
10311,17111
10311,8002
10311,390
10311,6540
10311,14777
10311,15636
10311,14781
10311,3550
10311,7133
10311,11687
10311,3357
10311,294
10311,853
10312,7703
10312,11031
10312,2290
10312,3357
10312,20002
10313,12553
10313,1258
10314,8595
10315,3771
10316,3247
10317,2829
10317,3357
10317,7019
10318,702
10318,6129
10319,6763
10319,22928
10319,3550
10320,8387
10321,702
10321,882
10322,8939
10322,5618
10323,4324
10323,7133
10324,9122
10325,20745
10326,702
10327,20116
10327,16442
10327,10962
10327,12367
10327,10579
10328,6731
10328,3304
10329,16207
10329,16339
10330,23499
10331,175
10331,3258
10332,12696
10333,8221
10334,702
10334,1240
10335,3974
10335,8929
10335,3321
10335,15925
10335,8488
10336,6462
10336,5414
10336,3357
10336,15445
10337,5205
10338,12043
10338,5007
10339,6462
10339,3357
10340,15834
10340,8247
10341,19030
10342,12886
10342,3321
10342,1291
10342,3258
10342,3357
10343,12671
10343,3216
10344,25
10344,298
10345,1576
10345,11492
10346,7386
10347,5761
10347,7019
10348,19552
10348,175
10348,3357
10348,3550
10349,4324
10350,12386
10351,8640
10351,6831
10351,6731
10352,702
10352,6396
10353,3357
10354,14049
10354,4324
10355,3258
10355,3357
10356,1300
10356,2829
10356,13514
10356,3357
10356,19152
10356,22385
10356,18798
10356,3550
10357,17124
10358,7067
10359,13769
10359,3550
10360,25181
10361,5211
10361,3357
10361,6454
10362,702
10362,210
10362,1240
10362,3357
10362,3562
10363,6141
10363,10430
10364,210
10365,3465
10365,10491
10365,7315
10366,5193
10367,21262
10368,25202
10368,23532
10368,11746
10368,702
10368,10267
10368,1785
10368,19714
10368,15539
10369,4559
10369,15046
10370,12969
10371,702
10371,210
10372,6576
10373,7133
10374,8929
10374,3258
10374,3357
10374,6454
10375,6462
10375,2915
10375,9144
10375,20563
10376,9122
10377,2857
10378,7754
10378,4324
10379,18924
10379,18471
10380,702
10380,7019
10381,5823
10381,21203
10382,2902
10382,1240
10382,14902
10382,4324
10383,8752
10383,20836
10383,6454
10384,5589
10385,6388
10385,6383
10386,4590
10386,24786
10386,20563
10387,8016
10388,217
10389,21092
10390,702
10390,210
10391,13792
10391,13791
10392,21600
10392,11557
10393,8247
10394,8199
10395,6850
10395,20745
10396,3357
10397,22365
10397,13060
10397,12957
10397,21511
10397,23521
10398,21589
10398,1240
10398,6204
10398,3357
10398,13777
10398,4324
10398,11677
10399,12768
10400,6462
10400,6454
10401,175
10401,13769
10401,6328
10402,8518
10402,8514
10403,19800
10403,24639
10403,7933
10403,9884
10403,8343
10403,217
10403,8444
10404,21128
10405,6518
10406,1240
10406,7019
10407,702
10407,4324
10408,19577
10409,6732
10409,2855
10410,5409
10411,20486
10412,702
10412,12182
10412,7019
10413,10882
10414,8199
10415,6747
10416,1274
10417,12311
10418,7739
10419,3357
10420,8391
10421,18735
10422,11538
10422,7133
10423,25331
10424,238
10424,12130
10424,7261
10425,8353
10425,19882
10426,7912
10427,12736
10428,703
10428,702
10429,7019
10429,7796
10430,1644
10430,22549
10430,995
10430,4483
10430,4023
10430,8056
10430,10955
10430,22357
10430,12957
10430,2048
10430,4476
10430,21759
10430,11634
10430,3136
10430,3144
10430,4398
10430,22432
10430,1252
10430,4397
10430,23106
10430,15257
10430,4403
10430,4434
10430,3116
10430,4433
10430,4467
10430,4464
10430,4014
10430,22707
10430,11202
10430,1633
10430,4474
10430,10363
10430,19362
10430,4009
10430,22086
10430,14347
10430,4505
10430,16737
10430,11420
10430,21742
10430,14572
10430,4026
10430,4502
10430,4484
10430,15202
10430,3092
10430,11707
10431,3936
10431,2412
10431,22442
10431,102
10432,15590
10432,1268
10432,20639
10433,4896
10434,3258
10434,3357
10434,6454
10434,18897
10434,6687
10435,702
10436,2829
10437,11173
10437,18593
10437,8152
10437,4258
10438,210
10438,10491
10438,7030
10439,16096
10439,9168
10440,7912
10440,175
10440,22774
10440,15572
10440,19558
10441,6198
10442,702
10442,19856
10443,1240
10444,6747
10444,17124
10444,12311
10444,9051
10445,702
10445,7019
10445,4324
10446,210
10447,5604
10447,12779
10448,20805
10449,175
10449,3357
10449,10467
10450,24786
10450,20563
10451,3027
10451,24719
10451,5607
10452,1131
10452,7092
10452,10613
10453,10987
10453,3117
10453,11009
10453,19065
10453,10698
10453,3401
10454,702
10454,7019
10455,5211
10455,3492
10455,6940
10455,19152
10455,18945
10455,8002
10455,217
10455,10257
10455,3357
10455,3214
10456,1240
10456,7019
10457,8401
10458,702
10458,10911
10458,13790
10458,16709
10459,702
10459,7019
10460,3357
10460,3550
10461,8448
10462,702
10462,1240
10462,3357
10463,20805
10464,3217
10464,17377
10464,12696
10465,22595
10465,12180
10465,15141
10465,13287
10465,6861
10465,19025
10466,15724
10467,24893
10467,20414
10467,3779
10467,7329
10467,6523
10467,19869
10467,7279
10467,16890
10467,175
10467,89
10467,12718
10467,7002
10467,47
10467,56
10467,22639
10467,11425
10467,11538
10467,21977
10467,15681
10467,13325
10467,11559
10467,15244
10467,35
10467,10449
10467,22645
10467,13779
10467,11512
10467,10658
10468,7019
10468,3357
10468,3562
10469,1240
10469,15279
10470,1445
10471,9133
10472,3210
10473,8372
10473,2855
10474,2829
10474,12180
10475,6454
10475,6352
10475,5714
10476,6396
10476,11519
10476,7019
10477,21220
10477,6850
10478,3581
10479,6462
10479,3357
10479,6454
10479,5714
10480,11173
10480,8152
10481,2902
10481,15278
10481,14902
10481,7851
10481,3550
10482,3550
10483,12875
10484,9691
10484,16172
10485,702
10486,3053
10486,7938
10487,9144
10487,9753
10488,14077
10488,14641
10488,7838
10488,2829
10488,1240
10488,763
10488,702
10488,3357
10488,4456
10489,755
10490,3550
10491,3465
10491,7213
10491,51
10491,11097
10491,10365
10491,11538
10491,5051
10491,12149
10491,3492
10491,4356
10491,10438
10491,11165
10491,19402
10491,3451
10491,6513
10491,2638
10492,21342
10492,13263
10493,24685
10494,14743
10494,1786
10495,3217
10495,8343
10496,12844
10496,3321
10497,13031
10497,15577
10497,6831
10498,1240
10498,2829
10498,10887
10499,22402
10500,702
10500,4324
10501,11428
10501,3765
10502,8692
10502,21128
10503,9777
10504,5569
10505,20933
10505,3304
10506,175
10506,1291
10507,1240
10508,1240
10509,13810
10509,14184
10509,5079
10510,703
10510,8221
10511,210
10511,2829
10512,702
10512,7229
10512,19030
10513,7386
10513,4324
10514,3594
10515,702
10515,175
10516,113
10516,1377
10516,23601
10516,10914
10516,7019
10517,4988
10518,702
10518,7019
10518,3562
10519,702
10519,16483
10519,11980
10520,11225
10520,4324
10521,7795
10521,23253
10521,12022
10521,3357
10521,11667
10522,25099
10522,6909
10523,7082
10523,3321
10523,175
10524,11301
10524,10914
10524,19025
10525,6396
10526,702
10526,7019
10527,21087
10527,25331
10528,6129
10529,3262
10529,12884
10530,210
10531,11909
10532,7133
10533,210
10533,1240
10533,7019
10533,4324
10534,2885
10535,9122
10536,702
10536,7333
10537,702
10537,3357
10538,15695
10539,7783
10540,6540
10540,856
10541,1240
10541,7133
10542,16334
10542,19285
10543,702
10543,20414
10543,3594
10544,6362
10544,16853
10545,175
10546,7067
10547,11538
10548,1240
10549,8709
10550,19033
10550,3258
10550,3357
10550,3304
10550,217
10550,6454
10551,14615
10551,19402
10552,210
10552,20413
10553,702
10553,6396
10554,702
10555,8343
10556,10027
10557,19222
10557,966
10557,6518
10557,18793
10557,3562
10558,104
10559,16816
10559,22774
10559,7019
10559,12974
10560,175
10560,4324
10561,11173
10561,8152
10562,10962
10562,6080
10562,10579
10563,24937
10564,210
10564,10731
10565,6080
10565,13386
10566,6462
10566,7593
10566,2915
10566,21969
10566,6778
10566,6940
10566,3562
10566,1281
10567,210
10567,7386
10568,17124
10568,8199
10569,7481
10570,11961
10571,1240
10571,6396
10572,702
10572,7019
10573,3321
10574,861
10575,21865
10575,7609
10576,11842
10577,19407
10577,7019
10578,7133
10579,64
10579,22743
10579,13327
10579,10562
10579,11500
10579,1743
10579,6933
10579,10756
10579,10327
10579,1250
10579,11744
10579,4
10579,11538
10579,157
10579,1969
10579,11746
10579,112
10579,14513
10579,1352
10579,22835
10579,14133
10579,13839
10579,14326
10579,558
10579,12231
10580,175
10580,1749
10581,20116
10582,15271
10582,7019
10583,4182
10583,7133
10584,16658
10584,7133
10585,702
10585,10911
10586,175
10587,1240
10587,3329
10587,3166
10588,210
10588,7386
10588,4324
10589,4324
10589,6384
10590,2915
10590,13792
10591,210
10591,1240
10592,210
10592,2829
10592,861
10592,3357
10593,702
10593,1785
10594,6462
10594,24786
10594,20563
10595,6462
10595,6540
10595,10717
10595,1240
10595,20272
10595,6940
10595,1193
10595,1983
10595,19030
10596,16468
10597,4324
10598,1971
10598,7133
10599,1240
10599,3562
10600,702
10600,1240
10601,7912
10601,6940
10601,6328
10601,3550
10601,19025
10601,1669
10601,861
10601,6454
10601,12183
10602,15271
10602,23149
10603,4324
10604,11140
10605,1240
10606,12302
10607,1300
10607,3321
10607,2518
10608,1257
10608,175
10608,10895
10608,3357
10608,14613
10609,210
10610,16714
10610,3429
10611,210
10611,6129
10612,22455
10612,22774
10613,10452
10613,6763
10613,17820
10613,21549
10613,6940
10613,15084
10613,3131
10613,175
10613,8002
10613,19030
10613,6540
10613,1274
10613,3492
10613,7133
10613,5389
10613,6971
10613,9010
10613,6454
10614,6387
10614,19095
10615,6540
10615,499
10615,3492
10616,6462
10616,702
10617,7785
10617,3357
10618,18748
10619,210
10620,8622
10620,8745
10620,21192
10621,18679
10621,14081
10622,7912
10623,7394
10623,7019
10624,7133
10625,21462
10625,25075
10625,1300
10625,8414
10625,19152
10625,13102
10625,5240
10625,16151
10625,17644
10625,217
10626,10911
10626,4547
10626,7019
10627,13489
10627,6098
10628,703
10628,702
10628,5090
10629,19159
10630,702
10631,13354
10632,3480
10633,210
10634,6518
10635,25229
10635,12492
10636,6321
10636,17314
10637,702
10637,17230
10638,1240
10638,13491
10638,3301
10638,7133
10639,15925
10640,702
10640,2829
10641,559
10642,5484
10642,3341
10643,7019
10643,3357
10643,12945
10644,210
10644,7019
10645,23127
10646,6462
10646,7019
10647,4566
10648,19856
10649,210
10649,6396
10649,3755
10650,3550
10651,210
10651,7019
10652,7019
10653,702
10653,1240
10654,6396
10654,6080
10654,23049
10655,3217
10655,22082
10655,12696
10656,175
10657,4923
10657,7067
10658,21977
10658,10467
10659,702
10659,210
10659,14266
10660,1240
10660,7019
10661,702
10662,3357
10663,7019
10663,6198
10664,702
10664,6384
10665,4324
10665,3550
10666,19030
10666,7133
10667,5694
10668,2829
10668,3357
10669,7019
10669,11321
10670,6386
10671,7739
10671,8168
10672,3598
10672,7909
10673,210
10673,3562
10674,12969
10675,1240
10675,2674
10675,13343
10675,175
10675,7294
10675,7019
10675,13361
10675,15885
10676,702
10676,1240
10676,1786
10677,1240
10677,7133
10678,6396
10678,11487
10679,13658
10679,813
10679,16950
10680,22926
10681,2829
10682,10911
10682,175
10683,210
10683,7019
10683,10797
10684,6940
10685,6129
10686,10980
10686,1240
10687,681
10688,21426
10688,3321
10688,6454
10689,21572
10690,10693
10691,10911
10692,175
10692,3357
10693,7032
10693,23353
10693,3357
10693,10690
10694,702
10694,3562
10695,6403
10695,702
10695,1240
10695,3562
10695,4324
10696,17624
10696,702
10696,13630
10696,7019
10696,4135
10696,7133
10697,6396
10698,6141
10698,10453
10698,11665
10698,7304
10699,210
10700,13769
10700,3492
10701,8062
10701,7019
10702,19963
10702,14659
10702,4324
10703,294
10704,702
10705,17380
10705,16736
10706,4324
10707,22567
10707,18735
10707,16532
10708,7019
10709,175
10709,7757
10709,7019
10710,703
10710,702
10710,15558
10711,175
10711,14718
10712,1240
10712,7019
10713,10911
10714,702
10714,1240
10715,3742
10715,8116
10715,25229
10716,11243
10716,4436
10716,8168
10716,4396
10717,10595
10718,1240
10718,12272
10719,6403
10720,19263
10721,9064
10722,6301
10722,19109
10723,1240
10723,7019
10724,6396
10725,4324
10726,6518
10726,6396
10726,14744
10726,3550
10727,16266
10727,24786
10727,20563
10728,3357
10728,4324
10729,2829
10730,12736
10731,10564
10731,15043
10732,702
10732,19095
10732,14579
10733,6131
10734,17380
10734,8168
10734,11868
10735,1300
10735,287
10735,175
10736,12999
10737,6518
10737,4324
10738,702
10738,15271
10739,7912
10739,25113
10739,22873
10739,15876
10739,13236
10739,22668
10739,4437
10740,20877
10740,12717
10741,210
10741,2815
10742,6664
10743,6123
10743,210
10744,702
10744,2552
10745,702
10745,7019
10746,1240
10746,10914
10747,7019
10748,12022
10748,15291
10749,702
10750,7019
10751,3562
10752,6158
10753,8343
10754,3357
10754,17152
10755,702
10755,1240
10756,11198
10756,17357
10756,10579
10757,1240
10758,702
10758,10887
10759,7261
10760,12182
10760,7133
10761,7019
10762,3357
10763,7133
10764,1240
10764,3357
10764,7133
10765,7661
10765,9265
10765,11538
10765,6510
10765,22336
10765,669
10765,23912
10765,9406
10765,19402
10765,294
10765,514
10766,12043
10766,5007
10767,702
10767,1240
10767,19095
10768,8709
10769,3357
10770,175
10770,1749
10770,14473
10771,2829
10771,17379
10772,702
10772,6537
10773,703
10773,4590
10774,210
10774,7019
10774,7133
10775,12844
10776,702
10776,1240
10777,12844
10777,12307
10778,702
10778,7019
10779,21615
10779,3083
10779,13879
10779,1241
10779,3550
10780,702
10781,19095
10782,210
10782,3562
10783,13791
10784,1240
10784,11061
10785,702
10786,6540
10786,3492
10786,861
10786,4324
10787,3145
10787,12065
10788,7912
10789,7019
10790,1429
10790,1576
10790,2829
10791,15207
10791,1240
10791,4324
10792,4324
10793,210
10793,2552
10794,210
10795,702
10795,13454
10795,1240
10795,6396
10795,8221
10795,3357
10796,2829
10796,2552
10796,7019
10797,11878
10797,6537
10797,13292
10797,13652
10797,16427
10797,17069
10797,12263
10797,10683
10797,10298
10797,1397
10797,7997
10797,11061
10797,14732
10797,1055
10797,501
10797,19549
10797,13878
10797,12098
10797,24022
10797,6049
10797,11990
10797,10829
10797,13657
10797,22323
10797,1669
10797,24671
10797,22715
10797,21771
10797,17236
10797,17297
10797,2409
10797,13821
10797,7095
10797,24351
10797,2297
10797,13707
10797,13994
10797,3357
10797,19559
10798,4576
10799,3742
10799,2906
10799,5714
10800,1240
10800,3357
10801,8929
10801,3304
10801,6731
10802,6984
10803,8752
10803,20426
10804,1240
10805,702
10806,702
10806,7019
10806,3357
10806,3550
10807,703
10807,702
10807,3357
10808,17152
10808,3357
10808,3550
10809,3603
10809,13769
10809,578
10810,11525
10811,12969
10811,8939
10812,18991
10812,210
10813,7019
10814,10911
10814,1240
10815,9133
10815,8929
10816,1240
10816,7133
10817,702
10817,1240
10818,11589
10818,2193
10819,7912
10819,8026
10819,15219
10820,702
10820,7019
10821,210
10821,702
10822,1240
10822,22774
10822,7130
10823,702
10823,19030
10824,12890
10824,175
10824,3357
10824,943
10825,2829
10825,6518
10825,3357
10826,12969
10826,12742
10826,3610
10826,20961
10827,8709
10827,12311
10828,13207
10829,7019
10829,601
10829,10797
10829,11457
10830,17055
10831,7019
10831,3562
10832,4514
10832,1786
10833,6540
10833,853
10834,15291
10834,6454
10834,3562
10835,4927
10835,3159
10835,3395
10835,21591
10835,5693
10835,3231
10835,20306
10835,6122
10835,3055
10835,11312
10835,12957
10835,16702
10835,20118
10836,6583
10836,19093
10836,6994
10836,23458
10836,3550
10837,8709
10838,210
10838,7019
10839,6535
10839,7371
10839,20002
10840,20113
10841,7133
10842,702
10842,21748
10843,377
10843,853
10844,19095
10844,4324
10845,702
10846,18991
10846,1240
10847,210
10847,702
10848,18735
10849,6540
10849,2829
10849,21554
10849,6940
10849,19152
10849,2517
10849,3550
10849,14986
10849,8002
10849,1034
10850,18991
10850,210
10850,7133
10851,24616
10851,6979
10851,3550
10851,7116
10851,6960
10851,10989
10851,3357
10851,11309
10852,702
10852,19152
10852,6204
10853,1240
10854,3550
10855,23081
10856,16967
10856,12182
10856,3562
10856,10913
10857,7058
10858,702
10858,12180
10858,7019
10859,19551
10859,4324
10860,22774
10860,207
10861,23353
10862,1240
10862,7133
10863,8199
10864,14746
10865,702
10865,3357
10866,16533
10867,703
10867,702
10868,2153
10869,6204
10870,210
10870,13791
10871,15571
10872,8929
10873,2915
10873,4726
10874,4646
10874,4638
10874,704
10875,702
10875,210
10875,1240
10875,7019
10876,702
10876,7019
10877,3702
10877,4601
10878,1240
10878,7019
10879,210
10880,702
10880,210
10880,7918
10880,2687
10880,7019
10881,10311
10882,10413
10882,1917
10882,11752
10882,13523
10883,702
10883,22728
10883,4934
10884,1770
10884,14108
10885,1240
10885,19025
10886,702
10887,660
10887,71
10887,103
10887,1702
10887,2231
10887,3077
10887,1947
10887,1455
10887,187
10887,2533
10887,16693
10887,11319
10887,28
10887,868
10887,13058
10887,1436
10887,10498
10887,8085
10887,6060
10887,10758
10887,5641
10887,6630
10887,1853
10887,175
10887,16214
10887,11040
10887,2245
10887,11538
10887,22768
10887,1616
10887,11132
10887,210
10887,7765
10887,6375
10887,1973
10887,7848
10887,5724
10887,294
10888,1240
10888,3562
10889,11755
10890,7338
10890,8002
10891,702
10892,702
10892,6198
10893,767
10894,702
10895,175
10895,13489
10895,10608
10896,1576
10896,3550
10897,210
10897,21748
10898,17380
10898,8168
10899,10911
10899,6518
10899,175
10900,702
10900,1240
10900,7019
10901,702
10901,4324
10902,7912
10903,19109
10904,15858
10904,5618
10904,20805
10905,175
10905,19513
10905,4324
10906,175
10906,3562
10907,4231
10908,11487
10908,14743
10909,18490
10909,3562
10910,6396
10910,7019
10911,7286
10911,962
10911,19795
10911,629
10911,16386
10911,6591
10911,603
10911,1421
10911,1293
10911,12266
10911,16547
10911,19481
10911,6258
10911,23313
10911,7280
10911,18715
10911,20372
10911,13770
10911,12125
10911,600
10911,22065
10911,2546
10911,6169
10911,22213
10911,14177
10911,23110
10911,1847
10911,16816
10911,1240
10911,7513
10911,13605
10911,12689
10911,23464
10911,12066
10911,2251
10911,21682
10911,2926
10911,1925
10911,3763
10911,11812
10911,2758
10911,11168
10911,17115
10911,10978
10911,7623
10911,7656
10911,5050
10911,23335
10911,1065
10911,6487
10911,20317
10911,22423
10911,15111
10911,1333
10911,24860
10911,15611
10911,15121
10911,20180
10911,15617
10911,12649
10911,15357
10911,10899
10911,11762
10911,6254
10911,12840
10911,18767
10911,15114
10911,17233
10911,3701
10911,18894
10911,19187
10911,2210
10911,2030
10911,1783
10911,2635
10911,16770
10911,3562
10911,21752
10911,1845
10911,10691
10911,12690
10911,14550
10911,22940
10911,14585
10911,13428
10911,2392
10911,7290
10911,1711
10911,13926
10911,19788
10911,18629
10911,23045
10911,16834
10911,8013
10911,10713
10911,2754
10911,22772
10911,7212
10911,10626
10911,15755
10911,22779
10911,10682
10911,7260
10911,6465
10911,1432
10911,10585
10911,18526
10911,1336
10911,23898
10911,23875
10911,11154
10911,1848
10911,19813
10911,2814
10911,12523
10911,135
10911,23412
10911,22876
10911,20425
10911,6304
10911,17036
10911,2404
10911,702
10911,22709
10911,11824
10911,7298
10911,24834
10911,14039
10911,14327
10911,11861
10911,13877
10911,24372
10911,14163
10911,11904
10911,7247
10911,15471
10911,11385
10911,15117
10911,516
10911,10814
10911,1554
10911,10947
10911,22742
10911,15194
10911,7597
10911,7019
10911,18677
10911,1185
10911,14547
10911,13483
10911,14723
10911,2757
10911,24567
10911,15808
10911,14441
10911,24504
10911,13464
10911,19787
10911,1756
10911,13552
10911,20247
10911,19184
10911,14772
10911,4967
10911,19588
10911,7374
10911,7329
10911,22985
10911,4265
10911,20150
10911,10458
10911,15711
10911,20386
10911,22944
10911,19393
10911,596
10911,13767
10911,6324
10911,24172
10911,1045
10911,3550
10911,2915
10911,6720
10911,11247
10911,14436
10911,13822
10912,17159
10912,7343
10912,19734
10912,17399
10912,3562
10912,7431
10912,702
10912,22212
10912,7019
10912,6248
10912,1572
10912,22873
10912,11644
10912,12420
10912,2915
10912,18873
10912,13812
10912,14842
10912,15022
10912,11558
10912,17395
10912,19273
10913,22772
10913,20430
10913,2480
10913,11895
10913,1288
10913,22339
10913,7527
10913,15376
10913,19348
10913,22200
10913,18641
10913,21641
10913,7117
10913,14904
10913,22537
10913,13812
10913,16729
10913,22213
10913,7874
10913,25330
10913,12099
10913,11167
10913,14515
10913,702
10913,19814
10913,12182
10913,15572
10913,22669
10913,13969
10913,11717
10913,10856
10913,15116
10913,22726
10913,5034
10913,3357
10913,2614
10913,18453
10913,15111
10913,23113
10913,6210
10913,19639
10913,14964
10913,16777
10913,7019
10913,14867
10913,15828
10913,13793
10913,17234
10913,23434
10913,20471
10913,609
10913,3562
10913,16839
10913,6961
10913,20386
10913,13706
10913,23545
10913,19470
10913,12206
10913,19012
10913,18737
10913,11550
10913,14393
10913,3550
10913,2915
10913,16634
10914,1156
10914,17343
10914,14414
10914,14900
10914,18457
10914,11562
10914,1892
10914,3011
10914,1132
10914,22098
10914,6819
10914,7019
10914,13828
10914,11821
10914,19244
10914,15973
10914,23173
10914,18852
10914,10241
10914,15286
10914,10524
10914,6180
10914,17232
10914,10746
10914,7111
10914,11949
10914,19049
10914,2671
10914,22213
10914,11314
10914,525
10914,3769
10914,7045
10914,1240
10914,16920
10914,19650
10914,7742
10914,6111
10914,3562
10914,22799
10914,15372
10914,702
10914,13956
10914,23517
10914,1753
10914,10516
10914,1022
10914,11040
10914,10255
10914,432
10914,15192
10914,22726
10914,3550
10914,2915
10914,3357
10914,16485
10914,15077
10915,18491
10915,18991
10916,702
10916,1240
10917,1240
10917,7019
10918,210
10918,3562
10919,3562
10919,12272
10920,175
10920,7019
10921,10934
10921,7079
10922,7030
10923,12182
10923,14637
10923,7133
10924,13769
10925,4266
10925,14744
10926,1240
10926,19263
10927,11097
10928,2153
10928,196
10929,3357
10930,13769
10930,6454
10931,11458
10931,841
10932,702
10932,4324
10933,3217
10933,6858
10933,217
10933,16461
10934,10921
10934,1240
10934,13559
10934,18543
10934,23271
10934,1344
10934,14820
10934,17186
10934,22933
10934,14121
10934,13117
10934,18585
10934,19546
10934,7101
10934,21837
10934,14107
10934,3550
10934,25315
10934,997
10934,1217
10934,3357
10934,13786
10934,2795
10934,13871
10935,14743
10936,22071
10936,19095
10937,13433
10938,22365
10939,7739
10940,5611
10940,2820
10941,175
10941,861
10942,7019
10943,1445
10944,7133
10945,4785
10945,3357
10946,702
10947,10911
10948,19093
10949,4566
10950,3492
10951,702
10951,3562
10952,7019
10952,7133
10953,210
10954,7912
10954,3357
10955,7739
10955,10430
10955,4231
10955,17380
10955,22516
10955,8168
10956,21977
10957,7213
10958,1240
10958,7019
10959,4268
10959,6396
10960,1240
10960,7019
10961,3357
10962,1240
10962,6673
10962,1969
10962,112
10962,10562
10962,11500
10962,22835
10962,10327
10962,175
10962,14326
10962,12231
10963,702
10963,7019
10964,175
10964,19152
10965,7909
10966,16797
10966,6510
10966,17002
10966,685
10967,6994
10968,702
10968,7019
10969,7019
10969,4324
10970,3321
10971,2829
10971,11321
10971,4493
10971,11422
10971,2142
10971,702
10971,210
10971,175
10971,3567
10971,22348
10971,7019
10972,7382
10973,6580
10973,14099
10973,6510
10974,7019
10975,175
10975,8002
10976,13790
10976,12180
10976,7019
10977,7019
10977,16658
10977,4324
10978,10911
10979,702
10979,210
10979,23251
10980,10686
10980,7019
10981,175
10981,1749
10981,853
10982,15219
10982,19030
10983,14963
10984,7304
10985,7019
10985,22562
10986,3562
10986,6530
10987,3117
10987,1643
10987,10453
10987,7304
10988,1240
10989,7912
10989,175
10989,14350
10989,882
10989,10851
10989,11709
10989,13655
10990,8435
10991,624
10992,2829
10992,23623
10993,21220
10994,15207
10994,14837
10995,15086
10995,13344
10995,1951
10995,1669
10995,2055
10995,24167
10995,25304
10995,3357
10996,702
10996,7019
10997,3603
10997,175
10997,13769
10998,702
10998,7019
10999,702
10999,7019
11000,4756
11001,12531
11002,10224
11002,9838
11003,2687
11003,3357
11004,703
11004,702
11004,210
11004,6396
11004,3759
11004,4658
11004,3550
11005,7019
11005,19095
11006,6396
11006,175
11006,3357
11007,4937
11007,19829
11008,702
11008,6518
11009,14536
11009,10453
11009,18748
11009,11665
11009,16815
11009,7304
11010,12531
11010,16008
11011,12146
11012,6462
11012,210
11012,2829
11013,11458
11013,3562
11014,578
11014,5770
11015,3208
11015,4927
11015,1643
11015,18748
11016,14826
11016,23522
11016,211
11016,3357
11016,22308
11016,3550
11016,6316
11017,7019
11018,13250
11019,2915
11020,7019
11021,6396
11021,3357
11022,24946
11022,20745
11022,8789
11023,2279
11023,14984
11024,702
11024,13386
11025,18991
11025,7133
11026,22404
11026,6518
11026,19255
11026,11328
11026,21616
11026,24283
11026,6601
11026,15552
11026,14011
11026,20205
11026,24353
11026,7912
11026,7113
11026,16637
11026,6634
11026,2915
11026,14651
11027,6462
11027,841
11028,702
11029,6940
11030,12832
11030,24725
11031,702
11031,1240
11031,10312
11031,7019
11032,20486
11033,377
11034,9122
11035,175
11035,7778
11036,210
11037,175
11037,15817
11037,4324
11038,16443
11038,7019
11039,2045
11039,702
11040,175
11040,10914
11040,6080
11040,10887
11041,702
11041,7019
11042,14266
11043,210
11043,7019
11044,19095
11045,3357
11045,5714
11046,702
11046,7019
11046,7386
11047,3603
11047,15291
11048,16658
11048,7133
11049,8448
11049,8446
11050,7019
11050,3562
11051,601
11051,3113
11051,11061
11052,6462
11052,1164
11052,3357
11052,4324
11053,210
11053,2829
11053,7386
11054,7019
11054,7893
11055,8474
11056,210
11056,1240
11057,6940
11057,3357
11058,702
11058,175
11058,7019
11058,19095
11058,3562
11058,7133
11059,12007
11060,1240
11060,7019
11061,10784
11061,11051
11061,11624
11061,10797
11062,16853
11063,7019
11064,6396
11065,175
11065,713
11065,3550
11066,20142
11066,6198
11067,210
11067,7019
11068,702
11068,3562
11069,175
11069,4324
11070,11690
11070,16853
11070,4324
11071,702
11071,3550
11072,210
11072,6396
11073,21106
11073,20486
11074,6063
11074,3562
11075,2829
11076,6222
11076,19263
11077,2829
11077,1786
11078,13790
11079,14326
11080,8658
11081,2227
11082,23521
11082,3177
11082,3191
11082,1396
11082,1062
11082,3550
11082,702
11082,1493
11083,210
11083,11501
11083,3357
11084,3258
11085,7795
11085,702
11085,6471
11086,7019
11087,702
11087,17229
11087,7019
11087,7133
11088,8152
11089,702
11089,7019
11090,8062
11090,6984
11091,7019
11091,4324
11092,14745
11092,7386
11093,175
11093,13690
11094,1240
11094,2829
11095,47
11095,19263
11096,4616
11096,2651
11097,11538
11097,18554
11097,10927
11097,10491
11097,718
11097,11215
11097,175
11097,11165
11097,7940
11097,4512
11097,15957
11097,3357
11097,19402
11097,6357
11097,2554
11097,20081
11098,1917
11099,4988
11100,210
11100,4324
11101,13560
11101,7254
11101,14984
11101,14839
11101,210
11101,14391
11101,5642
11101,16811
11101,17055
11102,7895
11102,702
11103,22172
11104,702
11104,7019
11105,6462
11105,175
11105,287
11105,3357
11105,6454
11105,5714
11105,3550
11106,1300
11106,175
11107,7229
11107,7133
11108,2857
11108,6396
11109,702
11110,8064
11110,6389
11111,175
11111,12181
11112,702
11112,1240
11113,175
11113,11961
11113,25251
11113,3258
11113,3550
11114,7912
11114,702
11114,3321
11114,23513
11114,3562
11114,3550
11115,6403
11115,1240
11115,19783
11115,7333
11116,12476
11116,12130
11117,17311
11118,11225
11119,210
11120,578
11120,23499
11121,20805
11122,1240
11122,7133
11123,12390
11123,21167
11123,21192
11124,702
11124,4324
11125,5401
11125,8448
11126,702
11127,7133
11128,7019
11128,24628
11128,3550
11129,927
11129,6198
11130,702
11130,7030
11131,6396
11131,2947
11131,7019
11132,6060
11132,10887
11133,2829
11133,19263
11134,7019
11135,210
11136,6462
11136,4324
11136,19109
11137,8152
11137,2550
11138,210
11139,1924
11140,2253
11140,1240
11140,10604
11140,1274
11140,23994
11140,19247
11140,3418
11141,1240
11141,7019
11142,210
11142,4324
11143,12453
11144,7297
11144,3357
11145,7019
11145,7133
11146,175
11146,1240
11147,19263
11148,1240
11149,1240
11150,19263
11151,7019
11151,3562
11152,3357
11152,3550
11153,1240
11154,10911
11155,702
11155,4324
11156,702
11157,7133
11158,5714
11159,8221
11160,8221
11161,702
11161,1240
11162,6129
11163,8221
11164,1240
11165,238
11165,14042
11165,10311
11165,4514
11165,13721
11165,4740
11165,13372
11165,10491
11165,22646
11165,6080
11165,22823
11165,15170
11165,3304
11165,2153
11165,19030
11165,24879
11165,2498
11165,1436
11165,19549
11165,3492
11165,2904
11165,4437
11165,7386
11165,4324
11165,4638
11165,9681
11165,1785
11165,22774
11165,4566
11165,22213
11165,4789
11165,9319
11165,9506
11165,3787
11165,10027
11165,6328
11165,6940
11165,12009
11165,4767
11165,43
11165,175
11165,8076
11165,6540
11165,11097
11165,5051
11165,20941
11165,4356
11165,7133
11165,11687
11165,5651
11165,4726
11165,7474
11165,15291
11165,6923
11165,102
11165,861
11165,5079
11166,702
11167,12182
11167,3357
11167,10913
11168,10911
11169,14696
11169,3357
11170,1240
11170,7019
11171,1240
11171,3562
11172,702
11172,1240
11173,10437
11173,14250
11173,19039
11173,16961
11173,4288
11173,8152
11173,21604
11173,10561
11173,7019
11173,4270
11173,3091
11173,14000
11173,4321
11173,3492
11173,4254
11173,4337
11173,1649
11173,4314
11173,8008
11173,7081
11173,7126
11173,4261
11173,4298
11173,6343
11173,18735
11173,3969
11173,15108
11173,4291
11173,3122
11173,20033
11173,3211
11173,6928
11173,10480
11173,13879
11173,3550
11173,22909
11173,7039
11173,11678
11174,702
11174,7019
11175,1240
11175,7019
11176,6540
11177,1576
11178,14826
11178,2829
11179,6273
11179,14346
11179,3357
11179,7019
11180,6396
11181,175
11181,11384
11181,12272
11182,3603
11182,15291
11183,13769
11184,702
11184,1240
11185,7019
11185,3562
11186,7019
11187,175
11187,3357
11188,19095
11189,22757
11189,7133
11190,4379
11190,6396
11191,15207
11191,3562
11192,7133
11192,19030
11193,23006
11193,18644
11194,7909
11195,3594
11196,14609
11196,25334
11197,702
11198,10756
11198,17357
11199,702
11199,1240
11200,702
11201,6222
11202,8894
11202,4231
11202,10430
11202,8221
11202,3357
11203,5534
11203,25138
11204,8339
11204,20878
11205,702
11205,175
11206,16811
11207,238
11207,20116
11208,3357
11209,19095
11210,702
11210,6129
11211,4324
11212,7133
11213,7066
11213,7133
11214,3357
11215,11097
11216,7912
11216,702
11216,3357
11216,4324
11217,175
11217,6080
11218,702
11218,7019
11219,210
11220,175
11220,3357
11221,703
11221,210
11222,13399
11222,19095
11223,4566
11224,1240
11224,5512
11225,1240
11225,11118
11225,316
11225,12345
11225,3357
11225,10520
11225,12352
11226,3603
11226,6540
11227,6462
11228,7030
11229,1240
11229,7019
11230,2915
11231,175
11232,6223
11233,702
11233,1240
11233,7019
11233,16740
11234,702
11234,13690
11235,16151
11236,210
11236,7019
11237,1669
11237,3357
11237,4324
11237,4437
11238,6141
11239,7460
11240,14391
11240,6494
11241,19159
11242,8518
11243,1917
11243,10716
11244,6129
11245,12453
11246,702
11246,7133
11247,2915
11247,210
11247,10911
11247,702
11248,702
11248,2829
11249,702
11249,7019
11250,702
11250,1240
11251,702
11252,6518
11253,210
11253,211
11254,4324
11254,7133
11255,12847
11256,6396
11256,4324
11257,6080
11258,15297
11258,853
11259,2915
11259,2829
11260,17401
11260,933
11260,6454
11260,1010
11260,8658
11261,19634
11261,702
11261,22637
11261,8112
11261,22506
11261,14254
11261,853
11262,4264
11263,18991
11263,210
11264,702
11264,7133
11265,17233
11266,19963
11266,4324
11267,14362
11267,456
11267,22823
11267,3357
11267,6328
11267,3550
11267,4324
11268,175
11268,8469
11268,6454
11269,6338
11270,19627
11270,13803
11270,1274
11270,23961
11271,10242
11271,210
11271,6396
11271,24034
11272,7909
11273,2829
11273,6396
11274,702
11274,1240
11274,7019
11275,2915
11275,4324
11276,7019
11276,199
11277,1240
11277,4324
11278,21865
11278,7609
11279,6462
11279,2915
11280,6462
11280,1436
11281,702
11282,175
11282,3357
11283,12065
11284,6994
11284,7019
11285,1917
11286,19030
11286,7386
11287,702
11287,7019
11288,4324
11288,7133
11289,10247
11289,12969
11289,20805
11289,9451
11290,1240
11290,7019
11291,3603
11291,13769
11291,7993
11291,6454
11291,853
11292,7133
11292,16026
11293,14052
11293,20173
11293,19405
11294,2154
11294,2153
11295,23006
11296,20184
11296,702
11296,2829
11297,8882
11298,277
11298,6923
11299,6462
11300,702
11301,210
11301,702
11301,10524
11302,19025
11302,14939
11303,13673
11303,1093
11304,3357
11304,4324
11305,13641
11306,13769
11307,3357
11307,19025
11308,210
11308,6994
11309,10851
11309,11956
11310,3550
11311,6462
11311,8221
11312,6141
11312,15202
11312,22928
11312,7304
11312,10835
11313,3562
11314,10914
11314,7019
11315,6850
11316,12957
11316,20322
11316,677
11316,19423
11317,1240
11318,2573
11318,22246
11318,2702
11318,11538
11318,2699
11318,2497
11318,11660
11318,7897
11318,210
11318,2496
11318,5079
11319,175
11319,10887
11320,2829
11320,7386
11321,2597
11321,905
11321,210
11321,10669
11321,7019
11321,10971
11321,11739
11322,210
11322,5057
11322,1466
11322,7030
11322,7019
11323,702
11323,6518
11324,703
11324,702
11324,704
11324,3562
11325,6518
11326,7133
11327,20805
11327,12742
11328,11026
11328,4324
11329,210
11329,3562
11330,702
11330,3357
11331,4324
11332,175
11332,14718
11333,20137
11333,5007
11334,210
11334,15051
11334,7090
11334,4324
11335,702
11335,7019
11336,6940
11337,702
11337,19856
11338,8585
11339,17380
11340,702
11341,3440
11341,23141
11341,6430
11341,7005
11341,3179
11342,16714
11343,702
11343,175
11343,578
11343,813
11344,210
11344,25048
11345,2097
11345,14744
11346,7092
11346,23343
11347,5007
11348,2829
11348,3357
11349,2498
11349,4695
11350,14990
11351,11564
11352,1424
11352,22936
11352,12538
11352,19390
11352,2444
11352,16639
11352,24154
11352,14929
11352,2815
11352,14578
11352,3357
11352,6686
11352,631
11353,19263
11354,210
11354,22646
11354,16906
11355,6385
11355,4324
11356,702
11356,7019
11357,13646
11358,2829
11358,7019
11358,19095
11359,175
11360,12354
11360,2861
11361,702
11361,1240
11362,175
11363,21220
11364,702
11364,12275
11365,702
11365,7019
11366,702
11366,3550
11367,210
11367,3357
11367,4324
11368,1240
11368,23551
11368,22540
11369,702
11369,2829
11370,6198
11371,18793
11371,3562
11372,702
11373,7019
11373,19109
11374,8199
11375,2829
11375,3357
11376,4324
11377,702
11377,1240
11378,210
11378,1240
11379,22823
11380,210
11381,7133
11382,210
11382,1240
11382,7019
11383,6518
11383,3562
11384,22875
11384,6518
11384,217
11384,6940
11384,11181
11385,10911
11386,702
11387,2947
11388,702
11388,7133
11389,13769
11390,702
11391,4231
11392,210
11393,22928
11394,729
11394,175
11395,7133
11396,702
11396,14743
11397,210
11397,175
11397,22774
11397,7386
11398,5292
11399,11979
11399,1240
11399,3705
11399,18958
11399,1862
11399,20019
11399,2856
11399,16668
11399,3357
11399,7090
11400,13537
11400,7850
11401,11487
11402,7754
11402,7261
11402,3550
11402,4324
11403,4324
11404,6462
11404,6540
11404,19152
11404,6940
11404,2517
11404,861
11404,8002
11404,3357
11405,6540
11405,3492
11405,6940
11405,3131
11405,2915
11405,891
11405,23266
11405,499
11405,22060
11405,19030
11405,16504
11406,210
11407,8062
11407,17254
11408,3357
11408,4324
11409,21744
11410,14746
11410,6198
11411,1786
11412,4514
11412,19263
11413,1240
11413,7019
11414,702
11414,210
11415,8403
11415,1240
11415,6518
11415,8122
11415,5559
11415,567
11416,1240
11416,7019
11417,23343
11418,175
11418,22336
11418,6326
11419,175
11420,10430
11421,6396
11421,7019
11422,14711
11422,10971
11423,2829
11424,2648
11425,1240
11425,6518
11425,10467
11426,6396
11427,19057
11427,13837
11427,22539
11427,13734
11427,14944
11427,19838
11427,1669
11427,2482
11427,21772
11427,12230
11427,2930
11427,18539
11427,19549
11427,22938
11427,25026
11427,16199
11427,23060
11427,3357
11427,2984
11427,17032
11427,12279
11428,12271
11428,23115
11428,15449
11428,17292
11428,23760
11428,15429
11428,1669
11428,15033
11428,2934
11428,164
11428,14505
11428,6770
11428,2627
11428,1954
11428,20468
11428,22029
11428,23287
11428,4324
11428,6098
11428,6120
11428,412
11428,17017
11428,3357
11428,10501
11429,4324
11430,702
11430,3357
11431,210
11431,12738
11432,15181
11433,22342
11433,4231
11433,17380
11433,18748
11433,16736
11434,8709
11435,175
11435,3562
11436,15606
11436,4324
11437,3357
11438,702
11439,1052
11440,210
11440,702
11440,1240
11440,7019
11441,16658
11441,4324
11442,702
11442,19095
11443,82
11444,8818
11444,11581
11445,7019
11446,14743
11447,19010
11448,3217
11449,3357
11450,702
11450,1240
11451,702
11451,1240
11452,7909
11452,7304
11453,702
11453,210
11453,6396
11453,3755
11453,1786
11454,22774
11455,19095
11456,16946
11456,3562
11457,10829
11457,24678
11457,15504
11457,6133
11457,22219
11457,2728
11457,14455
11457,658
11457,7019
11457,6917
11457,6146
11457,7912
11457,24040
11457,7364
11457,4324
11457,3550
11457,210
11457,7828
11457,11849
11457,21610
11457,6926
11457,17289
11457,21951
11458,6462
11458,13385
11458,12050
11458,11482
11458,13908
11458,23051
11458,2915
11458,4978
11458,10931
11458,11919
11458,175
11458,12180
11458,21866
11458,1486
11458,11013
11458,23401
11459,7019
11460,210
11461,210
11462,20486
11463,702
11464,1240
11464,19095
11465,7133
11466,7019
11467,702
11467,3550
11468,1240
11468,19263
11469,6540
11469,702
11469,15291
11469,853
11470,2545
11470,210
11471,6396
11472,175
11473,22626
11473,4324
11474,702
11474,7019
11475,210
11475,6396
11476,6403
11476,702
11476,4324
11477,7133
11477,19030
11478,6182
11479,6540
11479,13769
11480,702
11480,7019
11480,13791
11481,702
11481,7019
11482,11458
11482,6195
11482,4324
11483,6396
11483,3755
11484,210
11485,1240
11486,23266
11486,12112
11487,12157
11487,19142
11487,3134
11487,14496
11487,11940
11487,15753
11487,7047
11487,13911
11487,22950
11487,10678
11487,6353
11487,2437
11487,12143
11487,11401
11487,1189
11487,23191
11487,15884
11487,14694
11487,22897
11487,6433
11487,1119
11487,23186
11487,149
11487,10908
11487,15298
11487,16540
11487,7756
11487,20047
11487,11630
11487,20247
11487,1233
11487,22551
11487,19650
11487,23122
11487,21810
11487,702
11487,7046
11487,23451
11487,10006
11487,11928
11487,17089
11487,18708
11487,13933
11487,19426
11487,21840
11488,175
11489,2059
11489,12007
11490,377
11490,853
11491,210
11491,19263
11492,702
11492,10345
11492,7133
11492,22629
11493,210
11493,7019
11493,3357
11493,7157
11493,4324
11494,550
11494,23499
11495,7019
11495,1786
11496,6462
11496,8929
11496,175
11496,12946
11496,3258
11496,3550
11497,175
11497,7019
11498,8168
11499,11665
11500,10962
11500,10579
11501,2552
11501,11083
11502,7893
11503,2875
11504,2829
11505,175
11506,702
11506,2829
11507,2829
11508,15558
11509,6396
11509,3550
11510,24697
11510,175
11510,12029
11510,20120
11510,3492
11510,3550
11510,6499
11511,210
11512,15439
11512,22199
11512,175
11512,19097
11512,23932
11512,16479
11512,10467
11513,5618
11514,175
11515,8765
11515,13195
11516,702
11516,1240
11517,3755
11518,12043
11518,210
11519,702
11519,10476
11520,8152
11521,702
11521,12180
11521,3550
11522,703
11522,2111
11522,702
11522,287
11522,8358
11523,5691
11524,702
11525,702
11525,175
11525,19714
11525,2704
11525,12411
11525,10810
11525,14743
11526,13207
11526,4324
11527,14746
11527,7019
11528,702
11528,7019
11528,4324
11529,19894
11529,1240
11530,1240
11530,19263
11531,24460
11531,19571
11531,1240
11531,22312
11531,14047
11532,20300
11533,1300
11534,703
11534,702
11534,1240
11534,6328
11535,6518
11535,1786
11536,15279
11536,6129
11537,7019
11537,13334
11538,7661
11538,277
11538,20966
11538,3755
11538,601
11538,11318
11538,2908
11538,10491
11538,10765
11538,4109
11538,19783
11538,3304
11538,10579
11538,19030
11538,298
11538,16383
11538,17580
11538,2211
11538,9265
11538,58
11538,1252
11538,16906
11538,4622
11538,7540
11538,10547
11538,11835
11538,4558
11538,23856
11538,6940
11538,7576
11538,10422
11538,7203
11538,514
11538,211
11538,5051
11538,19152
11538,3913
11538,669
11538,20389
11538,102
11538,14049
11538,294
11538,238
11538,22389
11538,23797
11538,7083
11538,3715
11538,4601
11538,2154
11538,3663
11538,6510
11538,10887
11538,2382
11538,1298
11538,25
11538,3179
11538,454
11538,5583
11538,22336
11538,3677
11538,5662
11538,2019
11538,1917
11538,12159
11538,20081
11538,18593
11538,11097
11538,1104
11538,3550
11538,12386
11538,6923
11538,3113
11538,1843
11538,11745
11538,10467
11538,16431
11539,15271
11539,13489
11539,19030
11540,3562
11541,6462
11541,702
11542,12130
11543,20805
11544,175
11544,13408
11545,210
11545,5007
11546,210
11546,175
11546,6396
11546,7019
11546,4324
11547,11715
11548,1052
11548,14564
11549,1240
11550,1240
11550,10913
11551,4280
11551,7019
11551,417
11551,4324
11552,175
11553,702
11553,7019
11554,5401
11554,4638
11554,702
11554,210
11554,1240
11554,704
11554,1222
11554,4324
11555,21548
11556,2829
11557,22011
11557,3230
11557,23361
11557,6763
11557,3101
11557,3382
11557,3343
11557,702
11557,3286
11557,23415
11557,3413
11557,3189
11557,3251
11557,14552
11557,3087
11557,3387
11557,3552
11557,3550
11557,3193
11557,10392
11558,10912
11559,7019
11559,10467
11560,210
11561,7019
11562,10914
11563,14552
11563,702
11563,17288
11563,6506
11563,1241
11563,3550
11564,6535
11564,702
11564,11351
11564,16820
11564,4324
11565,702
11565,15271
11566,2915
11566,13790
11567,6462
11567,2857
11568,8752
11569,601
11569,14132
11570,175
11571,175
11572,16815
11572,11665
11573,2829
11574,6462
11574,175
11574,3357
11574,3562
11575,7229
11576,12852
11577,7019
11578,19095
11579,210
11579,7019
11580,3562
11580,3550
11581,3492
11581,12377
11581,15413
11581,23702
11581,11444
11581,14622
11581,702
11581,17176
11581,16423
11582,19430
11583,6396
11583,3550
11584,1240
11584,6198
11585,17055
11585,19095
11586,8978
11586,8709
11587,3562
11587,7133
11588,19963
11589,15313
11589,7137
11589,13454
11589,23364
11589,6530
11589,10818
11589,3550
11589,18991
11589,210
11589,3357
11589,7019
11589,12990
11589,24098
11590,7261
11591,13610
11591,7019
11591,19095
11592,1786
11593,8709
11594,4324
11595,702
11595,175
11596,7019
11596,7018
11597,7019
11598,24192
11598,4324
11599,210
11599,1240
11599,1320
11599,7019
11600,15590
11600,8929
11601,6462
11601,210
11602,12969
11602,20805
11603,14620
11603,14264
11604,1240
11605,7019
11606,702
11607,702
11607,12272
11608,14620
11608,14264
11609,6940
11609,3562
11609,13948
11609,175
11609,23266
11609,935
11609,3304
11609,6540
11609,2498
11609,1921
11609,3492
11609,2517
11609,3550
11609,19282
11609,4638
11609,2915
11609,3558
11609,6454
11610,210
11610,7019
11611,7030
11611,20037
11612,6286
11613,1240
11614,6540
11614,685
11615,19262
11616,19095
11617,7019
11618,23340
11618,7909
11618,18735
11619,13416
11620,5007
11621,7133
11622,3562
11623,702
11623,14745
11623,3562
11624,7019
11624,11061
11625,702
11625,175
11625,7019
11626,13769
11626,6328
11627,2829
11627,13769
11628,13792
11629,2915
11629,7133
11630,11487
11630,6129
11630,3550
11631,19914
11632,2829
11633,2829
11634,6141
11634,10430
11635,7019
11635,4324
11636,702
11636,1240
11637,3603
11638,210
11638,6518
11638,16853
11639,210
11639,2829
11640,702
11640,210
11641,7019
11642,1240
11642,3562
11643,19093
11643,21948
11644,7912
11644,6540
11644,1240
11644,6940
11644,3562
11644,210
11644,702
11644,10912
11644,3357
11644,2153
11645,3558
11646,1681
11647,22774
11647,7133
11648,3603
11648,175
11648,15291
11648,6797
11648,6454
11649,7333
11650,12112
11650,4324
11651,702
11651,1240
11652,7912
11652,23353
11652,6940
11652,6454
11652,3550
11653,23330
11654,14552
11654,702
11654,7019
11655,702
11655,7019
11656,702
11656,175
11657,702
11658,702
11658,8221
11658,7019
11659,210
11659,2829
11660,11318
11660,2496
11661,175
11661,3357
11662,6328
11662,853
11663,6462
11663,559
11664,175
11664,2829
11664,3357
11665,3168
11665,22502
11665,22928
11665,21825
11665,1627
11665,3128
11665,3130
11665,22700
11665,3235
11665,3185
11665,12253
11665,22081
11665,21757
11665,22679
11665,11009
11665,14536
11665,4388
11665,20044
11665,3287
11665,20003
11665,20322
11665,10698
11665,7304
11665,7418
11665,3183
11665,4312
11665,3450
11665,3252
11665,18577
11665,20118
11665,11572
11665,3318
11665,12151
11665,20107
11665,14846
11665,11499
11665,17402
11665,3105
11665,15035
11665,19038
11665,4271
11666,7386
11667,3603
11667,6540
11667,10521
11667,853
11668,6362
11668,2773
11668,7133
11669,4324
11669,7133
11670,6396
11670,7019
11670,11856
11671,6518
11671,7019
11672,12183
11673,2785
11673,19095
11674,175
11675,6396
11675,1240
11676,19095
11676,1589
11676,7133
11677,210
11677,702
11677,1240
11677,7019
11677,10398
11677,19095
11678,6343
11678,11173
11678,8152
11679,294
11680,8834
11681,1240
11681,3357
11682,7019
11682,19030
11683,702
11684,19644
11684,7019
11684,3357
11685,1837
11685,6831
11686,4324
11686,7133
11687,238
11687,10311
11687,6537
11687,4182
11687,6673
11687,4514
11687,18608
11687,14362
11687,6383
11687,22823
11687,15170
11687,7019
11687,19783
11687,3451
11687,19030
11687,24879
11687,22967
11687,3480
11687,6433
11687,13681
11687,7947
11687,11165
11687,1785
11687,13769
11687,2382
11687,22774
11687,12223
11687,1768
11687,22213
11687,6326
11687,3596
11687,1240
11687,9506
11687,6940
11687,7333
11687,3562
11687,6129
11687,43
11687,13646
11687,2712
11687,175
11687,7042
11687,23353
11687,7229
11687,6204
11687,23505
11687,6540
11687,19152
11687,20941
11687,7133
11687,4356
11687,5651
11687,22616
11687,15291
11687,861
11687,3357
11687,863
11687,14049
11687,12084
11688,7133
11689,210
11689,3550
11690,11070
11691,210
11692,210
11692,175
11692,3562
11693,1240
11694,15088
11695,6141
11696,3562
11697,175
11697,13790
11698,4638
11698,210
11698,175
11698,6940
11698,2517
11698,19030
11699,5604
11699,5436
11700,23266
11701,2397
11701,175
11701,1749
11701,853
11702,210
11702,1786
11703,15271
11703,4324
11704,1749
11705,702
11705,2829
11706,4590
11706,3321
11706,175
11707,10430
11707,14841
11707,17380
11707,811
11708,16678
11708,3357
11708,23447
11708,14049
11708,14947
11709,1240
11709,10989
11710,6396
11710,7893
11711,2829
11711,14743
11712,210
11713,210
11713,6390
11713,5215
11713,6198
11714,3321
11715,7897
11715,1253
11715,3357
11715,11547
11716,175
11716,7019
11717,2915
11717,702
11717,10913
11718,24731
11718,21393
11718,19596
11719,175
11720,702
11720,7019
11721,7019
11722,4324
11723,702
11723,7019
11724,23127
11725,15271
11726,6384
11727,2915
11727,6540
11727,1240
11727,3492
11727,6940
11727,19152
11727,3131
11727,19030
11728,19753
11729,13322
11730,210
11730,7019
11731,702
11731,1240
11732,12179
11732,6518
11733,702
11733,210
11734,210
11734,7019
11735,702
11735,1240
11735,3357
11736,702
11736,7133
11737,14620
11737,14264
11738,1240
11738,7019
11739,7229
11739,11321
11740,2915
11740,2829
11740,7386
11741,702
11741,210
11741,7019
11742,23266
11743,23149
11743,13489
11743,19963
11744,702
11744,1240
11744,7019
11744,10579
11745,11538
11746,10368
11746,10579
11746,3550
11747,702
11747,7386
11747,4324
11748,7092
11749,2059
11749,19263
11750,24990
11750,13238
11751,7304
11752,10882
11753,8221
11754,210
11754,19095
11755,10889
11755,702
11755,22299
11756,175
11756,4324
11757,19963
11758,1576
11758,7019
11759,19152
11760,6328
11761,601
11761,3113
11762,10911
11763,210
11764,21017
11764,12579
11765,7912
11766,1240
11767,2585
11767,2915
11767,6237
11767,175
11767,11865
11767,3550
11768,6540
11768,6328
11769,210
11769,13790
11770,22774
11771,2829
11772,3357
11773,3258
11774,22443
11774,6923
11775,6462
11775,702
11775,6396
11776,8575
11777,19766
11777,3357
11777,7019
11778,14859
11778,7019
11779,16853
11779,6129
11780,702
11780,1240
11781,6403
11782,702
11782,13386
11783,175
11783,3550
11784,23245
11785,1785
11786,7082
11786,175
11787,702
11787,7019
11788,702
11788,19030
11789,7133
11790,702
11790,3357
11790,7019
11790,3562
11791,6462
11791,3357
11792,14826
11792,1240
11792,2829
11793,21489
11794,13264
11795,7030
11795,22053
11795,7019
11796,7912
11796,2829
11796,3562
11796,4324
11796,3550
11796,702
11796,7019
11796,3357
11797,1240
11797,23431
11797,7019
11797,20095
11797,14704
11798,1240
11798,7019
11799,2829
11799,7386
11800,6328
11801,3293
11801,3308
11802,8709
11803,8168
11804,22365
11805,3562
11806,175
11806,1749
11807,1823
11807,11893
11807,7019
11808,702
11808,6454
11809,102
11809,23139
11810,210
11810,5662
11811,702
11811,19095
11812,10911
11812,7019
11813,7019
11814,3357
11814,19263
11815,175
11816,7304
11817,1240
11817,3291
11817,5512
11818,23228
11818,23330
11818,6129
11819,702
11820,4324
11821,10914
11821,3550
11821,19025
11822,16658
11823,210
11824,10911
11824,13790
11825,13769
11825,3550
11826,175
11826,4514
11827,702
11827,1240
11827,7019
11828,702
11828,18886
11828,1240
11829,6326
11830,702
11830,1240
11831,702
11831,1240
11831,3562
11832,702
11832,2829
11833,702
11833,1240
11834,1240
11834,249
11835,6462
11835,175
11835,11538
11835,22193
11836,8168
11837,7019
11838,175
11838,22602
11838,16714
11838,4324
11839,15088
11839,7019
11840,2915
11840,6518
11841,1377
11841,1022
11842,24385
11842,18535
11842,10576
11842,2424
11842,19152
11842,3562
11842,2915
11842,702
11842,23149
11842,3357
11842,5727
11843,210
11843,4182
11843,3550
11844,702
11844,3562
11845,18882
11846,12379
11846,1300
11846,2906
11846,22387
11846,16395
11846,3562
11846,5714
11847,6460
11847,14990
11847,13924
11848,702
11848,6057
11848,22271
11848,7019
11848,3357
11849,3321
11849,11457
11850,789
11851,1240
11852,14990
11852,1444
11853,175
11854,13495
11854,14277
11854,19774
11854,22396
11854,23389
11854,702
11854,14082
11854,19994
11854,16925
11854,1336
11854,7019
11854,23085
11854,21641
11854,7682
11854,16806
11854,3550
11854,20462
11854,19463
11854,18705
11854,3357
11854,13811
11854,22018
11855,702
11855,19235
11855,6454
11855,853
11855,3550
11856,4268
11856,5694
11856,3562
11856,16777
11856,14858
11856,7019
11856,2534
11856,23212
11856,19348
11856,11670
11856,16487
11856,22759
11856,7117
11856,3550
11856,19049
11856,16729
11856,3357
11857,8003
11857,1300
11857,18696
11857,3321
11857,3562
11858,7019
11859,6462
11859,6540
11859,6518
11859,175
11859,19030
11860,6123
11860,13856
11861,10911
11862,210
11862,702
11863,702
11863,2829
11863,7830
11864,702
11865,16853
11865,11767
11866,210
11866,4324
11867,6518
11868,18535
11868,12629
11868,6940
11868,7204
11868,702
11868,8002
11868,7019
11868,217
11868,19030
11868,990
11868,2153
11868,6540
11868,2498
11868,5428
11868,3492
11868,13238
11868,19152
11868,6408
11868,2517
11868,10734
11868,210
11868,22299
11868,9444
11868,6140
11868,3558
11868,294
11869,11993
11870,1240
11870,3357
11871,702
11871,7019
11872,7333
11872,4324
11873,6396
11873,3755
11873,4324
11874,3562
11874,12183
11875,2829
11876,210
11876,18886
11877,8199
11878,10797
11879,4941
11880,175
11880,17055
11881,1240
11881,1093
11882,7019
11883,4324
11883,7133
11884,4514
11884,6080
11885,702
11885,175
11886,1240
11886,19263
11887,23900
11887,2829
11887,12181
11887,3550
11888,210
11889,175
11889,1240
11890,1300
11890,702
11890,3357
11891,4638
11891,702
11891,3357
11892,702
11892,210
11893,210
11893,11807
11894,19275
11894,6940
11895,7019
11895,10913
11896,1786
11897,7739
11897,4231
11898,210
11899,1240
11900,6396
11901,1576
11902,1240
11902,19263
11903,702
11904,10911
11905,7453
11905,210
11906,1240
11906,7019
11907,9154
11908,3562
11909,6396
11909,10531
11909,5203
11909,702
11909,13498
11909,800
11909,3304
11909,3357
11909,6245
11910,6462
11910,21669
11910,2206
11910,6597
11910,3357
11911,20232
11911,7019
11912,702
11912,6396
11912,7019
11913,2078
11914,2829
11914,7133
11915,702
11916,7460
11916,2829
11916,3357
11917,2915
11918,15291
11918,6328
11919,2742
11919,11458
11920,7714
11920,3492
11920,9231
11920,17996
11920,17502
11920,3550
11920,17977
11920,17894
11920,10131
11920,9876
11920,13413
11920,18396
11920,17661
11921,175
11921,12241
11921,19095
11922,7739
11922,4469
11922,3550
11923,2915
11923,6540
11923,19152
11923,3357
11923,3550
11923,19030
11923,7386
11924,12696
11924,4896
11925,210
11925,7019
11926,20116
11927,702
11927,294
11928,702
11928,11487
11929,175
11929,3357
11930,4324
11931,702
11931,7019
11932,1786
11933,8197
11933,8221
11934,1240
11934,7019
11935,3210
11936,2915
11936,22823
11937,1837
11938,7019
11939,3328
11940,702
11940,11487
11941,8247
11941,15834
11942,1240
11942,7474
11942,175
11943,13792
11943,4324
11944,702
11944,5674
11945,210
11945,702
11946,7912
11946,16468
11947,1240
11947,3550
11948,6462
11948,3562
11949,7912
11949,1669
11949,10914
11949,861
11949,3357
11950,702
11950,4324
11951,702
11951,7019
11952,6462
11952,175
11953,15577
11953,13031
11954,210
11954,13386
11955,702
11955,210
11955,1240
11956,21523
11956,20232
11956,2072
11956,3425
11956,7897
11956,2271
11956,1669
11956,3357
11956,11309
11956,7018
11956,19020
11957,702
11957,102
11958,7019
11958,14744
11959,6396
11959,3901
11959,4324
11960,18991
11960,7133
11961,3154
11961,22352
11961,10570
11961,6454
11961,11113
11962,19093
11962,210
11962,1240
11963,175
11964,1240
11964,7133
11965,17114
11965,13408
11966,702
11967,789
11968,6313
11968,6204
11969,702
11969,6199
11970,22926
11970,175
11970,15271
11971,6387
11971,7019
11972,7019
11973,4324
11974,4324
11975,2915
11975,19025
11976,7067
11976,1157
11977,7912
11977,702
11977,17287
11977,3357
11978,5519
11979,11399
11979,1240
11979,2829
11980,10519
11980,210
11980,7030
11981,4324
11981,6384
11982,175
11982,22774
11983,8407
11983,16044
11984,956
11985,210
11985,2829
11985,1240
11985,19095
11986,702
11987,210
11987,755
11988,702
11988,7133
11989,210
11989,7133
11990,10797
11991,210
11991,4928
11991,1240
11991,7019
11992,5660
11993,1240
11993,21511
11993,5787
11993,22540
11993,702
11993,17096
11993,1669
11993,14975
11993,23000
11993,11869
11993,6669
11993,3550
11993,24371
11993,20373
11993,750
11993,3357
11994,7739
11994,8168
11995,3270
11996,14263
11996,7019
11996,755
11997,7019
11997,4324
11998,3357
11999,6540
11999,856
12000,2829
12000,7133
12001,1240
12001,7019
12002,7133
12003,210
12004,1240
12004,19095
12005,210
12006,7895
12006,210
12007,19286
12007,1731
12007,3562
12007,702
12007,24122
12007,1622
12007,7019
12007,14706
12007,2392
12007,21718
12007,23012
12007,13313
12007,14623
12007,19481
12007,14430
12007,3550
12007,12097
12007,11059
12007,19187
12007,21778
12007,15665
12007,97
12007,14718
12007,14177
12007,11489
12007,22332
12008,2857
12008,210
12008,7019
12008,7133
12009,6462
12009,6540
12009,2829
12009,2906
12009,6940
12009,2517
12009,3550
12009,4638
12009,2915
12009,11165
12009,3304
12010,702
12010,19093
12010,175
12010,2829
12011,15291
12011,23499
12012,20002
12013,175
12014,702
12014,210
12014,6396
12014,6994
12014,7386
12015,2915
12015,175
12015,3562
12016,7912
12016,702
12016,1240
12016,7130
12017,1240
12017,7133
12018,19020
12019,702
12019,7019
12020,8343
12020,6855
12021,19095
12021,4324
12022,19753
12022,10521
12022,23499
12022,14367
12022,14473
12022,23007
12022,175
12022,23253
12022,15291
12022,23374
12022,10748
12023,702
12024,13642
12025,16658
12025,3357
12025,6129
12026,1743
12027,702
12027,1240
12027,13073
12027,25295
12028,3357
12028,14676
12029,702
12029,2829
12029,11510
12030,16779
12030,1240
12031,1240
12031,2552
12032,4324
12033,6080
12034,1240
12034,22562
12035,22567
12036,7019
12037,8062
12037,7019
12038,7912
12038,1240
12038,3357
12039,2915
12039,175
12040,14743
12041,1240
12041,3562
12042,702
12042,6454
12043,17196
12043,1240
12043,10766
12043,493
12043,11518
12043,3562
12043,3790
12043,2213
12043,17163
12043,12113
12043,175
12043,1311
12043,7019
12043,23963
12043,1508
12043,21874
12043,8016
12043,10338
12044,210
12044,6396
12045,210
12045,175
12045,3562
12046,6518
12046,6940
12046,3550
12047,15736
12047,20966
12048,20116
12048,5669
12049,2829
12050,1240
12050,11458
12051,210
12051,1240
12052,22774
12052,19030
12053,7019
12053,4324
12054,3562
12055,7133
12056,1240
12056,4324
12057,702
12058,20633
12059,3603
12059,703
12059,702
12059,1240
12059,7019
12060,3603
12060,1916
12060,8002
12060,6454
12061,7912
12061,6523
12061,16749
12061,3321
12061,17379
12061,13710
12062,702
12062,1240
12063,7019
12064,7019
12065,13930
12065,13399
12065,10787
12065,20048
12065,7019
12065,16612
12065,21747
12065,15331
12065,2646
12065,14922
12065,12219
12065,14757
12065,19355
12065,22335
12065,23509
12065,11283
12065,22774
12065,22589
12065,8192
12065,3145
12066,10911
12067,14552
12067,702
12067,23521
12067,1240
12068,702
12068,3562
12068,1059
12069,4437
12070,1240
12070,14886
12070,23270
12071,7912
12071,175
12071,7019
12072,2829
12072,14718
12073,6850
12074,23330
12074,6129
12075,175
12076,7019
12076,7133
12077,8196
12077,3492
12077,3357
12077,3247
12078,13769
12079,21380
12080,702
12080,3357
12081,210
12081,21866
12081,24145
12082,7019
12083,19407
12083,7019
12083,4324
12084,1240
12084,3492
12084,19152
12084,3562
12084,3550
12084,11687
12084,14499
12084,702
12084,7315
12084,3357
12085,175
12086,702
12086,3562
12087,2915
12088,702
12088,14514
12089,702
12089,3357
12090,7133
12091,7019
12092,4514
12092,12183
12093,210
12093,7019
12093,4324
12094,175
12095,702
12096,14536
12096,15735
12096,12181
12097,2059
12097,702
12097,6179
12097,12007
12098,1240
12098,17055
12098,10797
12099,702
12099,10913
12100,2829
12100,6396
12101,702
12102,1240
12103,6424
12104,702
12104,1240
12104,7019
12105,14670
12105,3562
12106,7019
12107,702
12107,4324
12108,6179
12108,6940
12109,175
12109,1749
12110,3357
12111,702
12111,4514
12112,11486
12112,19775
12112,1987
12112,12127
12112,19539
12112,3562
12112,22794
12112,14343
12112,11650
12112,7097
12112,3357
12112,14085
12113,12043
12113,1677
12113,2829
12114,175
12114,3357
12115,702
12115,1240
12116,702
12116,1240
12116,7133
12117,7019
12117,3562
12118,8196
12119,5051
12120,2915
12120,7019
12121,702
12121,19030
12122,1257
12122,13646
12123,703
12123,702
12123,3357
12124,12182
12124,22774
12125,2909
12125,6462
12125,6540
12125,10911
12125,4277
12125,6533
12125,6940
12125,2517
12125,4324
12125,23337
12125,8002
12125,23368
12125,217
12125,22868
12126,3302
12126,8435
12127,2829
12127,12112
12128,12957
12128,13683
12128,17080
12129,4324
12130,8181
12130,1498
12130,984
12130,3562
12130,15155
12130,23328
12130,10424
12130,11542
12130,18542
12130,21528
12130,1980
12130,2326
12130,19585
12130,22769
12130,7950
12130,14138
12130,19873
12130,13684
12130,3357
12130,11116
12130,20472
12131,1246
12131,175
12131,16130
12131,4324
12131,20071
12132,702
12132,4324
12133,8929
12133,175
12134,5057
12134,1240
12135,7019
12135,3357
12136,17380
12137,8764
12137,17380
12138,4266
12139,210
12139,18485
12140,19093
12140,1240
12140,21948
12141,8168
12142,702
12143,1240
12143,11487
12144,175
12144,7386
12145,4928
12145,7133
12146,14042
12146,11011
12146,15296
12146,195
12147,23343
12147,7386
12147,14744
12148,1240
12148,7019
12149,10491
12150,6518
12150,3562
12151,11665
12151,7304
12152,3755
12152,16658
12152,7012
12153,7019
12154,702
12154,7019
12155,702
12155,6514
12156,210
12157,11487
12158,175
12158,14718
12159,11538
12159,1298
12159,19402
12159,22389
12159,294
12160,1240
12160,7019
12161,13454
12162,702
12162,1240
12163,6080
12164,702
12164,7019
12164,6093
12165,8343
12165,20486
12166,1240
12166,2829
12167,1274
12167,25181
12168,702
12168,19095
12168,3550
12168,7133
12169,2915
12169,702
12169,3492
12169,6940
12169,3357
12170,210
12170,702
12170,2141
12171,19753
12172,18930
12173,2380
12173,7019
12174,6984
12175,3492
12175,6080
12176,7019
12177,210
12177,3550
12178,210
12178,4324
12179,14040
12179,1240
12179,19184
12179,3562
12179,7329
12179,702
12179,7019
12179,14463
12179,16628
12179,7750
12179,23759
12179,6258
12179,17115
12179,15286
12179,4547
12179,7247
12179,24073
12179,3357
12179,22193
12179,20261
12179,11732
12179,13620
12180,21968
12180,24615
12180,6335
12180,17375
12180,17228
12180,10465
12180,18835
12180,7423
12180,7019
12180,162
12180,6988
12180,22529
12180,11521
12180,21641
12180,6453
12180,17378
12180,10976
12180,22234
12180,24164
12180,24403
12180,6587
12180,22005
12180,1240
12180,14277
12180,10474
12180,3562
12180,7820
12180,6219
12180,702
12180,16760
12180,13558
12180,7327
12180,11458
12180,7777
12180,3550
12180,10858
12180,2915
12180,20189
12180,20195
12180,23377
12180,3357
12180,14237
12180,22941
12181,12096
12181,2464
12181,15054
12181,23147
12181,23521
12181,3204
12181,15638
12181,16414
12181,7019
12181,2694
12181,6982
12181,18441
12181,11887
12181,6585
12181,14912
12181,7367
12181,1240
12181,16862
12181,3562
12181,702
12181,16721
12181,24509
12181,421
12181,5705
12181,21788
12181,4040
12181,22916
12181,13841
12181,17120
12181,22759
12181,14413
12181,3550
12181,14443
12181,2915
12181,22719
12181,3163
12181,11111
12181,15443
12181,14237
12181,3357
12181,1278
12182,15111
12182,5694
12182,12124
12182,10923
12182,10913
12182,15053
12182,10760
12182,14763
12182,23455
12182,7527
12182,22339
12182,19302
12182,2990
12182,10412
12182,22774
12182,2572
12182,22329
12182,14885
12182,7874
12182,22854
12182,23434
12182,1240
12182,2020
12182,21733
12182,11167
12182,3562
12182,13492
12182,7084
12182,702
12182,2413
12182,13706
12182,14637
12182,10856
12182,14393
12182,3550
12182,21882
12182,14987
12182,16741
12183,14051
12183,862
12183,7115
12183,6187
12183,14871
12183,4183
12183,1409
12183,317
12183,7019
12183,11672
12183,22200
12183,679
12183,715
12183,16809
12183,19787
12183,18731
12183,2262
12183,23145
12183,22213
12183,2447
12183,16831
12183,17175
12183,16816
12183,11874
12183,1240
12183,14277
12183,16921
12183,3562
12183,17399
12183,14032
12183,7084
12183,24451
12183,702
12183,10601
12183,2093
12183,1572
12183,565
12183,15334
12183,16177
12183,16562
12183,3550
12183,22726
12183,2915
12183,13918
12183,23651
12183,14237
12183,12092
12183,3357
12183,14744
12184,4324
12185,702
12185,7019
12186,210
12187,20745
12188,1240
12188,7019
12189,23083
12189,6540
12189,14831
12189,578
12189,632
12189,6328
12189,13457
12189,16732
12189,702
12189,175
12189,22813
12189,8002
12189,6051
12189,14998
12189,6454
12189,853
12190,7133
12191,7019
12191,19095
12192,1240
12192,13964
12193,702
12193,210
12193,1240
12193,7019
12194,210
12194,1240
12195,841
12196,3562
12196,7133
12197,1240
12197,7133
12198,19856
12199,1240
12199,7019
12200,702
12200,12235
12201,23305
12202,8448
12202,8515
12203,7133
12204,7912
12204,6129
12205,2045
12205,175
12206,22292
12206,19549
12206,22774
12206,861
12206,10913
12207,499
12208,16811
12208,1786
12209,702
12210,1240
12210,4324
12211,20670
12212,7133
12213,2829
12213,3743
12214,702
12214,7019
12215,7019
12215,7133
12216,6396
12217,702
12217,7019
12218,1240
12218,7019
12219,16811
12219,12065
12220,4182
12220,7018
12221,3550
12221,19025
12222,210
12222,702
12222,7019
12222,3562
12223,6462
12223,1300
12223,6940
12223,21343
12223,702
12223,175
12223,8002
12223,3304
12223,6390
12223,19030
12223,3258
12223,20941
12223,1252
12223,2517
12223,4324
12223,3550
12223,4638
12223,2915
12223,3603
12223,11687
12223,210
12223,3558
12223,3357
12223,294
12223,6454
12224,7133
12225,210
12225,7229
12226,210
12226,16967
12227,578
12228,2904
12229,4324
12230,210
12230,7019
12230,11427
12231,10962
12231,6080
12231,10579
12232,7133
12233,15321
12233,4324
12234,7019
12235,703
12235,702
12235,12200
12236,210
12236,1240
12236,7019
12237,22562
12238,6199
12239,702
12239,13792
12239,14743
12240,6518
12241,11921
12241,7019
12242,1240
12242,7019
12243,6982
12244,175
12244,3550
12245,210
12246,702
12246,7945
12247,2829
12248,24786
12249,19153
12250,3562
12250,7133
12251,22573
12251,19712
12252,210
12252,702
12252,7019
12252,17269
12252,3821
12253,4312
12253,11665
12254,3448
12254,6913
12255,217
12256,7912
12256,4324
12257,702
12257,1786
12258,703
12258,5401
12258,702
12258,1240
12259,5714
12260,210
12260,2193
12261,24505
12261,19152
12261,385
12261,3357
12262,7019
12262,14794
12263,7729
12263,10797
12264,3308
12265,7909
12266,10911
12266,2871
12267,22926
12267,210
12268,175
12269,7133
12270,6462
12270,19025
12271,11428
12271,1223
12271,12802
12272,19964
12272,11607
12272,13473
12272,10718
12272,1669
12272,18565
12272,7323
12272,11181
12272,2159
12272,23294
12272,15094
12272,22304
12272,19538
12272,10919
12272,3357
12272,20209
12273,7066
12274,14590
12274,1240
12274,4324
12275,2829
12275,11364
12276,13650
12277,1240
12277,7333
12278,377
12279,11427
12279,7892
12280,6800
12281,702
12281,3550
12282,702
12282,210
12283,1240
12283,19095
12284,8857
12284,12884
12285,2829
12285,175
12285,7386
12286,1240
12286,7019
12287,7019
12288,8929
12288,3258
12289,3210
12289,20641
12290,3562
12291,6321
12291,3357
12292,3321
12292,12307
12293,8929
12293,175
12293,9064
12294,6462
12294,3258
12294,3357
12295,21489
12295,20851
12295,15739
12295,5340
12295,15714
12295,9107
12295,17313
12295,12873
12295,4557
12295,24683
12295,7305
12295,3357
12295,3876
12296,8469
12296,6909
12297,9122
12297,9001
12298,21105
12298,16554
12298,8227
12298,6850
12298,12714
12298,16191
12299,19263
12300,12421
12300,5431
12301,15291
12302,13125
12302,1300
12302,8276
12302,20883
12302,22406
12302,8359
12302,2932
12302,18545
12302,3245
12302,6785
12302,18373
12302,16281
12302,15468
12302,1274
12302,874
12302,16885
12302,18805
12302,24795
12302,8215
12302,20625
12302,9205
12302,12595
12302,12590
12302,9042
12302,3026
12302,5731
12302,703
12302,9913
12302,702
12302,16867
12302,17745
12302,8358
12302,23155
12302,7898
12302,13708
12302,5180
12302,21210
12302,9034
12302,5157
12302,6723
12302,10606
12302,8463
12302,5995
12302,16016
12303,7096
12303,19562
12303,21293
12303,3396
12303,1240
12303,3658
12303,9191
12303,25341
12303,22492
12303,16910
12303,4879
12303,3028
12303,17627
12303,22180
12303,7516
12303,16027
12303,16719
12303,3321
12303,7864
12303,21434
12304,5484
12304,3341
12305,8757
12306,175
12307,6462
12307,21353
12307,8674
12307,16151
12307,12957
12307,24990
12307,3304
12307,5116
12307,217
12307,287
12307,4878
12307,1274
12307,16189
12307,3258
12307,13126
12307,3492
12307,10777
12307,13238
12307,12823
12307,3321
12307,15627
12307,20756
12307,13116
12307,6734
12307,12292
12307,24974
12307,15792
12307,12733
12307,175
12307,9973
12307,4517
12307,12844
12307,8933
12307,19152
12307,19409
12307,5820
12307,3550
12307,9064
12307,7972
12307,20505
12307,12814
12308,2829
12308,6396
12309,13238
12309,21337
12310,1268
12311,3234
12311,25319
12311,8051
12311,20931
12311,9296
12311,10827
12311,18900
12311,22467
12311,20880
12311,10417
12311,21301
12311,12593
12311,16369
12311,3571
12311,15600
12311,3836
12311,19339
12311,2952
12311,20665
12311,19931
12311,7670
12311,18698
12311,21917
12311,2337
12311,3321
12311,20224
12311,21164
12311,8065
12311,10444
12311,3357
12311,17463
12311,6694
12312,15703
12312,12794
12313,9171
12313,7393
12313,22045
12313,4890
12313,21029
12313,254
12313,13032
12313,12460
12313,15839
12313,9198
12313,3801
12313,25040
12313,15723
12313,15551
12313,3258
12313,24680
12313,4563
12313,12727
12313,24695
12313,9938
12314,82
12314,4324
12315,3217
12315,1300
12315,3278
12316,16731
12317,1274
12317,8768
12317,20596
12318,5569
12318,5481
12319,703
12319,702
12319,3216
12320,12339
12320,3353
12321,4324
12322,15916
12322,3258
12323,813
12323,12957
12323,16151
12323,175
12323,16277
12323,22823
12323,8002
12323,9004
12323,3304
12323,19030
12323,6540
12323,287
12323,3492
12323,13238
12323,3550
12323,3357
12323,6454
12324,24786
12324,20563
12325,8502
12326,210
12326,7019
12326,4324
12327,14136
12327,7019
12328,13769
12329,185
12330,19147
12330,20677
12330,5778
12330,8882
12330,21356
12330,3357
12330,16025
12331,5401
12332,3321
12332,3301
12333,12390
12333,8343
12333,20486
12333,5932
12334,703
12334,702
12334,16138
12334,175
12334,5512
12334,17934
12334,22218
12335,175
12335,3321
12336,8343
12336,2119
12336,20486
12337,13125
12337,9071
12338,287
12338,1274
12338,9670
12338,3258
12338,13238
12338,9351
12338,175
12338,18934
12338,3321
12338,3304
12338,217
12338,16657
12339,3321
12339,175
12339,22109
12339,12320
12339,21365
12339,15712
12340,19171
12340,7133
12341,5603
12341,16258
12341,5383
12341,9027
12341,8790
12342,702
12342,210
12343,3357
12344,16811
12344,19095
12345,11225
12346,4571
12347,8459
12347,20608
12347,14753
12347,3881
12347,3753
12347,20610
12347,13294
12348,4953
12348,21220
12349,175
12349,13238
12350,8221
12350,681
12351,9787
12351,18809
12351,18611
12351,3258
12351,13238
12351,16963
12351,8466
12351,3550
12351,16358
12351,4948
12351,3321
12351,2342
12352,11225
12353,3247
12354,703
12354,702
12354,175
12354,11360
12355,22774
12355,16583
12356,8882
12356,3210
12357,3256
12358,9187
12358,8929
12358,22245
12358,1258
12359,12407
12359,19646
12360,4590
12360,175
12360,20761
12360,362
12360,20816
12360,5866
12361,8221
12361,20587
12361,3210
12362,1274
12362,9161
12362,12714
12362,5131
12362,22497
12363,1300
12363,8929
12363,8253
12364,3314
12364,13285
12364,3270
12365,703
12365,702
12366,4941
12367,10327
12367,175
12367,6080
12368,685
12369,703
12369,8221
12369,3304
12370,9837
12370,21030
12370,13250
12370,323
12370,5477
12370,19520
12370,8789
12370,21097
12371,4324
12372,15748
12372,8639
12373,6462
12373,3357
12373,5714
12374,8969
12375,5401
12375,13238
12375,12503
12376,16087
12377,9052
12377,11581
12378,13646
12378,3357
12379,11846
12380,24906
12381,8998
12382,8474
12383,702
12383,210
12384,7204
12384,17055
12385,8435
12386,7912
12386,1272
12386,11538
12386,19565
12386,10350
12386,22986
12386,890
12386,2056
12386,19402
12386,18819
12386,13505
12387,147
12387,13042
12387,16154
12387,1274
12387,286
12387,9193
12387,5512
12387,21194
12387,14937
12387,22020
12387,8689
12388,8929
12388,175
12388,21568
12389,15613
12389,3357
12389,5714
12390,8336
12390,21484
12390,3268
12390,13081
12390,25087
12390,3508
12390,217
12390,17792
12390,22190
12390,8085
12390,8028
12390,24690
12390,16344
12390,16180
12390,9199
12390,3527
12390,9026
12390,19343
12390,23790
12390,6732
12390,1240
12390,13640
12390,4988
12390,8395
12390,12397
12390,1389
12390,3512
12390,3157
12390,17353
12390,702
12390,16301
12390,8977
12390,3541
12390,9266
12390,24788
12390,16463
12390,21373
12390,9006
12390,5574
12390,20896
12390,10104
12390,5564
12390,3563
12390,16791
12390,9179
12390,11123
12390,140
12390,8447
12390,9393
12390,3492
12390,21480
12390,5279
12390,20491
12390,8346
12390,21488
12390,9551
12390,12333
12390,3254
12390,8595
12390,12419
12390,19573
12390,16799
12390,4886
12390,17352
12390,703
12390,21792
12390,16346
12390,15798
12390,5273
12390,18780
12390,16055
12390,3674
12390,4030
12390,18870
12390,24768
12390,24763
12390,3644
12390,7786
12390,10182
12390,20807
12390,12769
12390,20689
12390,8411
12390,20558
12391,6462
12391,24743
12391,16931
12391,6940
12391,25179
12391,19076
12391,175
12391,8002
12391,16564
12391,217
12391,3214
12391,15642
12391,3866
12391,3492
12391,19152
12391,8614
12391,10021
12391,5414
12391,21219
12391,19051
12391,3357
12391,13282
12392,856
12393,121
12393,175
12393,287
12393,5512
12393,3357
12393,3550
12394,702
12394,19030
12395,12855
12395,287
12395,175
12395,217
12395,13238
12395,8919
12396,19095
12396,7796
12397,12390
12397,20486
12398,210
12399,175
12399,5770
12400,6462
12400,287
12400,328
12400,8768
12400,6940
12400,6696
12400,25264
12400,16151
12400,12932
12400,3321
12400,5756
12400,19468
12400,3357
12400,3214
12400,6454
12401,8585
12401,1681
12401,5487
12402,1300
12402,13238
12402,15703
12403,5409
12404,6850
12405,15838
12405,9064
12406,175
12406,13491
12407,22262
12407,17521
12407,12359
12407,24660
12407,18375
12407,21962
12407,21044
12407,6698
12407,24828
12407,5376
12407,9377
12407,2064
12407,9224
12408,4591
12408,24583
12408,8423
12408,175
12408,3492
12408,3357
12408,217
12409,15291
12410,175
12410,21503
12411,2815
12411,11525
12412,702
12412,175
12413,21977
12414,12942
12414,3321
12415,6462
12415,10039
12415,287
12415,13238
12415,19152
12415,3550
12415,16151
12415,3357
12415,6454
12416,5090
12417,3268
12417,8261
12418,6222
12419,12390
12419,3217
12419,25348
12419,8343
12419,8745
12419,3278
12419,20486
12419,21192
12420,10912
12420,14743
12420,3562
12421,5794
12421,12572
12421,12300
12421,3210
12422,6454
12423,8221
12423,13238
12424,8502
12425,3321
12426,5401
12426,6740
12427,5589
12428,14360
12429,3314
12429,3303
12430,3258
12430,13238
12430,3550
12430,15399
12430,15987
12430,12491
12430,175
12430,25325
12430,15470
12430,3304
12430,5332
12431,2915
12431,5401
12432,3321
12432,9064
12433,13250
12434,7019
12435,175
12435,6673
12435,19030
12436,6850
12436,15773
12437,5007
12438,12473
12438,8882
12438,3210
12439,4542
12439,8195
12440,5607
12441,703
12441,5401
12442,25004
12442,8585
12443,210
12444,5519
12444,2589
12445,9122
12445,20955
12446,15590
12446,16162
12446,12875
12447,20878
12448,13199
12449,9404
12450,16527
12450,7133
12451,12881
12452,7133
12453,11245
12453,242
12453,17768
12453,5538
12453,11143
12454,24627
12455,15704
12456,5401
12456,21281
12456,8495
12456,22352
12456,12492
12456,1005
12457,4315
12457,23127
12458,6462
12458,6940
12459,702
12459,4324
12460,12313
12461,6518
12461,3357
12462,8471
12463,15271
12464,6759
12465,1888
12466,703
12466,8221
12467,703
12467,13238
12468,703
12468,702
12469,1268
12469,3270
12470,287
12470,3301
12471,15910
12471,20677
12471,175
12471,8639
12472,175
12472,6673
12472,23353
12473,12438
12474,2915
12474,5588
12475,20994
12475,8929
12476,11116
12476,7133
12477,1300
12477,3321
12477,20827
12477,16581
12478,3293
12479,175
12479,3321
12479,3357
12480,4972
12480,21896
12480,15920
12480,20149
12480,5512
12480,21954
12480,24831
12480,25286
12480,175
12480,12697
12480,20303
12480,20922
12481,15364
12481,287
12481,5082
12481,1240
12481,3492
12481,13238
12481,15699
12481,6696
12481,13149
12481,12674
12481,19074
12481,175
12482,2793
12482,1268
12482,4961
12482,3303
12482,15853
12483,24593
12484,3293
12484,8221
12485,210
12485,4324
12486,9133
12486,8806
12487,1240
12487,22352
12487,5512
12487,6454
12488,4324
12488,7454
12489,2829
12489,3357
12490,702
12490,1240
12491,6831
12491,12430
12492,16292
12492,22352
12492,10635
12492,21019
12492,20087
12492,21492
12492,703
12492,702
12492,5487
12492,21043
12492,12456
12492,24809
12492,1671
12492,1017
12492,3492
12492,24891
12492,1020
12492,968
12492,20295
12492,3321
12492,7710
12492,15809
12492,21121
12493,12716
12494,175
12494,5512
12495,12684
12496,5414
12497,9365
12497,6940
12497,19152
12497,13238
12497,5714
12497,12886
12497,5414
12497,3357
12497,3214
12498,4627
12499,703
12499,3314
12499,8221
12499,3303
12500,21128
12500,3478
12501,6984
12502,3302
12503,12375
12503,24767
12503,16534
12504,19263
12505,15558
12505,5512
12506,3303
12506,12875
12507,8470
12508,17479
12508,6850
12509,8929
12509,5589
12510,5519
12511,703
12511,702
12511,3321
12511,3357
12512,6731
12512,3304
12513,8929
12513,20677
12514,6462
12514,8002
12514,6940
12514,3357
12514,217
12514,13238
12515,3270
12516,3270
12517,12601
12517,24
12518,21333
12519,175
12519,287
12519,8806
12520,8554
12520,3357
12520,6454
12521,8387
12522,175
12522,6454
12523,210
12523,10911
12524,15404
12525,20632
12525,8698
12526,6748
12527,6748
12527,21017
12528,9187
12528,3244
12529,702
12529,175
12530,6747
12531,15176
12531,5362
12531,21404
12531,2181
12531,6915
12531,7061
12531,8533
12531,15159
12531,24610
12531,22378
12531,16039
12531,2267
12531,1274
12531,5766
12531,8386
12531,5023
12531,11001
12531,17715
12531,20898
12531,11010
12531,8710
12531,3217
12531,8090
12531,24946
12531,3758
12531,8140
12531,20066
12531,2778
12531,19991
12531,8144
12531,17016
12531,18842
12531,20762
12531,5796
12531,8601
12531,3550
12531,6865
12531,20824
12531,4709
12531,4607
12531,19533
12531,21458
12531,3357
12532,9133
12532,1240
12533,19887
12534,8929
12534,12875
12535,7133
12536,6222
12536,175
12537,21234
12537,5414
12537,13038
12538,11352
12539,5205
12540,24608
12540,9013
12541,1274
12541,8221
12542,20296
12542,8217
12542,1274
12542,20967
12542,16226
12542,4897
12542,3935
12542,20906
12542,8221
12542,20945
12543,8658
12544,3217
12544,20626
12544,8343
12545,702
12546,22428
12546,21220
12547,9071
12547,8718
12548,12794
12549,6850
12549,24682
12550,8709
12551,21415
12551,8508
12551,8343
12551,17781
12551,20486
12552,1268
12552,3270
12553,10313
12553,16918
12553,16151
12553,21053
12553,15870
12553,3304
12553,217
12553,19046
12553,20515
12553,5100
12553,13238
12553,3409
12553,19717
12553,19711
12553,19540
12553,21225
12553,2068
12553,22254
12553,6940
12553,25197
12553,2817
12553,25224
12553,5738
12553,175
12553,3214
12553,3488
12553,7011
12553,8524
12553,3550
12553,25209
12553,335
12553,25147
12553,3357
12554,3256
12555,14670
12555,7019
12556,5618
12556,8247
12557,3742
12558,1240
12559,175
12559,287
12559,9082
12559,8401
12559,13238
12560,20960
12560,4989
12561,210
12561,4324
12562,175
12562,19445
12563,4522
12564,1258
12565,344
12565,8718
12566,21450
12566,217
12567,15558
12567,175
12567,3550
12568,702
12568,7019
12569,210
12569,1576
12570,16339
12571,8929
12571,15426
12572,8534
12572,12421
12573,2829
12573,16811
12574,15526
12575,4590
12575,8882
12576,1240
12576,22774
12577,22229
12577,5512
12578,15703
12578,13238
12579,16590
12579,12588
12579,5878
12579,18368
12579,8725
12579,6748
12579,11764
12579,20126
12579,21062
12579,21246
12580,20677
12580,13238
12581,25024
12581,16308
12581,9413
12581,24710
12582,8470
12582,16790
12582,13238
12583,5516
12583,1760
12584,702
12585,4590
12585,8221
12586,14189
12586,22292
12587,6667
12587,22294
12587,3258
12587,13238
12587,8496
12587,19392
12587,6013
12587,24748
12587,23090
12588,12579
12588,5519
12589,703
12589,702
12590,12302
12590,3341
12591,175
12591,7019
12592,8718
12593,12311
12594,4357
12594,9374
12594,66
12594,16553
12594,20745
12595,12302
12596,1300
12596,287
12596,4820
12597,703
12597,3550
12598,24606
12598,3550
12598,3247
12599,9133
12599,5522
12600,9122
12601,6462
12601,8953
12601,1300
12601,5635
12601,5914
12601,19858
12601,3492
12601,13002
12601,5407
12601,24
12601,3357
12601,8590
12601,19674
12601,12517
12602,8929
12603,16337
12604,7019
12605,2857
12605,5090
12606,9617
12606,4853
12606,1300
12606,4640
12606,13238
12606,21014
12606,175
12606,1902
12606,3357
12606,8364
12607,702
12607,1240
12608,12875
12609,210
12609,702
12610,6905
12611,3210
12611,8824
12612,13013
12612,282
12612,13238
12612,2431
12612,5077
12612,703
12612,5658
12612,5401
12612,702
12612,175
12612,217
12612,6576
12613,4566
12613,7133
12614,175
12614,16853
12615,175
12615,21214
12615,21014
12616,1300
12616,3864
12616,23208
12616,8573
12616,14377
12616,3580
12616,5864
12616,5484
12616,3357
12616,21443
12616,8263
12616,19695
12616,5106
12617,19612
12618,23081
12618,853
12619,13294
12620,9117
12620,1681
12621,3304
12622,5463
12623,8642
12623,217
12623,3278
12624,8328
12624,3304
12625,20426
12626,703
12626,3321
12626,8221
12626,15815
12627,15558
12628,5618
12628,12742
12628,24725
12629,1300
12629,18535
12629,3492
12629,3562
12629,2915
12629,702
12629,175
12629,3321
12629,1669
12629,861
12629,3357
12629,6454
12629,11868
12630,6984
12630,1786
12631,3293
12631,5679
12632,210
12633,13918
12633,7133
12634,9655
12635,16151
12635,287
12635,175
12635,3492
12635,13238
12635,217
12635,6454
12636,1240
12636,1902
12637,702
12637,1240
12637,7019
12638,8708
12638,175
12638,1240
12638,3304
12638,3270
12638,5393
12639,287
12640,175
12640,1749
12641,9691
12642,5401
12642,2857
12642,1890
12643,702
12643,2829
12644,703
12644,702
12644,8366
12645,224
12645,5604
12645,8707
12645,3213
12645,12779
12646,12671
12646,3357
12647,217
12648,9122
12649,10911
12649,702
12649,210
12650,1837
12650,3304
12651,3303
12651,3270
12652,703
12652,5512
12652,6731
12653,3304
12654,16023
12654,6763
12654,21741
12654,4573
12655,6462
12655,1300
12655,6763
12655,8360
12655,25233
12655,21203
12655,6940
12655,1854
12655,16035
12655,6696
12655,12957
12655,23457
12655,4922
12655,16151
12655,22692
12655,217
12655,3278
12655,8388
12655,12780
12655,19152
12655,13238
12655,5512
12655,1104
12655,2915
12655,2138
12655,3558
12655,5414
12655,6454
12655,2858
12655,12794
12656,21220
12657,6462
12657,703
12657,702
12658,20647
12658,19888
12659,1742
12659,6668
12660,2559
12660,5679
12661,6737
12662,1274
12663,6396
12663,8782
12664,3303
12664,12875
12665,8768
12665,13238
12666,8221
12666,13238
12667,3357
12667,8919
12668,702
12668,175
12669,16180
12670,6182
12670,4324
12671,6462
12671,17902
12671,12745
12671,16102
12671,16010
12671,3304
12671,18116
12671,16074
12671,16018
12671,20597
12671,20298
12671,13238
12671,12728
12671,16047
12671,20034
12671,2656
12671,10343
12671,12646
12671,21885
12671,5171
12671,19791
12671,20915
12671,21042
12671,18555
12671,15274
12671,16209
12671,175
12671,19902
12671,21273
12671,16602
12671,8678
12671,25010
12671,18656
12671,20927
12671,3357
12671,17887
12672,210
12673,21147
12673,5607
12674,554
12674,12481
12675,5607
12676,2615
12677,1300
12677,9590
12677,3838
12677,9176
12677,3492
12677,13238
12677,19152
12677,175
12677,217
12677,5093
12677,9373
12678,14023
12678,3562
12679,7019
12679,7609
12680,8471
12681,13185
12681,8882
12681,8221
12682,6887
12683,5832
12683,1300
12683,8845
12683,6084
12683,20941
12683,24588
12683,15880
12683,16035
12683,2819
12683,8277
12683,8469
12683,3214
12683,5588
12683,8852
12683,25062
12683,6068
12684,8343
12684,12495
12684,20486
12685,3321
12685,3357
12685,9064
12686,9404
12686,20486
12687,6732
12687,3217
12688,21220
12688,19298
12688,3256
12688,5908
12688,3320
12689,10911
12690,10911
12691,16232
12691,3217
12691,8826
12691,3644
12691,12977
12691,8471
12692,6887
12693,5401
12694,1300
12694,21060
12694,21033
12694,1274
12694,8352
12694,13238
12695,6851
12695,9331
12696,964
12696,25033
12696,1300
12696,16692
12696,8753
12696,15673
12696,19047
12696,1984
12696,16526
12696,3278
12696,11924
12696,22288
12696,20320
12696,17716
12696,3217
12696,8593
12696,4036
12696,19034
12696,25252
12696,8332
12696,20963
12696,16301
12696,175
12696,10332
12696,24413
12696,13166
12696,21226
12696,16530
12696,25228
12696,18074
12696,10169
12696,10464
12696,17322
12696,24770
12696,13499
12696,10655
12696,17320
12696,9861
12696,8396
12697,703
12697,12480
12697,702
12697,3216
12697,6854
12698,3278
12698,20633
12698,20486
12699,7912
12699,2829
12700,8709
12701,7019
12702,703
12702,702
12702,10027
12702,8221
12702,704
12702,3357
12703,210
12703,7133
12704,1274
12704,5414
12704,3258
12704,19152
12704,6940
12705,20516
12706,21066
12707,3262
12708,19710
12709,8929
12709,9194
12709,8587
12710,15736
12710,16611
12711,1268
12711,12875
12712,9122
12713,6668
12714,1300
12714,5505
12714,8510
12714,12362
12714,6940
12714,6696
12714,21989
12714,8673
12714,16151
12714,217
12714,3304
12714,6800
12714,21285
12714,8397
12714,287
12714,6822
12714,1274
12714,3492
12714,19152
12714,13238
12714,3550
12714,12298
12714,5414
12714,15806
12714,3357
12714,5331
12715,703
12715,7489
12715,702
12715,175
12715,6789
12715,8300
12715,20245
12715,3278
12715,19054
12716,147
12716,9378
12716,9336
12716,4636
12716,20649
12716,1274
12716,3492
12716,3258
12716,6940
12716,3550
12716,8312
12716,175
12716,2951
12716,217
12716,12493
12716,20650
12717,4926
12717,24947
12717,16588
12717,10740
12717,3550
12717,5716
12717,5891
12717,21416
12717,3357
12718,175
12718,10467
12719,15271
12719,5694
12720,8969
12720,5395
12721,210
12721,7133
12722,1300
12722,1240
12722,175
12722,3258
12723,7133
12724,8709
12725,3059
12726,5569
12727,12809
12727,12313
12728,12671
12728,15558
12728,21503
12729,5691
12730,9122
12731,5969
12731,8745
12732,9212
12732,287
12732,21025
12732,13238
12732,6696
12732,13102
12732,2915
12732,175
12732,5576
12732,13158
12732,217
12732,3357
12733,25075
12733,15658
12733,8876
12733,305
12733,12307
12733,5996
12733,20648
12733,9133
12733,175
12733,20647
12733,3357
12733,10006
12734,15558
12734,3550
12735,12798
12736,5584
12736,10427
12736,10730
12736,18519
12736,16070
12736,6312
12736,13191
12736,19411
12736,9122
12736,5897
12736,8810
12737,9117
12737,1681
12738,7912
12738,175
12738,11431
12739,25230
12740,25309
12740,5032
12740,8471
12741,6462
12741,175
12742,24735
12742,12888
12742,6624
12742,8478
12742,7913
12742,20368
12742,21159
12742,5445
12742,8105
12742,10279
12742,15834
12742,15814
12742,5338
12742,17900
12742,3126
12742,8244
12742,2565
12742,8126
12742,3474
12742,10826
12742,12628
12742,22394
12742,18227
12742,2539
12742,5314
12742,9599
12742,3792
12742,16343
12742,20028
12742,16767
12742,7931
12742,2772
12742,10049
12742,23233
12742,19048
12742,17790
12742,20890
12742,13275
12742,16185
12742,17147
12742,17995
12742,7979
12742,17433
12742,10235
12742,20974
12742,22599
12742,15522
12742,5099
12742,19896
12742,3438
12742,9737
12742,7788
12742,6608
12742,9055
12742,21756
12742,11327
12742,313
12742,9273
12742,9582
12742,5249
12742,16594
12742,2865
12742,5788
12742,18995
12742,3648
12742,3149
12742,3775
12742,20779
12742,5827
12742,5931
12742,3904
12742,15542
12742,2471
12742,13087
12742,20351
12742,12967
12742,19877
12743,311
12743,13229
12743,25200
12743,6704
12744,5618
12744,24725
12745,12671
12745,8929
12745,5512
12745,3216
12746,3210
12747,9122
12748,7133
12748,6129
12749,377
12749,15291
12750,703
12750,702
12750,8552
12750,9117
12750,3357
12750,3562
12751,3304
12751,6731
12752,15961
12753,578
12753,15291
12754,1681
12755,7019
12756,4324
12757,17474
12757,9128
12758,1904
12758,15441
12758,3250
12759,7019
12760,13238
12760,217
12760,20641
12761,3357
12761,5714
12762,19887
12762,16495
12763,5386
12763,8448
12764,703
12765,20536
12766,2687
12766,3216
12767,20571
12767,8448
12768,21143
12768,16874
12768,22076
12768,9716
12768,20709
12768,10399
12768,20096
12769,12390
12769,8776
12770,21732
12770,2981
12770,21039
12770,3258
12770,6740
12770,3357
12771,3268
12771,5569
12772,6664
12773,8343
12773,4988
12773,2668
12773,20486
12773,21128
12773,5415
12773,8747
12773,3575
12773,21354
12774,3262
12774,3804
12774,15531
12774,6887
12774,12884
12775,210
12775,702
12775,6518
12776,6462
12776,5414
12776,6940
12777,8221
12777,3304
12778,8518
12779,21309
12779,12645
12779,9120
12779,15394
12779,7615
12779,5436
12779,10447
12779,3213
12780,12655
12780,8675
12780,1240
12780,22161
12780,8605
12780,175
12780,10159
12780,8221
12780,18831
12780,21177
12780,5907
12780,8620
12780,14310
12780,8801
12780,25310
12780,3357
12781,25019
12781,13250
12782,702
12782,7019
12783,3247
12784,15695
12785,1240
12786,861
12786,6940
12786,19623
12787,13031
12787,3258
12788,4646
12788,1300
12788,3492
12789,6847
12789,13229
12789,4580
12789,16553
12790,703
12790,6462
12790,702
12791,8403
12791,3278
12791,2855
12792,21288
12792,24937
12793,21220
12793,23612
12794,12655
12794,16076
12794,1300
12794,12312
12794,6940
12794,16308
12794,12548
12794,175
12794,217
12794,13266
12794,365
12794,8597
12794,3492
12794,13238
12794,18059
12794,16296
12794,5414
12794,16316
12794,3357
12794,5405
12795,9122
12796,17643
12796,8867
12797,22823
12798,8969
12798,4409
12798,12735
12798,9094
12798,24772
12798,4828
12798,8429
12798,5053
12798,19161
12798,21395
12798,20993
12799,8852
12800,702
12800,1240
12800,4324
12801,702
12801,1240
12802,12271
12803,8552
12803,9117
12804,8661
12805,21008
12806,6540
12806,175
12806,3562
12807,2829
12807,7386
12808,175
12808,1274
12808,3216
12809,4785
12809,12727
12809,3357
12810,21220
12811,25329
12811,8448
12811,5392
12811,3698
12812,7912
12813,13610
12814,8768
12814,12307
12815,9071
12816,8867
12817,681
12818,5448
12818,15599
12819,685
12820,271
12821,8403
12821,8343
12822,20486
12822,19108
12823,175
12823,12307
12824,6852
12825,8247
12826,19528
12827,8221
12827,3216
12828,8247
12829,7019
12830,18241
12830,8263
12831,13238
12832,5966
12832,11030
12832,21567
12832,17177
12832,21002
12832,5551
12832,5120
12832,17572
12832,5445
12832,15879
12832,13294
12833,16151
12833,1300
12834,3603
12835,3293
12835,703
12836,15804
12837,2915
12838,25217
12839,4324
12840,10911
12841,15925
12841,9122
12842,175
12842,6454
12843,6664
12843,15472
12844,24927
12844,10496
12844,5322
12844,14119
12844,25246
12844,20236
12844,6009
12844,369
12844,15946
12844,13041
12844,16189
12844,10775
12844,10777
12844,12307
12844,13238
12844,8561
12844,5028
12844,13149
12844,3279
12844,15895
12845,175
12845,1274
12846,8929
12846,175
12847,11255
12847,21128
12847,8314
12847,16055
12848,24922
12848,2589
12849,1274
12849,3258
12849,3357
12849,3550
12850,9117
12851,4028
12851,9103
12851,13114
12851,3258
12852,6396
12852,11576
12852,2039
12852,4315
12852,5110
12852,19095
12853,8939
12853,5618
12853,20805
12854,5401
12855,315
12855,12395
12856,5414
12856,5915
12857,9071
12858,3321
12858,3210
12859,9122
12860,6462
12860,1201
12860,287
12860,3492
12860,16148
12860,13238
12860,9455
12860,2915
12860,25153
12860,1133
12860,16151
12860,175
12860,1141
12860,217
12860,3334
12860,6805
12860,20563
12861,20002
12862,9122
12863,3562
12864,6338
12864,14794
12865,3216
12866,1240
12866,19152
12867,5401
12867,2857
12867,3550
12868,18926
12868,14356
12868,9071
12868,18389
12868,9604
12868,15565
12868,21141
12868,22372
12869,15291
12870,21941
12870,19025
12871,702
12871,16853
12872,16151
12872,8929
12872,14297
12872,175
12872,217
12872,13238
12872,8919
12873,12295
12874,15925
12875,6763
12875,21075
12875,21015
12875,20358
12875,15721
12875,15562
12875,2130
12875,6094
12875,13061
12875,5357
12875,12664
12875,3304
12875,2165
12875,22943
12875,15982
12875,6754
12875,21334
12875,1274
12875,5397
12875,16380
12875,3258
12875,20795
12875,19257
12875,4515
12875,5173
12875,6883
12875,21102
12875,6454
12875,8235
12875,15716
12875,21050
12875,4347
12875,2163
12875,21067
12875,175
12875,5438
12875,24803
12875,8221
12875,21116
12875,8979
12875,8123
12875,15554
12875,18654
12875,5161
12875,25306
12875,20523
12875,15888
12875,12711
12875,24935
12875,20866
12875,20488
12875,3357
12875,9077
12875,1300
12875,10259
12875,16178
12875,21821
12875,13181
12875,15661
12875,25302
12875,19072
12875,977
12875,13146
12875,15530
12875,20891
12875,3665
12875,5737
12875,10483
12875,5373
12875,16829
12875,5443
12875,21177
12875,20914
12875,20644
12875,5115
12875,24718
12875,3321
12875,20555
12875,14927
12875,4713
12875,7896
12875,21486
12875,10145
12875,21452
12875,17209
12875,21712
12875,13254
12875,15669
12875,20943
12875,703
12875,12534
12875,20609
12875,12446
12875,3276
12875,359
12875,9492
12875,16298
12875,21200
12875,20605
12875,3550
12875,9736
12875,21057
12875,12506
12875,12608
12875,20863
12876,7019
12876,19109
12877,6462
12877,6763
12877,17349
12877,16985
12877,388
12877,3258
12877,20483
12877,3915
12877,7441
12877,3216
12877,16602
12878,20805
12879,702
12879,7133
12880,8403
12880,15760
12880,8471
12880,217
12880,21128
12881,21342
12881,4223
12881,13312
12881,3492
12881,18609
12881,2735
12881,25125
12881,17406
12881,4800
12881,14952
12881,16323
12881,3471
12881,12451
12881,9122
12881,15612
12881,10080
12882,13125
12883,7019
12884,17064
12884,9471
12884,5182
12884,5401
12884,4958
12884,5478
12884,5296
12884,10529
12884,6850
12884,4680
12884,6704
12884,24727
12884,16330
12884,5760
12884,21380
12884,18828
12884,13108
12884,19315
12884,13745
12884,8814
12884,24963
12884,12284
12884,12774
12884,13308
12884,21498
12884,8221
12884,8985
12884,2570
12884,20768
12884,25300
12884,13229
12884,16008
12884,20516
12884,8601
12884,21190
12884,20813
12884,7305
12884,3357
12885,702
12885,7019
12886,1300
12886,1240
12886,9286
12886,3258
12886,10342
12886,8929
12886,5601
12886,18286
12886,3321
12886,12497
12886,8469
12886,3357
12886,13209
12886,3500
12887,8221
12887,13238
12888,1300
12888,3321
12888,8536
12888,12742
12888,15834
12889,703
12889,3321
12889,1274
12890,10824
12891,21675
12892,9122
12892,13264
12893,702
12893,8113
12894,175
12895,3321
12895,18647
12896,8221
12896,8438
12897,15836
12897,2579
12898,15551
12898,1274
12898,3492
12898,6806
12898,13238
12898,24819
12898,7972
12898,13168
12898,175
12898,217
12898,17394
12898,6711
12899,703
12899,20647
12900,8882
12900,5431
12901,15492
12901,20772
12902,6462
12903,16299
12903,6462
12903,16151
12903,217
12903,13238
12903,6454
12903,3550
12904,9122
12905,6462
12905,8929
12906,5589
12907,6462
12907,3258
12908,21386
12908,8768
12909,8518
12909,9122
12910,15804
12911,4340
12912,6905
12912,175
12912,5770
12912,6454
12913,1300
12913,5618
12913,8247
12914,24939
12915,3262
12915,18828
12915,17240
12915,6887
12916,210
12916,7830
12916,20002
12916,3550
12917,24868
12918,16045
12919,16087
12920,10283
12920,4005
12920,1274
12921,6299
12921,7019
12922,8403
12923,1268
12924,9212
12924,9146
12925,8929
12925,9336
12925,287
12925,7802
12925,4154
12926,2684
12927,175
12927,21850
12927,8825
12927,8367
12927,8221
12928,3357
12929,6831
12929,3304
12929,6731
12930,16151
12930,1300
12931,7912
12931,702
12932,20677
12932,5540
12932,8768
12932,12400
12933,8002
12933,8221
12933,3492
12933,217
12933,13238
12933,6940
12933,3214
12934,8344
12935,1240
12935,7133
12936,703
12936,1300
12937,9146
12938,1268
12938,20639
12939,8343
12940,21203
12941,17114
12941,15195
12941,10272
12941,509
12942,5815
12942,3321
12942,12414
12942,8221
12943,5433
12943,7809
12944,8242
12945,2860
12945,10643
12945,7505
12945,14100
12945,702
12945,14986
12945,23341
12945,23463
12946,11496
12947,5197
12947,3321
12947,175
12947,15425
12948,6698
12949,9691
12949,3258
12949,3357
12950,20232
12950,15177
12950,7133
12951,7133
12952,8998
12953,12969
12954,175
12955,703
12955,702
12955,3270
12956,2712
12956,4324
12957,3293
12957,22365
12957,15558
12957,6763
12957,3817
12957,16331
12957,10397
12957,3186
12957,19423
12957,2819
12957,19091
12957,3197
12957,15170
12957,22692
12957,22823
12957,11316
12957,3304
12957,6390
12957,16736
12957,3353
12957,6148
12957,1201
12957,8764
12957,5611
12957,1274
12957,22870
12957,3258
12957,6569
12957,2517
12957,7005
12957,8658
12957,4324
12957,4638
12957,9681
12957,6066
12957,1258
12957,6753
12957,1032
12957,12323
12957,6454
12957,10835
12957,1240
12957,6806
12957,6307
12957,10027
12957,6940
12957,702
12957,22186
12957,175
12957,8002
12957,6488
12957,5558
12957,418
12957,8882
12957,15636
12957,4135
12957,20941
12957,7133
12957,14639
12957,5850
12957,7474
12957,10430
12957,23394
12957,19051
12957,19115
12957,3357
12957,3210
12957,6462
12957,10311
12957,16266
12957,1300
12957,4838
12957,7439
12957,813
12957,6831
12957,23217
12957,12128
12957,22928
12957,6696
12957,5401
12957,16277
12957,21845
12957,7019
12957,8049
12957,287
12957,19549
12957,3492
12957,5460
12957,18882
12957,5512
12957,12307
12957,1099
12957,4437
12957,8069
12957,3321
12957,22774
12957,13769
12957,3116
12957,16362
12957,12655
12957,7739
12957,9319
12957,3787
12957,4407
12957,6328
12957,7316
12957,6129
12957,703
12957,4767
12957,1669
12957,8302
12957,8076
12957,19263
12957,5090
12957,578
12957,2201
12957,14523
12957,3550
12957,19170
12957,2915
12957,6714
12957,210
12957,5411
12957,4726
12957,2687
12957,853
12957,22868
12958,5519
12959,21415
12959,4546
12959,3278
12959,20486
12960,9122
12961,3357
12962,702
12962,210
12962,6396
12962,7019
12962,3357
12962,3550
12963,8867
12964,16569
12964,2737
12964,20725
12964,5210
12964,9663
12965,13238
12966,6748
12967,12969
12967,12742
12968,2687
12969,16523
12969,23600
12969,21325
12969,4775
12969,22162
12969,18914
12969,342
12969,5842
12969,18943
12969,18598
12969,10086
12969,20611
12969,19570
12969,10826
12969,115
12969,20492
12969,6454
12969,3637
12969,4064
12969,20657
12969,8626
12969,5630
12969,8214
12969,17573
12969,8663
12969,9451
12969,13393
12969,24739
12969,20467
12969,16664
12969,21411
12969,8055
12969,7689
12969,21259
12969,25071
12969,3511
12969,21124
12969,10370
12969,8794
12969,17790
12969,3357
12969,11289
12969,9310
12969,25314
12969,12953
12969,5777
12969,2931
12969,5722
12969,17572
12969,15788
12969,9204
12969,5183
12969,10811
12969,8995
12969,5954
12969,11602
12969,18684
12969,19305
12969,19144
12969,21002
12969,3845
12969,10674
12969,3321
12969,16599
12969,16923
12969,3753
12969,5626
12969,21188
12969,2408
12969,8260
12969,22298
12969,20830
12969,24741
12969,9127
12969,313
12969,17108
12969,15385
12969,2787
12969,3844
12969,2379
12969,5788
12969,8594
12969,6370
12969,25076
12969,6449
12969,20809
12969,3550
12969,2884
12969,5807
12969,8180
12969,8835
12969,18428
12969,12967
12969,22371
12969,8027
12969,18678
12970,1300
12970,1851
12970,9541
12970,3258
12970,24744
12970,16269
12970,9063
12970,25245
12970,3550
12970,175
12970,20964
12970,17155
12970,9624
12970,6016
12970,6454
12971,16339
12972,6462
12972,13238
12972,3357
12973,16156
12973,938
12973,3357
12974,1240
12974,10559
12975,3314
12975,8221
12976,3727
12976,8552
12976,9117
12976,20720
12976,13265
12976,15831
12976,15976
12976,5441
12977,20484
12977,3328
12977,20920
12977,5312
12977,5058
12977,12691
12977,15836
12977,6674
12977,25259
12977,18588
12978,175
12978,1240
12978,19667
12979,5584
12979,8722
12979,9122
12979,3550
12980,24833
12980,20486
12980,3278
12981,5401
12981,15558
12981,1837
12981,2687
12981,8221
12981,8374
12981,3357
12982,7133
12982,4324
12983,17643
12984,21157
12984,21017
12985,21220
12985,5799
12986,210
12987,17116
12987,13229
12988,15925
12988,8706
12989,8552
12989,1681
12990,8552
12990,813
12990,681
12990,18608
12990,4630
12990,16151
12990,5366
12990,217
12990,15313
12990,8765
12990,287
12990,20977
12990,3492
12990,13238
12990,4324
12990,4638
12990,9071
12990,18049
12990,8946
12990,6940
12990,5589
12990,175
12990,11589
12990,8002
12990,3214
12990,6540
12990,19152
12990,20941
12990,24680
12990,7133
12990,9032
12990,5414
12990,3357
12990,17262
12990,6191
12991,8171
12991,5618
12991,24725
12992,8438
12992,1854
12993,15834
12994,6748
12994,20510
12995,1300
12995,2117
12996,21415
12996,13283
12997,1300
12997,16151
12997,3550
12998,8343
12999,13250
12999,10736
12999,20745
13000,15914
13001,15745
13002,12601
13002,175
13003,175
13003,1749
13004,8929
13004,16098
13004,6454
13005,3217
13006,6462
13006,287
13006,6940
13006,5714
13006,3550
13006,2915
13006,175
13006,6454
13006,3214
13007,7019
13008,702
13008,175
13009,6462
13009,8929
13009,1240
13009,3357
13010,175
13010,15846
13010,3357
13010,21460
13011,9067
13012,8003
13012,702
13012,18696
13012,3321
13012,3258
13012,3357
13012,3562
13013,12612
13014,6850
13015,6850
13016,8003
13016,18696
13016,1300
13016,702
13016,3321
13016,3357
13016,3562
13017,702
13017,7019
13018,702
13018,175
13019,1268
13019,3270
13020,2201
13020,3216
13021,5569
13022,8709
13022,5607
13023,8340
13024,8789
13025,8221
13025,8515
13026,9197
13027,702
13027,1240
13028,8259
13029,16811
13029,13386
13030,6462
13030,8002
13031,1300
13031,18611
13031,5687
13031,18768
13031,8759
13031,17822
13031,21743
13031,12787
13031,16151
13031,25165
13031,8303
13031,3304
13031,217
13031,5974
13031,2498
13031,3492
13031,3258
13031,13238
13031,19760
13031,2517
13031,20560
13031,9268
13031,4324
13031,3603
13031,21998
13031,5176
13031,4572
13031,21233
13031,6940
13031,21082
13031,16884
13031,7902
13031,563
13031,2283
13031,703
13031,702
13031,16243
13031,175
13031,11953
13031,8002
13031,6018
13031,19575
13031,20400
13031,4885
13031,6540
13031,10497
13031,15577
13031,19152
13031,6773
13031,3707
13031,6777
13031,16112
13031,8238
13031,5414
13031,17368
13031,20613
13031,8272
13032,8221
13032,12313
13033,5174
13033,6850
13033,15773
13034,702
13034,7019
13035,3216
13036,16400
13036,7133
13037,5589
13037,5193
13038,1240
13038,813
13038,5759
13038,6940
13038,21261
13038,12537
13038,16151
13038,18502
13038,175
13038,3874
13038,8002
13038,217
13038,3304
13038,3214
13038,6540
13038,2498
13038,3492
13038,5512
13038,19152
13038,13238
13038,20942
13038,21397
13038,4324
13038,5414
13038,8270
13038,3357
13039,1242
13040,20677
13040,175
13040,3258
13041,12844
13041,681
13042,21194
13042,16154
13042,767
13042,15634
13042,12387
13043,3249
13043,8448
13044,703
13044,2687
13045,8221
13045,3216
13046,8929
13046,13238
13046,9146
13046,3550
13047,18671
13047,7818
13047,2661
13047,8243
13047,5621
13047,4758
13047,5964
13047,21096
13047,5392
13047,22085
13047,25046
13047,4653
13047,8540
13047,8748
13047,18481
13047,3357
13047,25278
13048,1268
13048,3303
13049,1240
13049,6080
13050,6462
13050,16151
13050,175
13050,217
13050,3304
13050,13238
13051,5123
13051,6850
13052,175
13052,2683
13053,5431
13053,3210
13054,6850
13054,5575
13055,3321
13055,287
13055,15740
13056,3550
13057,8343
13057,20220
13057,20486
13058,10887
13059,175
13060,10397
13060,18896
13061,1268
13061,8221
13061,12875
13062,702
13062,7019
13062,19095
13063,1720
13063,25189
13063,9899
13063,21118
13063,217
13063,3278
13064,5401
13065,3321
13065,13238
13066,3604
13066,16581
13066,13294
13067,9370
13067,6740
13068,6747
13068,8709
13068,17124
13069,1902
13070,16151
13070,15561
13070,21319
13071,7579
13072,21128
13073,12027
13073,7019
13074,1681
13074,8585
13075,8552
13075,1681
13076,3308
13077,1274
13077,5512
13077,276
13077,8231
13077,15445
13077,6718
13077,13127
13077,8547
13077,5133
13077,8807
13077,3357
13078,5569
13079,3217
13079,3268
13080,19800
13080,21488
13080,2369
13080,2119
13081,12390
13081,14400
13081,20486
13082,8867
13082,8391
13083,8264
13083,16629
13083,21300
13084,18371
13084,3210
13085,5007
13086,1240
13086,14637
13087,12742
13088,19010
13088,19402
13088,3113
13089,703
13089,702
13090,21075
13091,17228
13092,173
13092,8401
13092,5913
13092,19154
13092,17337
13092,21216
13092,21186
13093,1956
13093,3809
13093,19284
13093,8401
13094,8552
13094,1681
13094,5487
13095,1240
13095,7019
13096,20486
13097,2045
13097,1240
13098,8929
13098,21445
13099,703
13099,6731
13100,5128
13100,20536
13101,5401
13101,1274
13101,8221
13101,3550
13102,9212
13102,6462
13102,10625
13102,8894
13102,6940
13102,8496
13102,18244
13102,5714
13102,6696
13102,16151
13102,175
13102,18694
13102,24941
13102,12732
13102,16542
13102,217
13102,3304
13102,16775
13102,25280
13102,24954
13102,5857
13102,3492
13102,17923
13102,20695
13102,19152
13102,13238
13102,22063
13102,5414
13102,3357
13102,6454
13103,9122
13104,20851
13105,2117
13106,21415
13106,19310
13106,6821
13106,15622
13106,20486
13106,3278
13106,2855
13107,3441
13107,25300
13107,18461
13107,6887
13108,12884
13109,2857
13109,24959
13110,702
13110,7019
13111,1300
13111,3550
13111,24725
13112,13128
13113,7019
13114,12851
13115,2857
13116,13188
13116,8882
13116,3357
13116,12307
13117,10934
13117,2829
13118,21688
13118,6129
13119,24700
13119,5969
13119,217
13119,8745
13119,20486
13119,21192
13120,13294
13121,3293
13122,8710
13122,20291
13123,3651
13123,6940
13123,19152
13123,5714
13123,703
13123,25028
13123,702
13123,175
13123,5414
13123,3357
13123,217
13123,3214
13124,1258
13125,9237
13125,13141
13125,14126
13125,12337
13125,20594
13125,13626
13125,16377
13125,21965
13125,3502
13125,18926
13125,12882
13125,12302
13125,8432
13125,16046
13125,3357
13125,3310
13125,20686
13126,8423
13126,12307
13127,13077
13128,22765
13128,395
13128,16151
13128,175
13128,15467
13128,217
13128,3304
13128,21475
13128,13238
13128,20011
13128,18736
13128,19930
13128,1258
13128,21316
13128,13112
13128,9167
13129,8882
13130,8939
13131,9137
13131,3321
13132,18477
13132,6981
13132,16580
13132,20486
13133,287
13133,13238
13133,5431
13134,9691
13135,2861
13136,4590
13136,3357
13137,16244
13138,8221
13138,3353
13139,9122
13140,175
13140,6198
13141,13125
13141,17643
13142,15271
13142,3550
13143,702
13144,16339
13145,2857
13145,1274
13145,25136
13146,3270
13146,12875
13147,24786
13147,20563
13148,8263
13149,12844
13149,12481
13150,19963
13151,3302
13151,3247
13152,6703
13152,9750
13153,210
13153,702
13154,1242
13155,13238
13156,1291
13156,5552
13157,703
13157,702
13157,2861
13157,8658
13158,24906
13158,12732
13159,8929
13159,175
13160,8221
13160,3353
13161,5603
13162,8403
13163,14052
13163,702
13164,13676
13165,7596
13165,7019
13166,12696
13167,702
13167,6373
13168,12898
13168,2687
13168,681
13168,17380
13169,23436
13170,703
13170,287
13171,3293
13171,16087
13172,21275
13173,8673
13174,6462
13174,25041
13174,5166
13174,8682
13174,6454
13174,13217
13175,1300
13175,8360
13175,3278
13176,7019
13176,3562
13177,6850
13178,8435
13179,8403
13179,15851
13180,7019
13181,8969
13181,1268
13181,12875
13182,6911
13182,17124
13183,1268
13184,1268
13184,3270
13185,6763
13185,1300
13185,5810
13185,12681
13185,6940
13185,8381
13185,24658
13185,5260
13185,16151
13185,175
13185,24869
13185,5235
13185,5544
13185,3304
13185,217
13185,19030
13185,15944
13185,6540
13185,3181
13185,13238
13185,19152
13185,5414
13185,2741
13185,3357
13186,5569
13187,1274
13188,13116
13188,21474
13189,18198
13189,20745
13190,4873
13190,223
13190,4939
13190,3025
13190,8435
13190,5446
13190,16118
13190,21602
13190,4995
13190,234
13190,217
13190,20627
13190,3074
13190,3304
13190,153
13191,12736
13192,3258
13192,3357
13193,3217
13193,1300
13194,9443
13194,287
13194,6940
13194,19152
13194,13238
13194,17027
13194,3550
13194,16151
13194,16572
13194,175
13194,20111
13194,217
13194,3304
13194,6454
13195,21413
13195,8683
13195,19472
13195,137
13195,8786
13195,16765
13195,24826
13195,3550
13195,18930
13195,3643
13195,15420
13195,11515
13195,3321
13195,21148
13195,15909
13196,8221
13197,210
13197,3562
13198,8929
13198,6731
13199,13205
13199,14382
13199,22336
13199,12448
13199,1321
13200,7019
13201,9187
13201,3244
13201,2861
13202,8824
13203,299
13203,8360
13203,3278
13204,8312
13205,13199
13205,7019
13206,5401
13206,2857
13206,20123
13207,19009
13207,14575
13207,15882
13207,22964
13207,15143
13207,19152
13207,446
13207,7333
13207,11526
13207,13820
13207,22111
13207,1357
13207,7491
13207,10828
13208,1274
13208,2530
13208,3550
13209,6462
13209,25041
13209,3321
13209,12886
13209,3258
13209,3357
13210,19869
13210,19160
13211,6747
13211,8199
13212,8221
13213,2117
13214,367
13214,175
13214,8469
13214,8002
13214,6940
13214,13238
13214,217
13214,3214
13215,20635
13215,6731
13216,20765
13216,2119
13217,13174
13217,8681
13217,3357
13218,7460
13218,6396
13218,4324
13218,21978
13219,6396
13219,7019
13220,3301
13220,704
13221,702
13221,7019
13222,7019
13223,3321
13223,175
13224,703
13224,702
13224,3216
13225,25229
13226,3217
13226,2855
13227,8929
13227,3258
13228,18686
13228,8407
13228,20244
13228,6855
13228,2855
13229,17605
13229,20832
13229,24897
13229,3255
13229,7569
13229,6703
13229,12789
13229,17327
13229,24996
13229,12884
13229,8659
13229,4382
13229,8462
13229,20495
13229,66
13229,6704
13229,16001
13229,12987
13229,6206
13229,20923
13229,8090
13229,15459
13229,15743
13229,3872
13229,22417
13229,4811
13229,25151
13229,6641
13229,16067
13229,20771
13229,12743
13229,15822
13229,21331
13229,8657
13229,19296
13229,4884
13229,15890
13229,16113
13229,25331
13229,5416
13229,3253
13229,20763
13229,20824
13229,9018
13229,22231
13229,106
13229,5153
13229,3960
13229,8143
13229,20714
13230,6328
13231,20703
13231,217
13231,15757
13232,6664
13233,1274
13233,8221
13234,3321
13234,8882
13235,6877
13236,7019
13236,10739
13237,8867
13238,13065
13238,560
13238,8484
13238,6794
13238,8435
13238,8913
13238,21621
13238,13185
13238,2819
13238,4590
13238,5291
13238,12732
13238,9839
13238,8366
13238,2904
13238,2517
13238,12587
13238,5009
13238,15445
13238,8658
13238,1786
13238,4902
13238,9133
13238,1837
13238,1258
13238,6872
13238,8515
13238,12323
13238,12990
13238,12606
13238,21100
13238,4789
13238,8387
13238,21196
13238,8609
13238,8547
13238,8973
13238,3742
13238,15744
13238,9120
13238,5558
13238,21074
13238,8570
13238,20640
13238,15636
13238,8474
13238,20641
13238,20835
13238,8427
13238,20496
13238,10244
13238,10311
13238,12402
13238,4514
13238,8766
13238,15536
13238,20647
13238,15601
13238,16909
13238,8197
13238,12578
13238,12677
13238,2820
13238,7796
13238,3492
13238,24906
13238,22867
13238,12860
13238,9001
13238,2138
13238,15730
13238,16196
13238,5632
13238,16206
13238,9212
13238,21462
13238,12965
13238,12582
13238,8448
13238,15791
13238,6328
13238,8967
13238,8643
13238,15389
13238,4767
13238,13646
13238,8290
13238,20508
13238,12553
13238,21414
13238,5606
13238,5090
13238,554
13238,20776
13238,20705
13238,8423
13238,365
13238,6731
13238,8482
13238,4356
13238,9064
13238,9192
13238,16560
13238,5651
13238,8223
13238,391
13238,12760
13238,8742
13238,3293
13238,15558
13238,20921
13238,8736
13238,6786
13238,681
13238,8360
13238,20954
13238,20917
13238,8122
13238,12898
13238,21235
13238,217
13238,3304
13238,12665
13238,16657
13238,3247
13238,15773
13238,12671
13238,12375
13238,4475
13238,787
13238,9265
13238,5611
13238,5463
13238,4324
13238,6719
13238,8232
13238,9010
13238,9144
13238,13290
13238,24934
13238,1654
13238,20748
13238,14892
13238,21208
13238,15435
13238,6882
13238,12612
13238,8709
13238,8768
13238,19319
13238,21203
13238,22514
13238,25264
13238,4785
13238,8929
13238,5589
13238,8305
13238,6013
13238,175
13238,8469
13238,13031
13238,8221
13238,8002
13238,9973
13238,16542
13238,24964
13238,8882
13238,8678
13238,5580
13238,20941
13238,16534
13238,6773
13238,3249
13238,20677
13238,5504
13238,8976
13238,5179
13238,16266
13238,4182
13238,13271
13238,19936
13238,16151
13238,8392
13238,5870
13238,12887
13238,16098
13238,23149
13238,8554
13238,12430
13238,3213
13238,8880
13238,21477
13238,287
13238,2998
13238,22367
13238,20678
13238,12307
13238,8246
13238,25193
13238,5540
13238,12972
13238,15375
13238,4572
13238,12655
13238,5386
13238,17001
13238,17913
13238,9506
13238,13102
13238,43
13238,166
13238,13286
13238,350
13238,7785
13238,5152
13238,13247
13238,5431
13238,8076
13238,12467
13238,2111
13238,8340
13238,5428
13238,15704
13238,9067
13238,21495
13238,8926
13238,8561
13238,1104
13238,2915
13238,2853
13238,23921
13238,8684
13238,2857
13238,20752
13238,8414
13238,25233
13238,14362
13238,15686
13238,6080
13238,15170
13238,8388
13238,8234
13238,3258
13238,13128
13238,13647
13238,16511
13238,24876
13238,5638
13238,8785
13238,24
13238,20528
13238,3420
13238,20628
13238,13155
13238,12831
13238,6068
13238,12794
13238,8446
13238,6806
13238,6111
13238,9081
13238,6940
13238,15413
13238,19581
13238,15624
13238,2612
13238,1141
13238,7576
13238,6662
13238,25311
13238,15427
13238,24641
13238,3838
13238,12635
13238,9102
13238,20486
13238,7133
13238,9032
13238,9029
13238,5823
13238,8993
13238,5588
13238,3210
13238,8470
13238,6462
13238,9183
13238,8860
13238,2120
13238,12559
13238,5404
13238,4706
13238,5467
13238,18371
13238,6780
13238,5221
13238,13050
13238,16447
13238,9190
13238,12714
13238,8560
13238,3250
13238,12514
13238,15599
13238,6179
13238,19321
13238,6433
13238,8834
13238,21479
13238,8069
13238,13769
13238,5391
13238,5661
13238,2858
13238,12395
13238,4939
13238,8345
13238,21222
13238,8805
13238,12481
13238,12580
13238,6129
13238,703
13238,10283
13238,1669
13238,8196
13238,19645
13238,20928
13238,3334
13238,20719
13238,20563
13238,6687
13238,23505
13238,12844
13238,21410
13238,6540
13238,12872
13238,20740
13238,12666
13238,8343
13238,9168
13238,9194
13238,15518
13238,20887
13238,12415
13238,8211
13238,4633
13238,2604
13238,8992
13238,20848
13238,5389
13238,13046
13238,24972
13238,15291
13238,2687
13238,15437
13238,861
13238,5298
13238,11750
13238,5919
13238,17218
13238,25075
13238,1158
13238,13214
13238,15581
13238,2117
13238,8738
13238,25326
13238,8528
13238,22823
13238,1902
13238,13266
13238,19030
13238,16087
13238,21386
13238,1201
13238,8583
13238,2498
13238,20774
13238,24962
13238,6901
13238,1785
13238,4621
13238,4566
13238,12694
13238,2530
13238,16299
13238,150
13238,8821
13238,1291
13238,21233
13238,20680
13238,21503
13238,9146
13238,25153
13238,24731
13238,23090
13238,8191
13238,23353
13238,19602
13238,9149
13238,16096
13238,6657
13238,12351
13238,15727
13238,6022
13238,15404
13238,19152
13238,13133
13238,5414
13238,5093
13238,8272
13238,294
13238,8587
13238,9151
13238,1300
13238,25296
13238,9176
13238,6831
13238,15880
13238,13302
13238,3890
13238,5668
13238,12309
13238,16277
13238,120
13238,15436
13238,23343
13238,20767
13238,1836
13238,24941
13238,16246
13238,12349
13238,5584
13238,12338
13238,16608
13238,13194
13238,3321
13238,12497
13238,13038
13238,6775
13238,15499
13238,21431
13238,6668
13238,7092
13238,8675
13238,21500
13238,12933
13238,6321
13238,9319
13238,8342
13238,9045
13238,1854
13238,6725
13238,17403
13238,8592
13238,12423
13238,8824
13238,11868
13238,2862
13238,8898
13238,15671
13238,24329
13238,24954
13238,12903
13238,17199
13238,15373
13238,16648
13238,3550
13238,5411
13238,20482
13238,20505
13238,20724
13238,3266
13239,8343
13239,217
13239,5524
13239,3278
13240,7019
13241,1681
13242,8199
13243,6326
13244,8435
13245,6748
13245,5519
13246,5187
13246,16330
13247,1300
13247,25064
13247,1274
13247,3492
13247,13238
13247,19888
13247,8482
13247,175
13247,5786
13247,217
13247,25289
13248,3887
13248,6245
13248,6454
13248,8658
13249,703
13249,702
13249,24736
13250,25144
13250,21274
13250,24897
13250,3255
13250,24127
13250,5336
13250,24996
13250,6887
13250,17116
13250,4641
13250,1274
13250,8082
13250,8769
13250,9750
13250,16182
13250,9258
13250,5593
13250,17715
13250,18911
13250,8710
13250,12433
13250,2636
13250,9665
13250,4035
13250,22286
13250,3723
13250,15498
13250,3201
13250,21438
13250,8109
13250,2703
13250,15597
13250,5187
13250,3647
13250,8166
13250,16419
13250,16310
13250,12999
13250,20700
13250,5122
13250,17191
13250,275
13250,12370
13250,6012
13250,3342
13250,19328
13250,11018
13250,16589
13250,25230
13250,12781
13250,9667
13250,6808
13250,3328
13250,3559
13250,21448
13250,62
13250,8344
13250,22439
13250,15646
13250,8857
13250,19394
13250,21514
13251,3258
13251,8221
13251,3304
13251,3550
13252,8929
13252,16098
13253,7914
13254,3314
13254,12875
13255,21445
13256,1924
13256,7019
13256,13577
13257,2915
13258,20486
13258,18899
13259,5463
13260,6537
13260,7019
13261,6664
13261,8709
13262,4231
13262,3550
13263,8929
13263,3321
13263,10492
13263,8818
13264,15701
13264,15922
13264,6462
13264,5139
13264,9122
13264,11794
13264,12892
13265,1300
13265,3258
13265,3492
13265,7019
13265,12976
13265,8585
13266,13238
13266,12794
13267,4590
13267,287
13268,6831
13268,3304
13269,3246
13270,702
13270,6129
13271,8882
13271,2788
13271,6806
13271,13238
13271,21025
13271,3550
13272,7067
13272,7796
13273,3550
13274,3258
13274,3550
13275,15695
13275,12742
13275,8247
13276,702
13276,1240
13277,1300
13277,175
13277,19152
13277,3214
13277,9990
13277,5679
13278,8221
13278,3304
13279,9122
13280,6850
13281,2111
13282,24868
13282,12391
13283,2119
13283,4949
13283,12996
13283,24701
13284,8221
13284,3304
13285,4882
13285,15692
13285,4571
13285,3258
13285,9027
13285,12364
13286,6462
13286,6940
13286,5714
13286,9827
13286,16151
13286,175
13286,8002
13286,24766
13286,217
13286,3304
13286,3214
13286,1274
13286,19152
13286,13238
13286,4638
13286,5414
13286,3357
13286,8587
13287,10465
13288,175
13288,16207
13289,3562
13289,1786
13290,9133
13290,5935
13290,13238
13291,15271
13291,16525
13292,10797
13293,8448
13294,4727
13294,1300
13294,15852
13294,21065
13294,22069
13294,25085
13294,375
13294,21022
13294,13120
13294,23143
13294,8324
13294,15745
13294,7990
13294,5660
13294,8365
13294,12619
13294,15397
13294,18829
13294,12832
13294,13066
13294,12347
13294,16284
13295,15498
13296,21321
13297,5770
13297,853
13298,175
13298,2097
13299,8448
13300,175
13300,2552
13301,3603
13301,6540
13301,871
13302,1300
13302,1274
13302,3492
13302,13238
13302,175
13302,3321
13302,217
13302,3304
13303,8353
13303,1300
13303,20486
13303,3278
13303,22508
13304,1240
13304,19263
13305,20486
13306,8226
13306,3278
13307,17643
13308,21087
13308,19069
13308,18528
13308,9388
13308,24665
13308,5061
13308,24686
13308,10108
13308,4178
13308,20980
13308,4593
13308,12884
13308,24989
13308,3675
13308,17768
13309,16517
13310,20669
13311,9663
13312,12881
13313,12007
13313,19030
13314,4566
13314,4324
13315,210
13315,7133
13316,3357
13317,14552
13317,6141
13317,702
13318,8061
13319,5401
13319,16339
13320,3603
13320,578
13320,1130
13321,2518
13322,83
13322,1240
13322,21668
13322,11729
13322,3550
13322,18188
13323,702
13323,7019
13324,702
13324,7019
13325,175
13325,10467
13326,210
13326,1240
13327,175
13327,3357
13327,10579
13328,7030
13329,3562
13330,24349
13330,7019
13331,702
13331,7133
13332,6540
13332,175
13332,22823
13332,6940
13332,3357
13332,19030
13333,2087
13333,175
13333,6940
13333,3357
13334,210
13334,11537
13334,175
13334,17055
13335,1786
13336,6540
13336,856
13337,22774
13337,7133
13338,20232
13338,4182
13339,3357
13339,7019
13339,2904
13339,3562
13340,210
13340,15271
13341,16468
13341,7019
13342,210
13342,19030
13343,10675
13343,6365
13344,15086
13344,10995
13344,3357
13345,19093
13345,14745
13345,175
13345,861
13345,6994
13345,6940
13345,7923
13346,15207
13346,6518
13346,175
13346,3562
13346,13791
13347,210
13347,19095
13348,702
13348,2829
13349,702
13349,6129
13350,1240
13350,2829
13351,210
13351,702
13352,20116
13353,14990
13353,8002
13354,16713
13354,4410
13354,21742
13354,14887
13354,10631
13354,4231
13354,1642
13354,14458
13355,2915
13355,6462
13355,175
13355,3550
13356,1749
13357,175
13358,8168
13359,7019
13360,21415
13361,10675
13361,3550
13361,7454
13362,17166
13362,7386
13363,2097
13363,14744
13364,2380
13364,1240
13364,7019
13364,14134
13365,210
13365,3357
13365,22968
13366,20162
13367,1240
13367,17055
13368,7019
13369,702
13369,1240
13369,7133
13370,1240
13370,16853
13371,19093
13371,16504
13372,82
13372,11165
13373,702
13373,7019
13374,3357
13374,7019
13375,2059
13375,2829
13376,702
13376,7019
13377,210
13377,702
13378,3550
13379,3562
13380,3357
13380,7019
13381,702
13381,210
13381,6396
13382,14552
13382,702
13382,6506
13382,3550
13383,1749
13383,434
13383,6454
13384,703
13384,3550
13385,11458
13386,2575
13386,23423
13386,14832
13386,11024
13386,14839
13386,6671
13386,13029
13386,24068
13386,23117
13386,6190
13386,11954
13386,7912
13386,868
13386,16482
13386,6498
13386,784
13386,18664
13386,7923
13386,2032
13386,14133
13386,14532
13386,19875
13386,3357
13386,10565
13386,11782
13387,17055
13388,702
13388,7019
13389,702
13389,7019
13390,6396
13390,175
13391,8122
13391,2829
13392,2829
13392,7019
13392,19095
13393,12969
13393,8247
13394,22562
13395,1098
13395,19095
13396,175
13397,10073
13397,210
13397,1240
13398,1681
13399,11222
13399,12065
13400,3357
13400,3562
13401,14752
13401,6129
13402,1240
13402,7019
13403,24937
13404,1240
13405,1300
13405,7933
13406,1240
13406,7133
13407,175
13408,19098
13408,19340
13408,6954
13408,23501
13408,8039
13408,175
13408,13488
13408,7957
13408,24441
13408,368
13408,11544
13408,19375
13408,19947
13408,14481
13408,2915
13408,22520
13408,7889
13408,11965
13408,3357
13409,210
13409,5753
13410,702
13410,2829
13410,6396
13410,7386
13411,3357
13412,210
13412,15271
13413,11920
13413,14745
13413,6994
13414,4182
13414,7261
13415,19095
13415,7796
13416,702
13416,1240
13416,11619
13417,1240
13417,3562
13418,6462
13419,702
13419,7019
13420,6396
13420,2829
13421,6396
13421,13424
13421,7019
13422,2829
13422,6396
13423,6396
13423,2829
13424,6396
13424,2829
13424,13421
13425,3550
13425,7005
13426,8867
13427,210
13427,19263
13428,10911
13428,13790
13428,14744
13429,4324
13430,210
13431,702
13431,1240
13432,702
13432,175
13432,1240
13433,22859
13433,19901
13433,10937
13433,22649
13433,22723
13433,18958
13433,1026
13433,22774
13434,210
13434,702
13434,1240
13434,6396
13434,22774
13434,3357
13435,702
13435,7386
13436,3258
13437,7019
13437,19025
13438,2915
13438,4514
13439,23266
13440,210
13440,1240
13441,6504
13442,6540
13442,15291
13442,578
13442,3791
13443,210
13443,16967
13444,2915
13444,3258
13445,702
13445,210
13446,1300
13446,2498
13446,6940
13446,3550
13446,2915
13446,702
13446,8002
13446,3357
13446,1222
13446,4756
13446,3353
13447,175
13447,3492
13447,3357
13448,6518
13448,6940
13449,15831
13449,4267
13449,3357
13449,4324
13450,17228
13451,18713
13451,7133
13452,19801
13453,7783
13453,7019
13453,8048
13454,6462
13454,1300
13454,22790
13454,24336
13454,2710
13454,6940
13454,16151
13454,23149
13454,11589
13454,22823
13454,217
13454,16619
13454,3214
13454,6687
13454,6396
13454,3492
13454,3550
13454,3321
13454,5414
13454,23931
13454,10795
13454,3357
13454,12161
13455,3594
13456,6598
13456,175
13457,12189
13458,22774
13459,702
13460,4231
13461,210
13462,702
13462,7019
13463,702
13463,1240
13464,10911
13464,702
13464,13790
13465,15271
13466,4566
13467,702
13467,6396
13468,702
13468,7019
13469,6518
13469,175
13470,4324
13471,2829
13471,19407
13472,4324
13473,12272
13474,8062
13474,3562
13475,7304
13476,4359
13477,102
13478,16026
13479,16527
13480,1240
13480,20137
13481,210
13481,7019
13482,210
13483,10911
13483,17231
13483,175
13483,13790
13483,4265
13484,702
13484,7019
13485,7795
13485,578
13486,702
13487,175
13488,15271
13488,13408
13489,6315
13489,1240
13489,21511
13489,19598
13489,24827
13489,6637
13489,16787
13489,16721
13489,10895
13489,11743
13489,16846
13489,3550
13489,6976
13489,11539
13489,24268
13489,22151
13489,10627
13489,3357
13489,17055
13490,1240
13490,15067
13490,3110
13490,8066
13490,3272
13490,1640
13490,7196
13490,175
13490,3050
13490,3257
13490,6454
13491,12406
13491,10638
13491,6396
13491,1240
13491,210
13491,175
13491,24617
13491,3357
13491,24146
13492,12182
13492,7019
13493,6403
13493,4324
13494,3890
13494,8221
13495,702
13495,11854
13496,16686
13497,7019
13498,13940
13498,11909
13499,12696
13500,702
13500,19549
13500,3357
13501,210
13501,1240
13502,3113
13502,601
13503,7019
13504,23343
13505,12386
13505,6253
13505,23367
13505,23295
13506,23330
13506,6129
13507,210
13507,702
13507,1240
13507,3357
13507,7019
13508,702
13508,7019
13509,210
13510,1924
13510,14956
13511,19263
13512,6454
13513,7386
13514,175
13514,10356
13514,22967
13515,3304
13515,15518
13516,210
13517,1240
13517,7133
13518,702
13518,175
13519,702
13519,1240
13520,7734
13520,6140
13521,2829
13521,19030
13522,7019
13522,19263
13523,6141
13523,10882
13524,7914
13525,702
13526,15207
13526,22292
13526,4324
13527,702
13527,7133
13528,1240
13529,175
13529,1749
13530,3113
13530,601
13531,3321
13532,20463
13532,7901
13532,24725
13532,21655
13533,8122
13533,15759
13533,19152
13534,3357
13534,3562
13535,7133
13536,1749
13536,434
13537,7134
13537,210
13537,11400
13537,21753
13537,3357
13537,2960
13537,13945
13538,6454
13539,20534
13540,210
13540,3562
13541,7019
13542,702
13542,7019
13543,210
13543,6396
13544,702
13544,2829
13545,9133
13545,8221
13546,210
13546,175
13547,16468
13547,3357
13548,19095
13549,7593
13549,6778
13550,2947
13551,7456
13551,6385
13552,10911
13552,6129
13553,16853
13554,24868
13555,702
13556,6518
13557,702
13558,4545
13558,12180
13559,10934
13559,210
13560,11101
13560,14984
13561,1669
13561,3357
13562,1093
13563,702
13564,20961
13565,6198
13566,1240
13566,7019
13567,175
13567,4566
13568,702
13568,7019
13569,9122
13570,7133
13571,702
13572,3901
13572,4324
13573,702
13573,19407
13574,5651
13574,13688
13575,5679
13576,14420
13576,7261
13577,1240
13577,2022
13577,20413
13577,23041
13577,13256
13577,702
13577,14264
13577,14956
13577,6305
13577,7019
13577,13682
13577,6581
13578,3562
13578,3550
13579,702
13580,16532
13580,13592
13580,21693
13581,2059
13582,210
13582,7019
13583,175
13583,14139
13583,6973
13583,3562
13584,1786
13585,20805
13586,22928
13586,7304
13587,210
13587,15271
13587,101
13588,210
13588,7019
13589,702
13590,20621
13590,18201
13590,1240
13590,24532
13590,4566
13590,18060
13590,24525
13591,6462
13592,22567
13592,1240
13592,595
13592,13580
13592,4335
13592,4332
13592,3562
13592,14250
13592,19333
13592,3095
13592,175
13592,8152
13592,1643
13592,16763
13592,4313
13592,13879
13592,4254
13592,22909
13592,3121
13593,210
13593,7019
13594,210
13594,702
13595,6540
13595,15103
13596,210
13596,702
13597,210
13597,15271
13598,6084
13599,7019
13599,7386
13600,7912
13600,8002
13601,4324
13602,1240
13602,6389
13603,7133
13604,20961
13605,10911
13605,19263
13606,1240
13606,2245
13607,210
13607,7333
13608,2829
13608,175
13609,7019
13610,7912
13610,13758
13610,12813
13610,6317
13610,11591
13610,3550
13610,19032
13610,3357
13610,16796
13611,7019
13612,702
13613,210
13613,1240
13614,1240
13615,702
13615,2829
13616,16853
13617,14469
13617,22623
13618,7133
13619,175
13619,3357
13619,4324
13620,12179
13620,175
13621,6940
13621,3562
13621,13631
13622,175
13622,3562
13623,210
13624,6328
13625,5538
13626,13125
13626,8867
13627,1240
13627,7019
13628,3562
13629,175
13630,702
13630,1240
13630,10696
13631,702
13631,6396
13631,13621
13632,702
13632,8221
13632,7019
13633,6518
13633,7019
13634,16468
13635,702
13635,7019
13636,702
13636,7019
13637,702
13637,7019
13638,1240
13638,3550
13639,702
13639,210
13639,22146
13640,12390
13641,14752
13641,11305
13642,12024
13642,2915
13643,702
13644,6540
13645,6396
13645,7133
13646,11357
13646,2131
13646,6940
13646,12122
13646,16151
13646,8002
13646,217
13646,7019
13646,12378
13646,19030
13646,6540
13646,3492
13646,13238
13646,11687
13646,23427
13646,23953
13646,23112
13646,3357
13646,294
13646,96
13647,5045
13647,13238
13647,17662
13647,17497
13647,8929
13647,175
13647,3321
13647,4864
13647,3357
13648,3357
13649,8407
13650,22948
13650,19580
13650,22263
13650,13900
13650,210
13650,702
13650,175
13650,12276
13650,1360
13650,957
13650,3357
13650,7019
13651,3603
13651,702
13652,10797
13653,6396
13653,7019
13654,20142
13655,10989
13656,702
13657,7019
13657,10797
13658,9328
13658,7082
13658,10679
13658,8002
13658,15621
13659,6462
13659,175
13659,7007
13660,2720
13660,702
13660,7019
13661,702
13661,7019
13662,19263
13663,19263
13664,19263
13665,19263
13666,19263
13667,702
13667,7019
13667,3550
13667,1786
13668,23650
13669,7133
13670,702
13670,7019
13671,19263
13672,16545
13672,23534
13672,19263
13673,7733
13673,19263
13673,11303
13674,1375
13674,14636
13674,19263
13674,16426
13675,15064
13675,19263
13676,2889
13676,13164
13676,6057
13676,19263
13677,7133
13678,19093
13678,210
13679,15271
13680,21817
13681,6540
13681,3492
13681,6940
13681,11687
13681,6971
13681,14281
13681,217
13681,3357
13681,19030
13682,702
13682,5057
13682,13577
13682,7019
13683,12128
13684,210
13684,12130
13685,210
13685,7019
13686,4324
13687,15670
13687,499
13688,2915
13688,5651
13688,13720
13688,13574
13688,4324
13689,702
13689,7019
13689,19263
13690,1240
13690,13869
13690,702
13690,14368
13690,7019
13690,22893
13690,11093
13690,24729
13690,11234
13691,702
13691,3550
13692,14711
13693,210
13693,755
13694,7912
13694,210
13694,13794
13694,24418
13694,14632
13695,20089
13695,3357
13695,19095
13695,19263
13696,6396
13696,7019
13697,175
13697,8002
13698,6664
13698,8709
13699,7030
13699,7019
13700,6940
13701,3562
13702,7019
13702,7133
13703,175
13704,14725
13704,2829
13704,1116
13704,3562
13704,3550
13705,2915
13705,18535
13706,12182
13706,10913
13707,6174
13707,3357
13707,10797
13708,1595
13708,12302
13708,8391
13709,9122
13710,3594
13710,12061
13711,483
13711,702
13712,1240
13712,175
13713,7912
13713,4324
13714,7019
13715,2915
13715,6462
13716,702
13717,702
13717,1240
13718,1240
13718,3562
13719,175
13720,13688
13721,3726
13721,813
13721,3492
13721,4267
13721,6940
13721,17232
13721,7133
13721,3550
13721,11165
13721,2687
13721,22823
13721,3357
13721,19030
13722,210
13723,7912
13723,14746
13723,3357
13723,16483
13724,6396
13724,1240
13725,7019
13725,3357
13726,175
13727,7912
13727,1240
13727,4324
13728,7058
13729,6328
13729,853
13730,2829
13730,3562
13731,3448
13731,3357
13732,702
13732,19095
13733,175
13733,22692
13734,702
13734,11427
13735,175
13735,2829
13736,8709
13737,210
13737,1240
13738,4324
13739,5368
13739,9199
13740,1240
13740,2648
13741,6396
13741,7019
13742,702
13742,175
13743,702
13743,1240
13744,7019
13745,21220
13745,12884
13746,2829
13746,175
13747,7019
13748,1240
13748,6396
13749,4324
13750,2915
13750,6462
13750,175
13750,24368
13750,3562
13750,4324
13751,6462
13751,702
13751,175
13752,1240
13752,7133
13753,702
13753,1240
13754,23127
13754,4324
13755,22774
13756,5662
13757,2829
13757,15110
13757,21681
13757,21856
13757,210
13757,702
13757,7019
13757,3357
13758,13610
13759,702
13759,7019
13760,23932
13760,19095
13761,7912
13761,3465
13761,22674
13761,7019
13761,2145
13762,8168
13763,7133
13764,1240
13764,7019
13765,1240
13766,1240
13766,7030
13767,10911
13768,1240
13768,3357
13768,3562
13768,4324
13769,7404
13769,11627
13769,23321
13769,21720
13769,18651
13769,12957
13769,10930
13769,15552
13769,18531
13769,3304
13769,217
13769,807
13769,5646
13769,19030
13769,23137
13769,21641
13769,13238
13769,15759
13769,2517
13769,1281
13769,4324
13769,4638
13769,15317
13769,6103
13769,864
13769,16533
13769,1240
13769,3585
13769,10359
13769,6940
13769,11825
13769,7457
13769,13948
13769,702
13769,175
13769,8002
13769,804
13769,16407
13769,414
13769,22322
13769,6729
13769,10401
13769,19152
13769,7133
13769,11687
13769,5414
13769,22060
13769,294
13769,5765
13769,11479
13769,6462
13769,10809
13769,11626
13769,813
13769,10997
13769,11389
13769,5717
13769,5698
13769,22544
13769,3634
13769,14388
13769,11291
13769,7019
13769,4471
13769,12078
13769,14008
13769,10924
13769,3492
13769,14754
13769,96
13769,7429
13769,272
13769,21571
13769,7993
13769,3562
13769,3214
13769,4121
13769,23136
13769,11306
13769,12328
13769,11183
13769,16205
13769,13847
13769,10700
13769,15073
13769,15437
13769,18433
13769,3721
13769,853
13770,10911
13771,4514
13771,3562
13772,702
13773,16714
13773,16504
13774,7082
13774,7481
13774,15621
13775,6472
13776,14990
13776,210
13777,8040
13777,1240
13777,10398
13778,175
13778,7019
13779,1240
13779,23872
13779,578
13779,3301
13779,4658
13779,703
13779,7715
13779,2687
13779,2688
13779,9626
13779,7019
13779,2916
13779,10467
13780,14743
13781,1240
13782,19686
13782,210
13782,6387
13783,702
13784,17374
13784,7067
13785,5823
13786,10934
13786,7019
13787,15291
13787,23499
13788,1240
13789,1240
13790,962
13790,15111
13790,15102
13790,11697
13790,14917
13790,14495
13790,11769
13790,14611
13790,16414
13790,15194
13790,1336
13790,22999
13790,22054
13790,11566
13790,1185
13790,13483
13790,15286
13790,15140
13790,1901
13790,19389
13790,18650
13790,23048
13790,19813
13790,13793
13790,10976
13790,13464
13790,2546
13790,15393
13790,1783
13790,22213
13790,22876
13790,1619
13790,1052
13790,1240
13790,11078
13790,19480
13790,19771
13790,6304
13790,3562
13790,6104
13790,22721
13790,22709
13790,702
13790,11824
13790,10458
13790,13428
13790,13956
13790,2645
13790,23545
13790,22554
13790,3763
13790,24350
13790,14327
13790,19788
13790,18629
13790,3550
13790,7656
13790,2915
13790,23045
13790,15341
13790,7247
13790,14237
13790,1278
13791,10783
13791,6239
13791,10870
13791,2829
13791,24569
13791,7852
13791,16993
13791,2924
13791,14763
13791,22730
13791,14630
13791,7019
13791,16619
13791,22659
13791,18677
13791,22122
13791,22626
13791,6654
13791,18731
13791,7425
13791,1240
13791,15231
13791,18549
13791,19650
13791,11480
13791,18758
13791,3562
13791,7885
13791,13955
13791,702
13791,20243
13791,13346
13791,10391
13791,20382
13791,3550
13791,21765
13791,1004
13791,17390
13791,3357
13791,7335
13791,7873
13792,14598
13792,1240
13792,10590
13792,795
13792,371
13792,702
13792,22950
13792,2713
13792,7019
13792,12239
13792,20184
13792,14697
13792,981
13792,10391
13792,23504
13792,11943
13792,17145
13792,3550
13792,2915
13792,18731
13792,7040
13792,22718
13792,11628
13792,14333
13792,18717
13793,17676
13793,13790
13793,24248
13793,10913
13793,19025
13793,14746
13793,14745
13793,15571
13793,24246
13793,24247
13794,13694
13794,7460
13795,702
13795,6540
13796,14744
13797,22743
13798,3357
13798,14743
13799,22417
13800,6316
13801,4475
13801,1673
13801,6250
13801,22116
13801,6179
13801,3258
13801,4437
13801,3321
13801,14003
13802,856
13803,2915
13803,1240
13803,175
13803,16414
13803,23961
13803,7019
13803,11270
13804,210
13804,6396
13805,175
13805,7019
13806,175
13807,702
13807,7019
13807,3357
13808,210
13808,7019
13809,702
13809,7133
13810,10509
13810,7019
13811,11854
13811,3357
13812,10912
13812,10913
13813,702
13814,6396
13814,7019
13815,1240
13815,3550
13816,58
13817,7019
13818,19095
13818,3550
13819,210
13820,210
13820,16699
13820,16565
13820,18620
13820,3357
13820,13207
13821,210
13821,10797
13821,7133
13822,10911
13822,1240
13822,175
13822,7019
13823,19093
13823,2829
13824,210
13824,7133
13825,702
13825,6396
13826,8064
13826,4324
13827,578
13827,19836
13827,6328
13828,10914
13828,7019
13829,1576
13829,3357
13830,702
13830,1240
13831,4566
13832,19152
13833,702
13833,16853
13834,5651
13834,4324
13834,7386
13835,702
13835,1240
13836,8686
13836,15925
13837,1240
13837,11427
13838,702
13838,1240
13839,10579
13840,6396
13840,7019
13841,12181
13842,3357
13842,6940
13843,702
13844,1240
13845,7019
13846,3357
13847,13769
13847,15291
13847,3357
13848,20232
13848,7019
13849,6396
13850,702
13850,175
13851,19095
13852,702
13852,7019
13853,18713
13853,7133
13854,175
13854,7019
13855,7019
13856,11860
13856,1011
13856,1240
13856,16806
13856,7229
13857,2253
13857,2464
13858,175
13858,3357
13859,6664
13859,8709
13859,9499
13860,1240
13860,7019
13861,702
13861,7019
13862,18991
13863,3321
13863,175
13864,702
13865,5679
13866,2921
13867,210
13868,6462
13868,17228
13868,702
13868,2829
13868,3357
13868,17232
13869,16403
13869,23520
13869,13690
13870,14042
13870,175
13871,10934
13872,1240
13873,15306
13874,175
13875,6129
13876,6396
13876,16400
13877,10911
13878,10797
13879,11173
13879,3284
13879,17380
13879,8168
13879,3562
13879,3550
13879,4502
13879,1000
13879,4405
13879,4231
13879,15181
13879,6506
13879,13592
13879,10779
13880,1890
13881,210
13881,7019
13882,16468
13883,1240
13883,7019
13884,210
13884,702
13885,175
13886,7019
13886,19095
13887,7133
13888,14295
13889,702
13890,702
13890,3357
13891,2915
13891,175
13891,22774
13891,19025
13892,702
13892,7018
13892,7261
13893,702
13893,4324
13894,210
13894,702
13894,2687
13895,2829
13896,20486
13897,2829
13897,14743
13898,14266
13898,7133
13899,7423
13899,23067
13900,210
13900,2829
13900,13650
13900,2552
13901,210
13901,1240
13902,702
13903,6396
13903,3492
13903,16036
13904,23343
13905,210
13905,2947
13906,2915
13906,8122
13906,6940
13906,3357
13906,2153
13906,3550
13907,6396
13907,6874
13908,11458
13909,7453
13909,23328
13910,19152
13910,3357
13910,6454
13911,6462
13911,4265
13911,3787
13911,11487
13912,15291
13912,6328
13912,14596
13912,853
13913,456
13913,3492
13913,6940
13913,3357
13913,6454
13913,3550
13914,20082
13914,3562
13915,7739
13915,4231
13916,3357
13917,7019
13918,12633
13918,861
13918,12183
13919,22773
13920,6396
13920,4324
13921,20805
13922,702
13922,7019
13923,20125
13924,11847
13925,7019
13926,10911
13927,1786
13927,2894
13928,210
13929,702
13929,175
13930,3562
13930,12065
13931,17233
13932,3492
13932,3357
13932,6454
13932,6
13933,702
13933,11487
13934,702
13935,8387
13936,19090
13937,8247
13938,21220
13939,7019
13940,14695
13940,14023
13940,427
13940,19242
13940,702
13940,22875
13940,13498
13940,23172
13940,1176
13940,7019
13940,486
13941,2153
13942,14343
13942,210
13942,22292
13942,16622
13943,377
13943,5770
13944,17294
13945,7912
13945,14621
13945,13537
13946,1240
13946,7019
13947,1153
13947,1580
13947,14554
13947,19617
13947,14805
13947,210
13947,22737
13947,6049
13947,7880
13948,11609
13948,13769
13949,7795
13950,7834
13950,14744
13951,7912
13951,1101
13951,4324
13952,2829
13952,7386
13953,3562
13954,15291
13954,6328
13955,702
13955,14711
13955,13791
13956,6462
13956,6222
13956,702
13956,2829
13956,10914
13956,13790
13957,210
13957,3550
13958,14744
13959,6737
13959,8496
13960,7912
13961,8139
13961,2829
13961,19095
13962,7019
13962,3357
13962,3550
13963,7912
13963,3357
13964,702
13964,12192
13964,3357
13964,7019
13964,3562
13964,3550
13965,6748
13966,175
13966,3258
13967,7912
13967,7229
13968,7019
13968,3550
13969,10913
13969,14744
13970,7912
13970,702
13970,7019
13970,3550
13971,23330
13971,6129
13972,7912
13972,7019
13972,3550
13973,7019
13973,4324
13974,14743
13975,4514
13975,4324
13976,1240
13976,4324
13977,21176
13977,21392
13978,702
13978,7019
13979,1669
13979,3492
13979,3357
13979,6940
13979,6454
13979,4437
13980,6664
13981,22774
13981,7133
13982,210
13982,2829
13983,1240
13983,4566
13984,210
13984,3562
13985,15086
13986,14266
13987,21923
13988,4638
13988,1300
13988,8952
13988,3357
13989,1300
13989,3357
13990,210
13990,3357
13991,22757
13991,4324
13992,8199
13993,2915
13994,14533
13994,17055
13994,10797
13995,8040
13995,210
13995,6387
13995,7405
13996,6454
13997,702
13997,6396
13997,1240
13997,7019
13998,702
13998,17055
13999,7912
13999,16906
14000,11173
14000,6504
14000,8152
14000,18735
14000,3492
14000,6454
14001,22883
14001,4261
14001,1240
14001,3550
14001,6504
14001,3455
14001,1663
14001,3357
14002,9912
14002,43
14003,13801
14003,6396
14003,3357
14003,3550
14004,2589
14005,210
14006,15086
14007,5036
14008,6540
14008,466
14008,175
14008,13769
14008,19030
14008,853
14009,20273
14010,7019
14011,702
14011,6396
14011,11026
14011,7019
14011,7133
14012,3357
14013,8805
14014,702
14014,7019
14015,3603
14015,578
14016,175
14017,7229
14018,7133
14019,7019
14020,702
14020,14473
14021,1240
14021,6373
14022,1240
14022,7019
14023,13940
14023,12678
14023,7019
14023,3357
14024,2829
14025,2829
14025,4324
14026,18991
14026,7019
14027,4475
14027,21549
14027,4437
14028,4324
14029,702
14030,9122
14031,7019
14032,18486
14032,12183
14033,702
14033,210
14034,1240
14035,210
14035,7338
14036,1240
14036,7019
14037,175
14037,7386
14038,19319
14039,10911
14040,6396
14040,12179
14040,19856
14040,7019
14041,1240
14041,7019
14041,19095
14042,105
14042,13870
14042,195
14042,12146
14042,2649
14042,211
14042,23227
14042,2903
14042,16520
14042,210
14042,11165
14042,80
14042,3357
14042,19402
14042,25338
14043,861
14044,702
14045,210
14045,2829
14046,2829
14046,3357
14046,7019
14047,11531
14047,1240
14048,7221
14048,7019
14048,4359
14049,11708
14049,11687
14049,1821
14049,11538
14049,16990
14049,16474
14049,10354
14049,6384
14050,6518
14051,12183
14051,14744
14052,13163
14052,20173
14052,14734
14052,1240
14052,23282
14052,633
14052,11293
14053,1576
14054,3562
14054,1786
14055,7019
14056,6518
14056,1669
14056,3357
14056,4324
14057,702
14057,7019
14058,210
14058,19116
14059,3328
14060,6074
14060,3550
14061,210
14061,7019
14062,6396
14062,7133
14063,2829
14063,3357
14064,19367
14064,19109
14065,7133
14066,19549
14067,6518
14068,7133
14069,4475
14069,4437
14070,6129
14071,2857
14071,20521
14071,175
14072,18713
14073,210
14073,7019
14074,14136
14075,702
14075,1240
14076,175
14076,16811
14076,7019
14077,2829
14077,6518
14077,10488
14078,102
14078,669
14079,7133
14080,6129
14081,4312
14081,3064
14081,18679
14081,1643
14081,1646
14081,19245
14081,10621
14082,11854
14082,3562
14083,6129
14084,702
14084,7133
14085,23266
14085,12112
14086,175
14087,702
14087,175
14088,175
14088,3550
14089,9117
14089,1681
14090,702
14090,3550
14091,23816
14091,702
14091,1240
14091,7019
14091,1963
14092,15086
14092,3357
14093,702
14093,8002
14093,19095
14094,3145
14095,22774
14095,7019
14096,2059
14096,702
14097,1775
14098,4324
14099,10973
14100,702
14100,12945
14101,7019
14102,20536
14103,8247
14104,7912
14104,7019
14104,17133
14105,6923
14106,8991
14107,10934
14107,210
14108,7912
14108,10884
14108,23520
14108,7019
14109,14670
14110,702
14111,702
14111,7133
14112,16593
14112,175
14113,6540
14113,21549
14113,5770
14114,210
14114,4324
14114,3550
14115,703
14115,21851
14116,3742
14116,5714
14117,7349
14117,3603
14117,175
14117,3321
14117,853
14118,6763
14118,7005
14119,12844
14119,8882
14120,578
14120,1135
14121,10934
14122,15291
14122,578
14123,8152
14124,175
14125,20805
14125,8247
14126,13125
14126,8809
14126,17892
14126,8263
14127,1240
14128,3357
14129,19030
14130,24786
14130,20563
14131,1240
14131,7019
14132,15582
14132,2552
14132,7019
14132,22716
14132,3357
14132,11569
14132,4324
14133,13386
14133,10579
14134,13364
14134,3357
14135,4545
14136,14074
14136,3357
14136,12327
14136,3550
14137,702
14137,14743
14138,12130
14138,7261
14139,175
14139,13583
14140,6621
14141,1240
14142,6850
14143,7019
14144,175
14144,7019
14145,19407
14145,3357
14146,210
14146,1240
14147,4324
14147,14744
14148,2829
14149,702
14149,175
14149,7019
14150,210
14151,175
14151,14435
14152,702
14152,3562
14153,14443
14154,20237
14155,702
14155,7019
14156,1240
14156,7019
14156,7130
14157,5484
14157,8709
14158,1131
14159,702
14159,19263
14160,3664
14160,7261
14161,3113
14161,601
14162,702
14162,210
14163,10911
14163,14743
14164,702
14164,17233
14165,21147
14166,2915
14166,175
14167,702
14167,6454
14168,210
14168,7019
14168,3550
14169,22344
14170,7019
14170,16485
14171,702
14171,3562
14172,702
14172,6518
14173,8709
14174,6286
14174,175
14174,3357
14175,1240
14176,210
14176,7133
14177,10911
14177,12007
14178,4324
14179,7912
14179,1643
14179,7439
14179,3550
14180,25075
14180,8894
14181,1240
14181,7019
14182,210
14182,7019
14183,210
14183,6199
14183,1240
14183,4324
14184,10509
14185,15086
14185,4324
14186,6080
14186,7019
14187,15841
14188,1630
14188,3192
14188,7909
14189,12586
14189,210
14189,19093
14189,755
14190,2078
14191,15291
14192,3603
14193,20232
14193,2382
14194,1240
14195,8061
14195,14915
14196,7912
14196,175
14197,10311
14198,6518
14199,3550
14200,1240
14201,7796
14202,4638
14202,1240
14202,3550
14203,1240
14203,7019
14204,2915
14204,210
14204,702
14204,2097
14205,16686
14206,175
14206,3357
14207,3562
14208,4514
14208,7133
14209,3492
14210,1970
14211,8343
14212,3357
14213,1240
14213,4324
14214,2153
14215,7019
14216,7019
14216,7133
14217,6994
14218,6396
14218,4566
14219,175
14219,14718
14220,20137
14220,5007
14221,23127
14221,22562
14222,7133
14223,8789
14224,7019
14224,4324
14225,1240
14225,22774
14226,1240
14226,6373
14227,702
14228,1240
14229,702
14229,14670
14230,210
14231,702
14231,7229
14232,193
14233,7304
14234,2829
14234,7386
14235,20256
14235,19423
14235,6058
14236,5128
14237,1240
14237,13790
14237,12180
14237,6383
14237,3357
14237,12181
14237,12183
14238,22774
14238,7133
14239,3562
14240,19869
14240,19160
14241,6540
14242,18462
14243,15271
14243,7012
14244,1240
14244,7019
14245,3357
14245,6940
14246,2829
14247,702
14247,210
14247,7019
14248,702
14248,7019
14249,702
14249,2829
14250,11173
14250,13592
14251,3357
14251,7386
14252,702
14252,6129
14253,7018
14253,3550
14254,6540
14254,11261
14255,702
14255,19095
14256,2153
14257,3603
14257,702
14258,210
14259,2829
14259,16853
14260,6763
14260,16991
14260,3164
14260,3562
14260,14967
14260,1241
14260,702
14260,3452
14260,16875
14260,14552
14260,3161
14260,3462
14260,3492
14260,3386
14260,3550
14260,3430
14260,3377
14260,18748
14260,3392
14260,18823
14261,4324
14262,3357
14263,6367
14263,11996
14263,102
14263,7276
14264,11608
14264,7774
14264,22216
14264,23123
14264,22852
14264,11603
14264,11737
14264,13577
14265,7912
14266,7912
14266,13898
14266,22609
14266,15988
14266,10659
14266,1835
14266,11042
14266,1687
14266,19331
14266,2334
14266,702
14266,13986
14266,1119
14266,3357
14267,702
14267,7019
14268,702
14268,7019
14269,7912
14270,6262
14270,17374
14271,9691
14272,3715
14272,22695
14273,14744
14274,702
14274,7019
14275,19116
14275,7019
14276,7019
14276,7229
14277,11854
14277,12180
14277,6994
14277,12183
14278,6462
14278,702
14278,3558
14278,6940
14278,2517
14278,4324
14279,2829
14280,702
14280,4324
14281,13681
14281,702
14281,864
14281,6328
14282,702
14282,6199
14283,6141
14283,8168
14284,8929
14284,9010
14285,703
14285,8929
14286,175
14286,8002
14286,19152
14286,3550
14287,7912
14287,175
14288,19095
14288,4324
14289,15086
14289,6396
14289,2829
14289,3357
14289,22828
14290,7133
14291,14794
14292,1240
14292,4923
14292,7019
14293,7019
14294,6462
14294,702
14294,6080
14295,23006
14295,13888
14295,3357
14295,3550
14296,1240
14296,15271
14297,12872
14298,702
14298,6198
14299,2829
14300,702
14300,1240
14300,7019
14300,4324
14301,6462
14301,1300
14301,1240
14301,3550
14301,2915
14301,210
14301,23839
14301,7019
14302,1300
14302,6540
14302,3558
14302,6940
14303,767
14303,3263
14304,8944
14304,3558
14304,5414
14304,6771
14305,15400
14305,15809
14306,16472
14306,3083
14307,6396
14308,7133
14308,7256
14309,5252
14310,12780
14311,17124
14312,225
14312,2117
14313,7386
14313,3550
14314,21152
14315,6704
14316,15558
14316,3216
14317,8435
14318,15082
14318,210
14318,7019
14319,1300
14320,702
14321,2829
14321,1240
14321,6431
14322,7133
14323,1786
14324,6168
14324,15481
14324,1240
14324,3357
14325,702
14325,6129
14326,7912
14326,18612
14326,14465
14326,10962
14326,25349
14326,14349
14326,10579
14326,11079
14327,10911
14327,13790
14328,210
14328,175
14329,702
14329,20162
14329,7019
14329,19431
14330,10243
14330,854
14331,210
14331,1240
14332,702
14332,7019
14333,6462
14333,13792
14334,7133
14335,1786
14335,14514
14336,2712
14336,4324
14337,210
14337,1240
14338,1240
14338,19095
14339,702
14339,1240
14339,3562
14340,7909
14340,16815
14341,6462
14341,2498
14341,6940
14341,2517
14341,2915
14341,702
14341,3357
14341,217
14341,19030
14342,702
14343,15059
14343,210
14343,12112
14343,13942
14343,19884
14343,7386
14344,210
14344,7019
14345,702
14346,8023
14346,11179
14346,4324
14347,10430
14347,8168
14347,3550
14348,8929
14348,24786
14348,9753
14349,14326
14350,10989
14351,22159
14351,7338
14352,23006
14352,7133
14353,702
14353,2829
14353,19263
14354,19095
14355,1242
14356,20877
14356,12868
14357,7150
14357,6454
14357,3550
14358,1804
14359,578
14359,15291
14360,7912
14360,2829
14360,1824
14360,3550
14360,22866
14360,15860
14360,14788
14360,3357
14360,14540
14360,7019
14360,12428
14360,19258
14361,3256
14362,16920
14362,813
14362,22265
14362,6940
14362,5714
14362,3304
14362,7019
14362,21803
14362,217
14362,2153
14362,19030
14362,6540
14362,2498
14362,3258
14362,11267
14362,13238
14362,5512
14362,16036
14362,2517
14362,3550
14362,11687
14362,3558
14362,22904
14362,3357
14362,294
14362,853
14363,175
14364,7019
14365,17229
14366,6462
14367,3603
14367,702
14367,12022
14367,6328
14368,7386
14368,13690
14369,20745
14370,210
14371,7914
14372,413
14372,21874
14373,210
14373,7019
14374,277
14374,6396
14374,6923
14375,210
14376,16266
14376,17913
14376,20563
14377,12616
14377,17643
14378,702
14378,3550
14379,210
14379,702
14380,702
14380,7019
14381,15513
14381,4324
14381,7386
14382,5584
14382,4590
14382,1240
14382,13199
14382,7019
14383,8391
14384,175
14384,3492
14384,22823
14384,23353
14384,21793
14385,7019
14385,19095
14386,18991
14386,702
14386,4324
14387,702
14388,175
14388,13769
14388,7481
14389,8929
14389,175
14390,702
14390,19116
14391,11240
14391,6564
14391,6262
14391,3492
14391,3933
14391,7945
14391,6940
14391,15269
14391,4437
14391,11101
14391,16700
14391,5642
14391,2823
14391,1092
14391,16796
14391,7342
14392,7019
14393,12182
14393,10913
14394,5007
14394,4324
14395,2871
14396,3357
14396,6198
14396,3562
14397,702
14397,3357
14398,6222
14398,702
14399,4264
14399,14744
14400,13081
14401,15695
14401,20805
14401,8247
14402,4324
14403,14752
14404,7019
14404,7133
14405,7386
14406,8336
14407,15268
14407,23609
14408,6396
14408,6182
14409,2829
14410,7013
14411,1240
14412,6518
14412,6940
14413,7019
14413,12181
14414,1240
14414,10914
14414,3550
14415,702
14415,7019
14416,702
14416,7019
14417,7912
14418,702
14418,7019
14419,702
14419,175
14419,19263
14420,14428
14420,13576
14420,7261
14421,702
14421,1240
14421,6454
14421,3186
14422,3562
14422,7133
14423,702
14424,7019
14424,19095
14425,702
14425,19095
14426,7066
14427,210
14427,3901
14428,6462
14428,19185
14428,14420
14428,15177
14429,6396
14429,19030
14430,12007
14431,7133
14431,4324
14432,18991
14432,702
14433,702
14433,7019
14434,19263
14435,210
14435,14151
14435,7019
14436,10911
14436,175
14437,1240
14437,7019
14438,6454
14439,19095
14440,5691
14440,7058
14440,14827
14441,10911
14442,175
14442,15291
14443,22365
14443,2294
14443,14153
14443,3258
14443,12181
14443,7291
14443,23189
14443,6289
14444,702
14444,7019
14445,2193
14446,2902
14447,2829
14447,7019
14448,8328
14448,25092
14449,22710
14450,6664
14451,7019
14452,17232
14453,1240
14454,7082
14454,6540
14454,175
14454,3321
14454,578
14455,175
14455,3357
14455,4324
14455,6129
14455,11457
14456,7382
14457,19753
14457,175
14457,734
14458,7739
14458,4231
14458,15181
14458,13354
14459,702
14459,1240
14460,702
14460,1240
14461,702
14461,1240
14462,22774
14463,12179
14464,4231
14464,8168
14464,22357
14465,14326
14466,8709
14466,5828
14467,1240
14468,2380
14468,4324
14469,13617
14469,175
14470,2915
14470,175
14470,3357
14471,1240
14471,7019
14472,175
14472,14718
14473,19753
14473,6540
14473,12022
14473,14824
14473,10770
14473,1690
14473,16752
14473,14020
14474,175
14475,7386
14475,4324
14476,210
14477,6540
14477,853
14478,8002
14478,19030
14479,3357
14479,4324
14480,5618
14480,8247
14481,7654
14481,13408
14482,7019
14482,1338
14483,15271
14484,210
14484,1240
14484,175
14485,702
14485,3743
14485,3357
14486,210
14486,4182
14487,2915
14487,15271
14488,6396
14488,14746
14489,175
14489,7019
14490,2829
14491,6518
14491,18486
14492,18991
14492,702
14493,6540
14493,813
14493,3492
14493,3258
14493,6940
14493,2517
14493,3550
14493,4324
14493,210
14493,702
14493,3321
14493,22206
14493,8002
14493,3357
14493,7019
14494,8344
14495,2829
14495,13790
14495,14744
14496,11487
14497,1240
14497,7019
14498,6518
14498,23353
14499,23127
14499,12084
14500,21890
14500,19095
14501,210
14501,3357
14502,1300
14502,3562
14502,3550
14503,702
14503,578
14504,19297
14505,11428
14505,6396
14505,4324
14506,7019
14507,15271
14508,20413
14509,702
14509,3357
14510,8221
14511,6396
14511,3755
14512,1924
14512,7019
14513,19407
14513,6080
14513,10579
14514,1240
14514,12088
14514,14335
14515,10913
14516,7019
14517,3428
14517,2115
14517,6855
14517,20486
14518,210
14518,16714
14519,6940
14519,3550
14520,7019
14521,702
14521,7019
14522,5677
14522,22774
14523,12957
14523,18679
14523,3194
14523,3186
14524,702
14524,3562
14525,19030
14526,853
14527,1786
14528,19856
14529,1240
14529,4324
14530,1052
14531,3603
14531,15291
14532,6518
14532,13386
14533,1240
14533,13994
14533,7019
14534,175
14534,14718
14535,7019
14535,4324
14536,12096
14536,11009
14536,11665
14537,22823
14537,6451
14538,6462
14538,702
14538,17398
14538,5414
14538,20522
14538,19152
14538,217
14538,3357
14538,5770
14538,5714
14539,210
14539,4923
14540,6518
14540,14360
14541,7019
14541,4324
14542,6182
14542,6594
14543,1916
14544,1240
14544,7019
14545,7912
14545,210
14546,1240
14546,3550
14547,10911
14548,15577
14548,3304
14549,8199
14550,10911
14550,7019
14551,19095
14551,20226
14552,15076
14552,13317
14552,3184
14552,3138
14552,11557
14552,6307
14552,21884
14552,993
14552,7047
14552,702
14552,12067
14552,3200
14552,13382
14552,19078
14552,14260
14552,3251
14552,11563
14552,3155
14552,21591
14552,11654
14552,19742
14552,1219
14552,7966
14552,706
14553,6198
14554,13947
14554,7729
14555,5564
14555,2855
14556,15271
14556,6129
14557,702
14558,4324
14559,3357
14560,8929
14560,3302
14560,1240
14561,6060
14561,6396
14562,7019
14562,7261
14563,210
14564,175
14564,11548
14565,702
14565,7019
14566,7030
14567,702
14567,1240
14567,7019
14568,7019
14569,7019
14570,6987
14571,20486
14572,10430
14572,8168
14573,23070
14574,702
14574,6129
14575,13207
14576,6396
14577,210
14578,11352
14579,10732
14579,3686
14580,210
14581,6518
14582,702
14583,794
14584,3357
14584,3550
14585,10911
14586,2915
14586,175
14587,702
14587,6198
14588,702
14588,7019
14589,703
14589,8929
14590,7912
14590,6940
14590,12274
14590,2517
14590,4324
14590,3550
14590,210
14590,1669
14590,14676
14590,6454
14590,294
14590,19030
14591,6396
14591,6299
14592,702
14592,3562
14593,6462
14593,175
14594,7019
14595,3304
14595,18712
14596,7082
14596,13912
14596,25154
14596,15291
14597,7019
14597,6129
14598,13792
14598,22636
14599,7019
14600,20116
14600,1240
14601,6286
14601,3357
14601,4324
14602,702
14602,7019
14603,3357
14603,4324
14604,19914
14605,210
14605,1240
14606,15228
14606,7796
14607,4324
14608,6396
14608,6129
14609,21529
14609,7775
14609,7783
14609,19030
14609,11196
14609,4324
14610,2915
14610,1669
14610,3357
14610,3550
14611,6462
14611,13790
14611,3357
14612,8552
14612,8585
14613,10608
14614,1240
14614,6892
14615,7912
14615,10551
14616,2712
14616,7413
14617,7019
14618,6396
14619,3258
14619,3357
14620,11608
14620,22216
14620,23123
14620,58
14620,22852
14620,11603
14620,11737
14621,13945
14622,11581
14623,12007
14624,175
14625,6396
14625,4324
14626,6747
14626,8709
14627,17228
14627,17231
14627,1240
14627,7019
14628,175
14628,3357
14629,7386
14630,13791
14631,210
14631,702
14632,13694
14632,7133
14633,14746
14633,6984
14634,702
14634,2829
14635,19745
14636,13674
14636,19095
14637,13086
14637,893
14637,2829
14637,10923
14637,3550
14637,12182
14637,15293
14637,2893
14637,2572
14637,3357
14637,23096
14637,19526
14638,702
14638,210
14639,12957
14639,23521
14640,6396
14640,7019
14641,210
14641,10488
14642,2815
14642,5761
14643,3603
14643,6540
14644,14906
14644,1240
14645,6129
14646,210
14646,7019
14647,17264
14648,4324
14648,1786
14649,1240
14649,3550
14650,210
14650,1240
14651,4978
14651,22443
14651,11026
14652,24621
14652,804
14653,18991
14653,702
14653,1240
14654,2552
14654,7019
14654,22438
14655,702
14655,3357
14656,8199
14657,25320
14657,9116
14658,5128
14659,15086
14659,10702
14660,5646
14660,5770
14661,7945
14662,175
14662,1749
14663,4324
14664,3562
14664,853
14665,110
14666,6396
14666,1240
14667,22774
14667,7133
14668,20433
14668,3765
14668,4324
14669,3357
14669,4324
14670,14109
14670,23042
14670,12105
14670,12555
14670,24055
14670,24860
14670,23877
14670,14229
14670,2681
14670,172
14670,702
14670,6080
14670,14718
14670,22211
14671,6518
14672,210
14672,7019
14673,175
14673,22692
14674,6664
14674,8199
14675,6540
14675,6296
14675,3492
14675,6994
14675,6940
14676,14590
14676,12028
14677,287
14677,3357
14677,5714
14678,1240
14678,16505
14678,6892
14679,1240
14679,3357
14680,6321
14681,702
14682,702
14683,1240
14684,7019
14685,1240
14685,19030
14686,1240
14686,7019
14687,19095
14688,702
14688,7019
14689,175
14689,6518
14690,2387
14690,702
14690,7019
14691,210
14692,3562
14692,7133
14693,21410
14694,702
14694,11487
14695,702
14695,13940
14696,210
14696,11169
14697,2829
14697,13792
14698,7903
14699,1240
14699,7019
14700,7453
14701,702
14701,175
14701,14718
14701,19263
14702,702
14702,175
14703,1576
14704,11797
14705,5401
14705,8448
14706,18434
14706,12007
14707,2153
14708,6518
14708,4324
14709,6430
14710,993
14710,21600
14711,20104
14711,7357
14711,11422
14711,14813
14711,14889
14711,13955
14711,20092
14711,15264
14711,19230
14711,2584
14711,23173
14711,7581
14711,13692
14711,17095
14711,6524
14711,20119
14711,22774
14711,22266
14711,19155
14711,3357
14711,19020
14712,3357
14713,4475
14713,2518
14713,8002
14713,4437
14714,7912
14715,2059
14715,15271
14716,19025
14717,5691
14717,7133
14718,2829
14718,12072
14718,1398
14718,11332
14718,2470
14718,6080
14718,7019
14718,217
14718,22480
14718,24012
14718,6396
14718,10711
14718,24783
14718,2468
14718,14701
14718,12007
14718,14670
14718,22998
14718,14534
14718,24160
14718,15347
14718,1089
14718,6940
14718,3562
14718,24054
14718,6129
14718,702
14718,175
14718,14472
14718,19263
14718,7912
14718,2059
14718,7290
14718,15081
14718,2384
14718,19152
14718,12158
14718,6222
14718,210
14718,14219
14719,175
14719,4324
14720,702
14720,5669
14721,175
14721,6454
14722,6518
14723,10911
14723,175
14724,7739
14724,4231
14724,8168
14725,13704
14725,3562
14726,3562
14727,2915
14727,175
14727,16924
14727,17036
14728,6540
14728,210
14728,6994
14728,6940
14729,175
14729,3357
14730,17114
14730,14743
14731,175
14731,14986
14732,10797
14733,6222
14733,2871
14734,14052
14734,702
14734,3550
14735,3357
14735,3550
14736,6462
14736,5154
14737,7019
14738,210
14739,5007
14739,7019
14740,702
14740,4359
14741,1240
14741,17055
14742,16451
14742,3562
14743,11446
14743,3456
14743,64
14743,7505
14743,7318
14743,2390
14743,23334
14743,15761
14743,7260
14743,7763
14743,22728
14743,15781
14743,1410
14743,10935
14743,452
14743,13897
14743,16547
14743,19457
14743,6180
14743,10494
14743,12420
14743,10908
14743,13780
14743,16193
14743,19861
14743,18727
14743,17114
14743,19939
14743,6334
14743,22854
14743,1240
14743,12040
14743,14137
14743,19407
14743,2134
14743,11525
14743,19662
14743,3562
14743,702
14743,422
14743,1362
14743,2704
14743,12239
14743,1711
14743,19522
14743,19923
14743,17169
14743,16562
14743,14730
14743,14163
14743,13974
14743,15819
14743,18439
14743,13798
14743,3357
14743,2754
14743,2313
14743,11396
14743,11711
14743,627
14744,14051
14744,13363
14744,16937
14744,14495
14744,19713
14744,6187
14744,7236
14744,7763
14744,25222
14744,10925
14744,11345
14744,7019
14744,10726
14744,17351
14744,15205
14744,12147
14744,14273
14744,14399
14744,11958
14744,715
14744,13796
14744,21880
14744,16418
14744,18731
14744,22213
14744,12183
14744,3769
14744,1240
14744,2147
14744,3562
14744,17399
14744,1613
14744,5069
14744,3014
14744,15372
14744,702
14744,2292
14744,24095
14744,13428
14744,14804
14744,1549
14744,13950
14744,19050
14744,13969
14744,13958
14744,15348
14744,14147
14744,22726
14744,2915
14744,18873
14744,3357
14744,1278
14744,16975
14745,16774
14745,1240
14745,14955
14745,11623
14745,13345
14745,2371
14745,7235
14745,3562
14745,702
14745,1377
14745,721
14745,2091
14745,7019
14745,13413
14745,19085
14745,21520
14745,16487
14745,18737
14745,17227
14745,3550
14745,16934
14745,2915
14745,13793
14745,15241
14745,11092
14746,18514
14746,3592
14746,20142
14746,2924
14746,14488
14746,6353
14746,15456
14746,7019
14746,13723
14746,10864
14746,1293
14746,19862
14746,21547
14746,110
14746,13793
14746,19739
14746,22133
14746,17399
14746,3562
14746,14961
14746,20151
14746,11410
14746,6327
14746,702
14746,16720
14746,21788
14746,11527
14746,7777
14746,3550
14746,16792
14746,14926
14746,14633
14746,7836
14746,3357
14746,17229
14746,21960
14746,19435
14747,7019
14747,7133
14748,702
14748,210
14749,16517
14750,15079
14750,6328
14751,1240
14751,4324
14752,17103
14752,6462
14752,22393
14752,1240
14752,13641
14752,6755
14752,13401
14752,14988
14752,5717
14752,210
14752,175
14752,14403
14752,7733
14752,16852
14752,1761
14752,22019
14752,3357
14753,15695
14753,12347
14754,13769
14755,23521
14755,6459
14756,175
14757,16811
14757,12065
14758,7019
14758,3550
14759,210
14760,8552
14761,7030
14762,8929
14762,1300
14762,8570
14763,12182
14763,4806
14763,15571
14763,24246
14763,13791
14764,58
14765,7019
14765,6389
14766,21128
14767,6518
14768,210
14768,3357
14769,2829
14770,3738
14770,3594
14771,702
14771,1240
14772,10911
14773,702
14774,6462
14774,8929
14774,24786
14775,702
14775,6129
14776,702
14777,10311
14778,10311
14779,10311
14780,10311
14781,10311
14782,2119
14783,15590
14784,702
14785,702
14785,7133
14786,4566
14786,7019
14787,3357
14787,6940
14787,24917
14788,14360
14788,7019
14789,702
14789,175
14790,7386
14791,979
14791,1240
14792,7133
14793,702
14793,7019
14794,3465
14794,1240
14794,12864
14794,19152
14794,23442
14794,210
14794,702
14794,1505
14794,3357
14794,12262
14794,14291
14794,543
14795,7019
14796,702
14796,175
14796,1785
14796,6080
14796,7182
14797,210
14797,702
14798,702
14798,7019
14798,7133
14799,7885
14800,702
14800,7019
14801,7019
14802,4324
14803,210
14803,7386
14804,16853
14804,14744
14805,13947
14805,7273
14806,5779
14807,3562
14808,1240
14809,702
14809,7019
14810,8221
14810,3304
14811,702
14811,19095
14812,702
14812,7019
14813,210
14813,14711
14814,1240
14815,210
14815,7019
14816,1240
14816,16468
14816,2829
14816,15594
14817,6850
14818,6540
14818,853
14819,210
14819,2902
14819,1386
14819,3550
14820,10934
14820,702
14821,4182
14822,702
14822,175
14822,7019
14822,3357
14822,4324
14823,15271
14823,3357
14824,6540
14824,14473
14825,175
14825,22692
14826,11178
14826,702
14826,11792
14826,11016
14826,2829
14826,6275
14826,7386
14827,702
14827,14440
14828,4194
14829,210
14829,1240
14829,3550
14830,210
14831,12189
14831,7217
14832,6518
14832,13386
14833,22774
14833,6431
14834,7912
14834,1886
14834,6328
14834,3550
14834,22823
14834,861
14834,23353
14834,6454
14835,7019
14836,2829
14837,210
14837,10994
14838,19263
14839,2829
14839,11101
14839,7019
14839,13386
14840,2829
14840,3357
14841,17380
14841,11707
14842,2829
14842,10912
14843,9022
14844,6299
14844,24107
14845,702
14845,7019
14846,3598
14846,11665
14847,81
14848,210
14848,1240
14849,19407
14850,22774
14850,7133
14851,7912
14851,7386
14852,238
14853,702
14853,7019
14854,1665
14854,4756
14855,8177
14856,8177
14857,2829
14857,6080
14858,11856
14859,11778
14859,7019
14859,3562
14859,7133
14860,7157
14861,1240
14862,16618
14862,1240
14863,210
14864,175
14865,1240
14865,6129
14866,175
14867,702
14867,10913
14868,6850
14868,15773
14869,6141
14869,18882
14870,702
14870,19263
14871,2829
14871,3562
14871,12183
14872,702
14872,3600
14873,7019
14874,6328
14874,853
14875,8344
14876,853
14877,3328
14877,6668
14878,4324
14879,22774
14880,4182
14880,7019
14880,7133
14881,20002
14881,3550
14882,18896
14882,5705
14883,3550
14883,4324
14883,7133
14884,210
14884,2829
14884,9752
14885,12182
14886,12070
14886,7796
14887,13354
14887,8168
14888,18507
14888,7019
14889,14711
14889,7019
14890,7019
14890,7923
14890,270
14890,22910
14891,175
14891,841
14892,1240
14892,3492
14892,6940
14892,13238
14892,702
14892,1669
14892,8002
14892,7019
14892,3304
14892,23353
14892,217
14892,19030
14893,3302
14893,1258
14894,7019
14895,7019
14896,2829
14896,3550
14897,21415
14897,8403
14897,19146
14898,3932
14898,1240
14899,703
14899,702
14899,1240
14900,1785
14900,10914
14901,1785
14902,10382
14902,10481
14903,1785
14904,1785
14904,10913
14905,16808
14905,702
14905,3357
14905,7019
14906,1240
14906,14644
14907,8199
14908,6971
14908,4324
14909,1785
14909,19025
14910,175
14910,19152
14910,3357
14911,1240
14911,14981
14912,1785
14912,12181
14913,3357
14913,7019
14914,2552
14915,14195
14916,702
14916,1240
14917,1785
14917,13790
14918,3550
14918,4324
14919,578
14920,702
14920,3357
14921,22365
14921,1240
14922,12065
14923,20116
14923,7892
14924,702
14925,7795
14925,19406
14926,14746
14926,3562
14927,2687
14927,12875
14928,3357
14928,7133
14929,702
14929,11352
14930,702
14930,7019
14931,7133
14932,175
14932,2552
14932,7833
14932,2079
14932,4324
14933,702
14933,210
14934,6462
14934,3357
14935,8709
14936,1240
14936,7019
14937,12387
14938,210
14938,6431
14938,3562
14939,11302
14939,3357
14940,6462
14940,3550
14941,702
14941,210
14942,2570
14942,18009
14942,9663
14943,4324
14944,3506
14944,11427
14945,19263
14946,7018
14946,3550
14947,11708
14947,21923
14948,6222
14949,702
14949,6080
14949,19263
14950,210
14951,210
14951,1240
14952,12881
14953,702
14954,3357
14955,14745
14955,102
14955,6994
14956,13577
14956,13510
14957,7019
14958,1240
14959,702
14959,1240
14960,702
14960,6396
14961,6540
14961,6994
14961,6940
14961,16917
14961,3562
14961,7133
14961,14746
14961,16853
14961,217
14961,3357
14961,19030
14962,7895
14962,7019
14963,9144
14963,217
14963,10983
14964,3357
14964,10913
14965,22774
14966,210
14966,702
14966,19263
14967,14260
14968,702
14969,6222
14969,7019
14970,2915
14970,3045
14971,16967
14972,24725
14973,861
14973,6994
14974,4324
14975,1240
14975,11993
14976,702
14976,1240
14976,7019
14977,6396
14977,3550
14978,210
14978,15728
14979,8401
14980,1240
14980,1093
14981,14911
14981,1786
14982,175
14982,6518
14983,175
14983,2829
14984,11023
14984,10289
14984,13560
14984,11101
14984,175
14984,948
14984,5724
14984,727
14985,7019
14985,7133
14986,6377
14986,19939
14986,1264
14986,6405
14986,3562
14986,1138
14986,19514
14986,422
14986,15039
14986,24928
14986,12945
14986,7019
14986,17129
14986,19210
14986,10849
14986,3357
14986,14731
14986,2469
14987,5694
14987,12182
14988,702
14988,14752
14989,5401
14989,6454
14989,5714
14990,11847
14990,13776
14990,1240
14990,702
14990,11350
14990,8002
14990,967
14990,7019
14990,11852
14990,18691
14990,22393
14990,18974
14990,7596
14990,930
14990,13353
14990,17305
14990,3357
14991,210
14991,7019
14991,3562
14992,1576
14992,1240
14993,6462
14993,210
14994,8709
14994,5607
14995,2829
14995,3550
14996,210
14997,15271
14998,12189
14998,175
14999,20137
14999,3550
15000,1240
15000,5016
15001,210
15002,6387
15003,16533
15003,5770
15004,861
15005,210
15005,18886
15006,702
15006,7019
15007,16808
15007,7019
15007,3357
15008,4566
15008,747
15009,2857
15010,210
15010,7019
15011,702
15011,4324
15012,1240
15012,5007
15013,6850
15013,20745
15014,6454
15015,3562
15016,24844
15016,15306
15016,1691
15017,7019
15018,17590
15019,1240
15020,18696
15020,702
15020,1240
15021,1240
15022,6462
15022,10912
15023,5714
15024,5694
15025,7146
15025,175
15026,210
15026,7386
15027,702
15027,7133
15028,16207
15028,8221
15029,4324
15030,7133
15031,8898
15032,578
15032,15291
15032,6408
15033,11428
15034,702
15034,3357
15035,1643
15035,11665
15036,702
15036,7396
15037,9032
15037,9010
15038,7019
15039,14986
15039,16853
15040,20805
15041,2380
15041,7019
15042,5604
15042,9120
15043,6518
15043,6396
15043,10731
15044,702
15044,6129
15045,210
15045,6892
15046,10369
15047,6396
15047,3755
15048,702
15049,702
15049,1240
15049,7019
15050,702
15050,3562
15051,11334
15052,7019
15052,6129
15053,12182
15053,3357
15054,12181
15055,15773
15056,3217
15057,7019
15058,2829
15058,7386
15059,14343
15059,7609
15060,702
15060,1240
15061,2857
15062,2318
15062,804
15062,853
15063,210
15063,3594
15064,7019
15064,13675
15065,6129
15066,3932
15066,6396
15066,1240
15067,13490
15068,19095
15069,210
15069,6530
15070,702
15070,175
15071,3550
15072,210
15072,6396
15073,13769
15073,8002
15073,15621
15074,702
15074,7133
15075,4324
15076,3223
15076,14552
15076,702
15076,7909
15077,10914
15078,210
15078,3550
15079,5007
15079,14750
15080,6222
15080,702
15081,175
15081,14718
15082,14318
15082,6330
15082,1240
15082,7133
15083,4324
15084,175
15084,19963
15084,10613
15085,3603
15085,6540
15085,1240
15085,9499
15085,15291
15085,6182
15085,10027
15085,7019
15085,4756
15086,13344
15086,465
15086,753
15086,24902
15086,14092
15086,18775
15086,702
15086,175
15086,19607
15086,14006
15086,14289
15086,24005
15086,14185
15086,13985
15086,6442
15086,10995
15086,14659
15086,2329
15087,210
15087,702
15087,7019
15088,1300
15088,6396
15088,19152
15088,11839
15088,11694
15088,483
15088,702
15088,6871
15088,175
15089,702
15089,210
15090,702
15090,7019
15091,210
15091,7133
15092,18991
15093,6182
15093,7729
15094,702
15094,12272
15095,21548
15096,210
15096,15271
15097,6940
15098,210
15099,18991
15099,7386
15100,702
15101,413
15101,5007
15101,7019
15102,13790
15102,3357
15103,6540
15103,23002
15103,6328
15103,22166
15103,13595
15104,210
15104,175
15105,702
15105,7019
15106,7019
15106,6984
15106,22562
15107,7133
15107,4324
15108,11173
15108,8152
15109,2720
15109,6874
15110,13757
15111,10911
15111,12182
15111,13790
15111,10913
15112,702
15112,1240
15113,1576
15113,7019
15114,10911
15114,175
15115,6199
15115,2829
15116,1240
15116,10913
15117,10911
15118,1240
15118,7019
15118,7133
15119,6326
15120,6326
15121,10911
15122,7019
15123,210
15123,1240
15124,702
15124,2829
15124,175
15125,6396
15126,7909
15126,21576
15127,8435
15127,5679
15128,5044
15129,7019
15130,5057
15130,702
15131,702
15131,1240
15131,7019
15132,3124
15132,6909
15132,6940
15132,6002
15132,3896
15132,4161
15132,3839
15132,21368
15132,8469
15132,22604
15132,217
15132,3214
15132,3258
15132,19152
15132,2915
15132,17657
15132,17411
15132,16544
15132,3807
15132,10257
15133,702
15133,7019
15134,1300
15134,10027
15134,3357
15135,6664
15135,8709
15136,24943
15137,6518
15138,702
15138,2829
15138,1240
15139,175
15140,13790
15140,7019
15141,6123
15141,10465
15142,2857
15142,9305
15142,7019
15142,4516
15142,4324
15143,13207
15144,702
15144,3357
15145,7333
15146,702
15146,3562
15147,702
15147,23521
15147,7019
15147,7841
15148,702
15148,1240
15149,7895
15149,7019
15150,1300
15150,6540
15150,3258
15150,19152
15150,6940
15150,8003
15150,175
15150,3321
15150,8002
15150,217
15151,22774
15151,4324
15152,15925
15153,1786
15154,1240
15154,7019
15155,1576
15155,2947
15155,12130
15156,19095
15156,4324
15157,702
15157,2829
15158,1240
15158,7019
15159,21220
15159,12531
15160,24725
15161,15291
15161,853
15162,19296
15163,3357
15164,175
15165,210
15165,7807
15165,15264
15166,702
15166,6396
15167,21977
15168,2829
15168,6373
15169,175
15170,1300
15170,813
15170,5714
15170,12957
15170,16151
15170,217
15170,3304
15170,19030
15170,2153
15170,287
15170,2498
15170,13238
15170,2517
15170,4324
15170,3603
15170,4638
15170,11165
15170,3558
15170,6454
15170,1240
15170,10027
15170,6940
15170,24270
15170,3562
15170,1669
15170,175
15170,8002
15170,6540
15170,24273
15170,7133
15170,3550
15170,11687
15170,210
15170,5414
15170,3357
15170,294
15170,853
15171,3357
15171,3550
15172,6518
15172,3357
15173,702
15174,8061
15174,20116
15175,16909
15175,8469
15176,5790
15176,12531
15177,14428
15177,12950
15177,19030
15178,6296
15178,2829
15179,210
15179,19263
15180,21948
15180,3562
15180,15728
15181,4500
15181,21575
15181,17380
15181,13879
15181,3550
15181,4450
15181,4385
15181,11432
15181,14458
15181,4400
15182,210
15182,1983
15183,7133
15184,1240
15184,7133
15185,3357
15185,7019
15186,210
15186,15271
15187,3492
15188,4324
15189,18991
15189,7019
15190,2829
15190,3357
15191,702
15192,1240
15192,10914
15193,175
15193,3357
15194,10911
15194,13790
15194,3357
15195,7019
15195,12941
15196,7019
15197,3562
15197,7133
15198,82
15198,4324
15199,702
15199,175
15200,8709
15201,7133
15202,7739
15202,10430
15202,8168
15202,11312
15202,3550
15203,6747
15203,8199
15204,4324
15205,3357
15205,14744
15206,19909
15207,5753
15207,10791
15207,16587
15207,702
15207,175
15207,2175
15207,22823
15207,13346
15207,13526
15207,11191
15207,18784
15207,10994
15207,7159
15207,6317
15207,4324
15207,7386
15208,19887
15209,6472
15209,16630
15210,7019
15210,19095
15211,702
15211,6129
15212,6396
15213,2915
15213,702
15213,15314
15214,7019
15215,1240
15215,7019
15215,3562
15216,7019
15216,7133
15217,175
15217,3357
15217,24680
15218,703
15218,5389
15219,22650
15219,2192
15219,15504
15219,2976
15219,783
15219,21967
15219,21519
15219,2967
15219,1561
15219,6766
15219,22774
15219,22040
15219,15299
15219,10819
15219,10982
15219,7259
15220,19093
15220,23006
15221,19025
15222,7912
15223,210
15224,3579
15224,15271
15225,2829
15225,6097
15226,1240
15226,7019
15227,6462
15227,702
15227,7019
15227,4324
15228,1240
15228,14606
15228,21616
15228,208
15229,210
15230,4324
15231,1240
15231,13791
15232,7261
15233,4324
15234,210
15234,3357
15235,2829
15235,4324
15236,1052
15236,175
15237,18593
15237,8152
15238,4324
15239,210
15239,6518
15239,19263
15240,702
15240,7019
15241,14745
15242,8221
15243,702
15243,7019
15244,6518
15244,7338
15244,10467
15245,22859
15246,9663
15247,1643
15247,7911
15248,702
15248,853
15249,4324
15250,702
15250,3562
15251,702
15251,1669
15251,6940
15251,19152
15251,1281
15251,6454
15251,19030
15252,702
15252,1240
15253,7892
15253,4324
15254,6129
15255,20162
15256,1240
15256,3550
15257,4231
15257,10430
15258,22692
15258,6940
15259,2059
15259,2829
15260,7019
15261,3901
15261,4324
15262,702
15262,3550
15263,7133
15264,702
15264,15165
15264,14711
15265,3603
15265,702
15266,22798
15266,17055
15267,1300
15267,175
15267,3258
15267,3492
15268,14407
15268,19093
15268,1240
15268,16905
15268,24225
15268,7019
15268,435
15268,4543
15269,14391
15269,2829
15269,2245
15270,8048
15271,19098
15271,2760
15271,16217
15271,7318
15271,22381
15271,14487
15271,22140
15271,12719
15271,10602
15271,24066
15271,10582
15271,24305
15271,25052
15271,23352
15271,10241
15271,18570
15271,908
15271,15224
15271,6317
15271,14997
15271,429
15271,7322
15271,17222
15271,1427
15271,13412
15271,13587
15271,6998
15271,18763
15271,1608
15271,7572
15271,14507
15271,19141
15271,966
15271,10738
15271,22789
15271,702
15271,175
15271,22152
15271,22238
15271,13488
15271,22958
15271,2229
15271,13465
15271,15557
15271,24222
15271,13597
15271,2361
15271,19748
15271,14243
15271,23296
15271,21727
15271,11970
15271,13291
15271,17109
15271,19035
15271,17354
15271,1414
15271,16041
15271,24128
15271,23337
15271,23240
15271,1982
15271,7019
15271,16469
15271,1194
15271,14296
15271,15986
15271,730
15271,200
15271,6048
15271,12463
15271,15340
15271,15386
15271,625
15271,13340
15271,19390
15271,22068
15271,14556
15271,23108
15271,1819
15271,11725
15271,14715
15271,13142
15271,2094
15271,18993
15271,13679
15271,23746
15271,17271
15271,19388
15271,15186
15271,930
15271,23759
15271,11703
15271,3550
15271,23216
15271,11565
15271,2915
15271,19538
15271,14823
15271,11539
15271,19461
15271,15096
15271,19212
15271,14483
15271,15576
15271,7296
15272,210
15272,7019
15273,3357
15274,12671
15274,175
15275,16815
15276,702
15276,6129
15277,23964
15278,10481
15279,6462
15279,10469
15279,11536
15279,6129
15280,1240
15280,7019
15281,703
15281,5463
15282,18991
15282,4324
15283,1760
15283,3247
15284,702
15284,7019
15284,101
15285,1681
15286,12179
15286,10914
15286,13790
15286,16853
15287,210
15287,7133
15288,175
15288,1916
15289,1240
15289,7133
15290,7272
15290,853
15291,15085
15291,19798
15291,19153
15291,14191
15291,13442
15291,2397
15291,12869
15291,12409
15291,7795
15291,7556
15291,16730
15291,6329
15291,217
15291,3304
15291,20222
15291,17373
15291,19030
15291,8154
15291,21921
15291,13912
15291,2498
15291,6997
15291,15161
15291,623
15291,13238
15291,2517
15291,1254
15291,16732
15291,3603
15291,4638
15291,1738
15291,11182
15291,3558
15291,7735
15291,19094
15291,24801
15291,23081
15291,6538
15291,6402
15291,6940
15291,16488
15291,14359
15291,702
15291,15032
15291,175
15291,8002
15291,838
15291,804
15291,22833
15291,14442
15291,11648
15291,13787
15291,12022
15291,19087
15291,685
15291,2157
15291,11687
15291,5414
15291,3357
15291,21775
15291,294
15291,16803
15291,2626
15291,21932
15291,717
15291,2686
15291,464
15291,20454
15291,14596
15291,12011
15291,488
15291,16151
15291,24448
15291,7019
15291,690
15291,20000
15291,287
15291,734
15291,3492
15291,11047
15291,22543
15291,14531
15291,1117
15291,12753
15291,13954
15291,11165
15291,4470
15291,664
15291,12749
15291,11918
15291,819
15291,2537
15291,14122
15291,22864
15291,16933
15291,21805
15291,22911
15291,3214
15291,12301
15291,23354
15291,6540
15291,7789
15291,17372
15291,22624
15291,13847
15291,2670
15291,11469
15291,10834
15291,853
15291,10748
15292,6396
15293,14637
15293,4324
15294,703
15294,702
15294,7019
15295,4359
15296,210
15296,12146
15296,2552
15297,2551
15297,6510
15297,433
15297,11258
15297,5215
15297,853
15298,702
15298,16853
15298,11487
15298,7012
15299,15219
15300,2829
15301,7018
15301,7133
15302,20877
15302,8718
15303,702
15304,702
15304,7019
15305,5753
15305,4998
15306,19093
15306,13873
15306,15016
15306,17381
15306,1122
15306,7386
15306,4324
15307,175
15308,102
15309,3357
15309,3562
15310,6111
15311,702
15311,4324
15312,16781
15312,7005
15313,11589
15313,23353
15313,12990
15314,15213
15315,7133
15316,702
15316,1300
15317,13769
15318,2829
15318,7019
15319,578
15319,377
15320,702
15321,7019
15321,12233
15321,853
15322,7019
15322,7133
15323,175
15324,2829
15325,175
15325,1052
15326,702
15327,175
15328,702
15328,17055
15329,22692
15330,210
15330,7019
15331,16811
15331,12065
15332,21948
15332,8058
15332,7019
15333,702
15333,3743
15334,702
15334,210
15334,12183
15335,3357
15335,3562
15336,702
15337,58
15338,6326
15339,19407
15339,17055
15340,15271
15340,4514
15341,702
15341,13790
15341,3258
15342,8199
15343,210
15343,22638
15344,1240
15344,7019
15345,1240
15346,58
15347,702
15347,14718
15348,2097
15348,14744
15349,23083
15350,7950
15351,210
15351,702
15352,6462
15352,3357
15353,6594
15354,7133
15355,21454
15355,9057
15355,18467
15356,702
15357,10911
15357,1786
15358,3357
15359,210
15359,702
15360,19263
15361,15590
15361,1268
15362,3304
15363,6080
15364,12481
15365,6747
15366,17550
15367,8929
15367,20647
15367,16375
15367,3357
15368,6396
15369,25075
15369,8221
15370,5618
15370,20961
15370,8247
15371,21977
15372,10914
15372,14744
15373,20677
15373,3321
15373,13238
15374,8502
15375,20647
15375,13238
15376,210
15376,1240
15376,10913
15377,6396
15377,7019
15378,9750
15379,20486
15380,367
15380,8469
15380,3258
15381,5611
15382,210
15382,702
15383,23394
15383,16661
15383,3357
15383,7019
15383,22868
15384,2612
15385,12969
15385,15858
15386,702
15386,15271
15387,16067
15388,702
15388,7272
15389,175
15389,8806
15389,13238
15390,3293
15390,2915
15391,9122
15392,8343
15393,13790
15394,5436
15394,12779
15395,2871
15395,4324
15396,6462
15396,1240
15396,1274
15396,3258
15396,19152
15396,6940
15396,703
15396,23839
15396,8002
15396,217
15396,3357
15396,3304
15396,3214
15397,15903
15397,13294
15398,21196
15399,12430
15400,14305
15400,25229
15400,9208
15400,16423
15401,8709
15401,8199
15402,175
15402,3216
15403,4324
15404,12524
15404,2915
15404,13238
15404,5512
15404,3357
15405,8221
15406,6518
15406,1786
15407,8518
15407,9122
15408,6747
15408,8709
15409,18239
15410,24977
15410,18096
15410,19165
15410,7977
15410,8420
15410,127
15410,5414
15410,382
15410,3357
15410,18064
15411,5401
15411,5629
15411,20625
15411,20524
15411,21187
15411,5165
15412,8221
15413,18948
15413,6763
15413,2528
15413,18676
15413,24248
15413,2610
15413,18107
15413,10002
15413,22875
15413,2688
15413,17708
15413,2153
15413,9766
15413,9998
15413,3258
15413,13238
15413,2519
15413,2517
15413,20760
15413,9809
15413,17931
15413,23967
15413,17555
15413,17788
15413,15571
15413,9941
15413,4681
15413,4789
15413,1240
15413,10027
15413,6940
15413,11581
15413,24836
15413,9120
15413,24635
15413,16378
15413,25152
15413,4686
15413,17851
15413,7133
15413,7474
15413,6620
15413,3357
15413,3463
15413,9382
15413,24019
15413,23750
15413,9958
15413,18303
15413,23890
15413,16355
15413,10020
15413,4636
15413,4722
15413,3492
15413,9300
15413,4229
15413,9371
15413,17535
15413,9594
15413,3031
15413,8967
15413,4658
15413,20858
15413,4767
15413,315
15413,21176
15413,4683
15413,8782
15413,17530
15413,3481
15413,6540
15413,9711
15413,24250
15413,17409
15413,5417
15413,210
15413,15437
15413,9645
15413,17564
15413,17690
15413,853
15413,2043
15413,9596
15413,4863
15413,17959
15413,18286
15413,10022
15413,15803
15413,18174
15413,4689
15413,217
15413,3304
15413,9265
15413,2498
15413,4324
15413,20929
15413,22283
15413,4638
15413,4676
15413,3558
15413,7498
15413,7669
15413,15476
15413,4705
15413,17698
15413,4678
15413,1795
15413,8453
15413,8070
15413,4692
15413,175
15413,8269
15413,9366
15413,8002
15413,24247
15413,17452
15413,4695
15413,5414
15413,7680
15413,4479
15413,3468
15413,9052
15413,20859
15413,24786
15413,2520
15413,15880
15413,9542
15413,16151
15413,9355
15413,23149
15413,287
15413,2525
15413,5356
15413,5601
15413,9730
15413,4671
15413,17710
15413,8818
15413,9506
15413,9319
15413,18102
15413,4679
15413,9305
15413,704
15413,24864
15413,9417
15413,9944
15413,23577
15413,17516
15413,10004
15413,4
15413,9994
15413,4694
15413,10001
15413,19807
15413,5237
15413,2915
15413,9606
15413,4726
15413,4539
15413,7528
15413,4781
15413,7530
15413,4746
15414,841
15415,3330
15416,5609
15416,287
15416,6806
15417,3262
15418,3210
15419,1300
15419,1274
15419,5463
15420,24608
15420,13195
15421,8929
15421,3304
15422,21017
15423,1300
15423,175
15423,5512
15424,3293
15424,100
15424,2687
15425,16339
15425,12947
15426,12571
15426,6741
15426,5291
15426,23547
15427,6462
15427,175
15427,13238
15427,20563
15428,3249
15428,6462
15428,175
15428,8448
15429,11428
15430,703
15430,702
15431,1242
15432,5414
15433,8221
15434,6763
15435,5402
15435,287
15435,8768
15435,13238
15436,287
15436,17720
15436,3492
15436,19152
15436,13238
15436,175
15436,217
15436,6454
15436,20563
15437,175
15437,13769
15437,3492
15437,2201
15437,3258
15437,5512
15437,13238
15437,15413
15437,9458
15438,15590
15439,3738
15439,11512
15440,3330
15440,6800
15441,12758
15441,20210
15441,19495
15441,21148
15441,3250
15441,17083
15442,19263
15443,175
15443,12181
15444,8939
15444,20805
15445,380
15445,10336
15445,1300
15445,10294
15445,3492
15445,13238
15445,19152
15445,6940
15445,2915
15445,13077
15445,175
15445,8002
15445,217
15445,3214
15446,9117
15446,8585
15447,8882
15447,8221
15448,8765
15449,11428
15450,7019
15450,7923
15451,4590
15451,6454
15452,3321
15452,3210
15453,175
15454,7019
15454,7923
15455,5424
15456,210
15456,14746
15457,8561
15458,8658
15459,247
15459,25257
15459,21152
15459,13229
15459,3673
15460,21688
15461,861
15461,3562
15461,3550
15462,21220
15462,6850
15462,17715
15462,15773
15463,702
15463,7019
15464,6462
15464,175
15464,20429
15464,3357
15465,9122
15466,21151
15466,1274
15467,287
15467,13128
15467,18975
15468,3321
15468,12302
15469,25033
15469,8343
15469,20486
15470,12430
15471,10911
15472,6911
15472,6824
15472,5354
15472,19151
15472,3819
15472,7428
15472,5710
15472,203
15472,21221
15472,8929
15472,5484
15472,17545
15472,3900
15472,19371
15472,5607
15472,5828
15472,21892
15472,3853
15472,2337
15472,18956
15472,12843
15472,19948
15472,2899
15473,8929
15473,4571
15473,15853
15474,192
15475,2604
15476,20485
15476,826
15476,15413
15476,8453
15476,16348
15476,24836
15476,8525
15476,5795
15476,5537
15477,175
15478,1240
15479,1050
15480,175
15480,8191
15481,18371
15481,14324
15482,3314
15482,8221
15483,16714
15483,683
15484,8867
15485,25234
15486,1240
15486,7019
15487,703
15487,8882
15487,3210
15488,702
15488,2829
15489,767
15490,1300
15490,3321
15490,8976
15491,8448
15492,19343
15492,20772
15492,12901
15493,15946
15494,4988
15494,20486
15495,5401
15496,5401
15496,3321
15497,1742
15498,20950
15498,8800
15498,280
15498,19508
15498,9007
15498,5988
15498,17242
15498,20312
15498,5490
15498,13250
15498,21258
15498,20517
15498,9405
15498,6206
15498,13295
15498,17939
15498,302
15498,15821
15498,24821
15498,24150
15499,6462
15499,15703
15499,13238
15500,5401
15500,3321
15501,18686
15501,8343
15501,1776
15501,7899
15501,2855
15502,16087
15502,6668
15503,703
15503,2111
15504,15219
15504,11457
15505,3258
15506,7386
15506,19030
15507,8221
15508,6328
15508,15621
15509,19912
15510,6462
15510,23353
15510,3357
15510,217
15511,2857
15511,703
15512,6462
15512,3357
15512,5714
15513,2829
15513,14381
15514,6831
15514,3304
15515,702
15515,7133
15516,8929
15516,3314
15516,2687
15517,8929
15517,1300
15517,3321
15517,9168
15518,8334
15518,3321
15518,3258
15518,13238
15518,3304
15518,13515
15518,3550
15519,5401
15519,8221
15520,6839
15521,4576
15522,6454
15522,12742
15522,3550
15523,6518
15524,6129
15525,6012
15526,16454
15526,15920
15526,25006
15526,12574
15526,8658
15526,19969
15526,4510
15526,15648
15526,25061
15526,9505
15527,8585
15527,5487
15528,3293
15528,3302
15528,16087
15529,21245
15530,3270
15530,12875
15531,12774
15532,21283
15532,3217
15532,3268
15532,8343
15532,2369
15532,843
15532,9164
15533,3304
15533,6731
15534,6462
15534,3258
15534,703
15534,22204
15534,702
15534,8221
15534,16577
15534,3357
15535,8718
15536,5401
15536,6462
15536,175
15536,3304
15536,13238
15536,217
15536,6454
15537,5409
15537,6800
15538,8247
15539,6462
15539,1240
15539,4475
15539,10368
15539,4437
15539,2915
15539,702
15539,3357
15539,6454
15540,7019
15541,8882
15541,6806
15541,3357
15541,3210
15542,5902
15542,12742
15542,8247
15543,6462
15543,16151
15543,3550
15544,703
15544,8221
15545,233
15545,1242
15546,210
15547,702
15548,2342
15548,6831
15549,175
15549,16339
15549,3353
15550,703
15550,8882
15551,12898
15551,12313
15552,6462
15552,2829
15552,13769
15552,11026
15553,20486
15554,3303
15554,12875
15554,3270
15555,21977
15556,5484
15556,8351
15557,15271
15558,1300
15558,12567
15558,5670
15558,17902
15558,19503
15558,5333
15558,9160
15558,16151
15558,12957
15558,12734
15558,1302
15558,19906
15558,217
15558,3304
15558,18212
15558,10710
15558,17789
15558,12505
15558,12981
15558,16072
15558,287
15558,16514
15558,3492
15558,13238
15558,11508
15558,12728
15558,5554
15558,16047
15558,22902
15558,8229
15558,20692
15558,21898
15558,6454
15558,5838
15558,8958
15558,14316
15558,23265
15558,20995
15558,6940
15558,6898
15558,20901
15558,22831
15558,18960
15558,175
15558,20503
15558,15891
15558,25171
15558,3260
15558,23353
15558,3216
15558,3214
15558,3306
15558,16985
15558,2201
15558,5453
15558,19152
15558,9181
15558,2532
15558,3357
15558,19498
15558,12627
15559,372
15560,175
15560,3258
15561,16151
15561,13070
15561,3308
15562,3303
15562,12875
15563,4324
15564,2059
15564,1052
15565,12868
15566,6540
15566,3558
15566,175
15566,6940
15566,3357
15567,8426
15568,17311
15569,1291
15569,3357
15570,2380
15570,1786
15571,24978
15571,21968
15571,1300
15571,4244
15571,2134
15571,3562
15571,15413
15571,21111
15571,14763
15571,17351
15571,3550
15571,20600
15571,3321
15571,4547
15571,20991
15571,7247
15571,13793
15571,25219
15571,24888
15571,16577
15571,20860
15571,10871
15571,3357
15571,3825
15572,10440
15572,10913
15573,6406
15573,5463
15573,3562
15573,21372
15574,7019
15575,702
15575,7019
15576,6462
15576,15271
15577,10497
15577,21441
15577,9045
15577,2
15577,18768
15577,20008
15577,16243
15577,13031
15577,21908
15577,11953
15577,14548
15577,21760
15578,21220
15578,8185
15578,4680
15579,7092
15579,4324
15579,7386
15580,210
15580,3550
15581,1274
15581,8221
15581,13238
15582,14132
15583,8733
15584,5401
15584,6849
15584,3305
15585,20812
15586,6731
15587,5929
15587,20888
15587,3262
15588,10182
15589,3550
15590,25351
15590,1300
15590,1240
15590,11600
15590,15438
15590,14783
15590,175
15590,977
15590,12446
15590,5357
15590,10432
15590,3304
15590,8330
15590,24995
15590,4611
15590,5397
15590,15361
15590,3550
15590,19252
15590,5053
15590,6832
15590,9564
15591,7993
15591,23185
15592,6396
15592,7019
15593,210
15593,3357
15594,14816
15594,455
15594,21983
15594,2710
15594,175
15594,3357
15594,24943
15594,6454
15595,17218
15595,175
15595,24990
15595,217
15596,21220
15596,7994
15596,20745
15596,17165
15597,13250
15598,210
15598,3755
15599,12818
15599,4969
15599,16151
15599,175
15599,20687
15599,24837
15599,9074
15599,3304
15599,217
15599,17205
15599,24901
15599,287
15599,13238
15599,9351
15599,19152
15599,3550
15599,5400
15599,3321
15599,21084
15599,7928
15600,12311
15601,6731
15601,13238
15601,19152
15601,8822
15601,3550
15601,175
15601,3357
15601,3304
15602,6462
15602,6657
15603,1240
15604,210
15604,1240
15605,703
15606,7912
15606,11436
15606,2103
15607,1300
15607,175
15607,3321
15607,5414
15607,8309
15608,3270
15609,8221
15609,3353
15610,702
15610,1240
15611,10911
15612,21342
15612,12881
15612,6454
15613,12389
15613,1274
15613,19225
15613,3550
15614,5401
15614,8221
15615,9081
15615,15686
15615,2820
15616,7133
15617,10911
15617,861
15618,1242
15619,20805
15620,210
15620,6199
15621,13774
15621,13658
15621,3321
15621,22955
15621,15073
15621,813
15621,18988
15621,6454
15621,15508
15622,5128
15622,13106
15623,18886
15624,8553
15624,703
15624,8334
15624,702
15624,8303
15624,8638
15624,3304
15624,2939
15624,23032
15624,20614
15624,5440
15624,19760
15624,13238
15624,20560
15624,9268
15624,16112
15624,3321
15624,19954
15625,7019
15625,3562
15626,287
15627,6667
15627,12307
15628,1093
15629,24786
15629,20563
15630,8359
15631,767
15632,702
15633,8471
15633,2855
15634,13042
15634,3353
15635,9051
15635,5607
15636,1300
15636,10311
15636,6763
15636,6940
15636,5714
15636,12957
15636,16151
15636,8002
15636,3304
15636,217
15636,3258
15636,19152
15636,13238
15636,4638
15636,3321
15636,5414
15636,3357
15636,6454
15637,16151
15638,7019
15638,12181
15639,303
15640,20521
15641,7891
15641,4988
15641,20486
15642,3357
15642,16285
15642,12391
15643,9122
15644,210
15644,1240
15645,9133
15645,8221
15646,21220
15646,5790
15646,13250
15646,3256
15647,7019
15648,2861
15648,15526
15649,8929
15650,6111
15651,8929
15652,8929
15653,3258
15653,20909
15654,3345
15654,8469
15655,6462
15655,5414
15656,5714
15657,9122
15658,12733
15659,18912
15659,1300
15659,18004
15659,8371
15659,3841
15659,8360
15659,3278
15660,1300
15660,5144
15660,4807
15660,22115
15660,3550
15661,12875
15662,8221
15662,3304
15663,8401
15664,24939
15664,1268
15665,7019
15665,12007
15666,20556
15666,8665
15666,1888
15667,5505
15667,6867
15668,5512
15669,8969
15669,1268
15669,12875
15670,23034
15670,13687
15670,499
15670,6994
15671,1300
15671,24731
15671,5414
15671,13238
15671,217
15672,3562
15672,6129
15673,16257
15673,8571
15673,4039
15673,25309
15673,8733
15673,16653
15673,12696
15674,4324
15675,6462
15675,1300
15676,6831
15676,6731
15677,7019
15678,3357
15678,3550
15679,16437
15679,25234
15679,5342
15680,210
15681,19095
15681,10467
15682,703
15682,2687
15683,20084
15684,10293
15684,23149
15685,2589
15686,1300
15686,16247
15686,6882
15686,21660
15686,9081
15686,3258
15686,16840
15686,25089
15686,13238
15686,25193
15686,8929
15686,15615
15686,2349
15686,3685
15687,7133
15688,703
15688,1258
15688,3301
15689,2120
15689,3308
15690,3357
15691,5409
15692,1268
15692,13285
15693,20486
15694,1300
15695,25314
15695,284
15695,20983
15695,24620
15695,347
15695,2691
15695,16308
15695,16381
15695,5722
15695,21382
15695,20879
15695,24907
15695,188
15695,18031
15695,20178
15695,12784
15695,16168
15695,23552
15695,19570
15695,10103
15695,10538
15695,1277
15695,5359
15695,24733
15695,183
15695,18101
15695,14753
15695,20764
15695,19482
15695,21170
15695,21420
15695,3648
15695,7910
15695,20779
15695,20384
15695,24725
15695,9279
15695,9997
15695,9546
15695,3442
15695,21345
15695,18020
15695,21260
15695,13275
15695,14401
15696,6454
15697,7386
15698,5401
15698,3357
15699,703
15699,6806
15699,12481
15700,4590
15700,19261
15700,175
15700,8221
15700,6454
15701,8387
15701,13264
15702,210
15703,6462
15703,12402
15703,1300
15703,8816
15703,12312
15703,175
15703,3357
15703,12578
15703,15499
15704,6462
15704,6321
15704,21393
15704,6940
15704,7082
15704,16151
15704,20728
15704,217
15704,3304
15704,8667
15704,12455
15704,8764
15704,4857
15704,3258
15704,19152
15704,13238
15704,8284
15704,3550
15704,17258
15704,20496
15704,19596
15704,17005
15705,3321
15705,175
15705,8221
15706,1240
15706,1274
15707,5401
15707,702
15707,6454
15708,3217
15708,6864
15708,20486
15709,8585
15709,5487
15710,1300
15710,1274
15710,3210
15711,10911
15712,12339
15712,3263
15713,7019
15714,21220
15714,12295
15715,1268
15715,3270
15716,3314
15716,12875
15717,3357
15717,2871
15718,7830
15719,702
15719,1240
15720,7398
15720,7133
15721,8221
15721,12875
15722,6748
15722,21017
15723,120
15723,8197
15723,12313
15724,10466
15724,5128
15725,2857
15726,5401
15726,1274
15727,1274
15727,13238
15728,19093
15728,14978
15728,1240
15728,22143
15728,2871
15728,2903
15728,6129
15728,702
15728,210
15728,15180
15728,23511
15728,2178
15728,7019
15729,5618
15729,8247
15730,1300
15730,8221
15730,3357
15730,13238
15731,21128
15732,21415
15732,3278
15733,175
15733,5189
15733,6740
15734,8448
15734,6854
15735,2915
15735,12096
15735,3321
15735,8221
15735,3258
15735,4897
15736,6763
15736,6820
15736,5591
15736,20207
15736,18726
15736,12710
15736,16164
15736,12047
15736,15893
15736,5533
15736,20882
15736,20522
15736,16307
15736,8890
15737,8264
15737,5424
15737,704
15737,9199
15737,20536
15737,21689
15738,210
15738,1576
15739,21220
15739,20727
15739,16113
15739,6850
15739,10096
15739,12295
15739,2611
15740,13055
15740,3210
15741,703
15741,5401
15741,702
15742,5618
15742,5660
15742,24710
15743,21220
15743,16111
15743,4641
15743,25204
15743,13229
15743,16922
15743,6704
15744,175
15744,5670
15744,287
15744,13238
15744,3550
15745,8105
15745,13001
15745,13294
15746,16853
15746,7133
15747,1268
15747,3270
15748,16149
15748,12372
15748,8882
15748,287
15748,9146
15749,6806
15750,6510
15751,3217
15751,7914
15752,9691
15752,5467
15752,3357
15753,7019
15753,11487
15754,3550
15755,10911
15756,9122
15757,1300
15757,13231
15757,7029
15757,8360
15757,23289
15757,22340
15757,9470
15757,4922
15757,217
15757,3288
15757,20500
15758,1300
15758,7933
15758,18850
15758,17559
15758,21415
15758,21488
15758,2119
15758,19108
15758,3278
15759,23592
15759,3492
15759,6111
15759,6940
15759,19152
15759,2904
15759,3550
15759,4324
15759,13533
15759,22857
15759,175
15759,8122
15759,13769
15760,8343
15760,12880
15760,18761
15760,21128
15761,2829
15761,14743
15762,9048
15763,702
15763,841
15764,19147
15764,703
15764,702
15764,8392
15764,9218
15765,3330
15765,1242
15766,8379
15767,8427
15767,5414
15767,3492
15767,217
15767,6940
15767,19152
15767,3214
15768,5604
15768,9120
15769,5553
15770,703
15770,2857
15771,703
15771,5463
15772,6790
15773,15055
15773,13033
15773,21220
15773,24611
15773,19164
15773,5263
15773,20832
15773,15462
15773,5477
15773,21505
15773,20786
15773,3470
15773,217
15773,7991
15773,20980
15773,17526
15773,7564
15773,5596
15773,3492
15773,3258
15773,13238
15773,21236
15773,6021
15773,5593
15773,5594
15773,20715
15773,19270
15773,5146
15773,20477
15773,4953
15773,5790
15773,20834
15773,24873
15773,21355
15773,7173
15773,175
15773,19328
15773,15822
15773,16922
15773,3655
15773,22089
15773,14868
15773,20540
15773,25331
15773,15902
15773,9175
15773,62
15773,5141
15773,8857
15773,4675
15773,25093
15773,20237
15773,25184
15773,12436
15774,6462
15774,703
15774,702
15774,5414
15774,1274
15774,6940
15774,19152
15774,3214
15775,210
15775,19095
15776,5519
15776,2589
15777,5433
15777,703
15777,2687
15777,101
15778,8199
15779,210
15779,7019
15780,3321
15780,6806
15781,17357
15781,14743
15782,702
15782,3562
15783,19696
15783,21003
15783,10109
15783,3550
15783,703
15783,702
15783,16151
15783,175
15783,19781
15784,2530
15785,7912
15785,4324
15786,24711
15786,22247
15786,21220
15786,16973
15786,8970
15786,2778
15786,8548
15786,2839
15787,6462
15787,6454
15788,12969
15788,8799
15789,8221
15789,8817
15790,2523
15791,8221
15791,13238
15792,24695
15792,12307
15793,6462
15794,1258
15794,3247
15795,20933
15795,6731
15796,702
15796,1240
15797,703
15797,3292
15798,12390
15798,5388
15798,20486
15799,8502
15800,703
15800,6731
15801,3262
15801,21282
15802,8991
15803,703
15803,8961
15803,3357
15803,8962
15803,15413
15804,12910
15804,5918
15804,8929
15804,12836
15804,8565
15804,8294
15804,3550
15805,8453
15806,21154
15806,8552
15806,1274
15806,12714
15807,18984
15807,5467
15807,3258
15807,3357
15808,10911
15808,175
15809,14305
15809,12492
15809,6454
15810,7019
15810,7133
15811,5401
15811,3353
15812,2059
15812,1240
15813,8709
15814,12742
15815,5584
15815,12626
15816,5128
15817,11037
15817,175
15818,19887
15818,6664
15819,14743
15820,15925
15821,15498
15822,13229
15822,15773
15823,3213
15824,5487
15825,8448
15826,5923
15827,3357
15828,16967
15828,10913
15829,7912
15829,3562
15830,18449
15831,1300
15831,20953
15831,1240
15831,8584
15831,21094
15831,9511
15831,24843
15831,8929
15831,16151
15831,13449
15831,250
15831,8191
15831,12976
15831,3258
15831,3492
15831,7762
15831,3316
15831,3550
15831,2915
15831,16575
15831,5414
15831,3357
15831,5426
15831,25049
15832,8969
15832,3314
15833,702
15833,4324
15834,12888
15834,1300
15834,19483
15834,16185
15834,11941
15834,21582
15834,3778
15834,10340
15834,2561
15834,3844
15834,17998
15834,8087
15834,9204
15834,24209
15834,25139
15834,2152
15834,12993
15834,2605
15834,24739
15834,18862
15834,20467
15834,19697
15834,8055
15834,8034
15834,16863
15834,3806
15834,18949
15834,19877
15834,12742
15834,8027
15835,24836
15835,8453
15836,21205
15836,20947
15836,20084
15836,2557
15836,6783
15836,3317
15836,12897
15836,8343
15836,12977
15836,23345
15836,21447
15836,19545
15836,8292
15836,3268
15836,325
15836,8128
15837,8927
15837,18932
15837,8475
15837,9005
15837,17752
15837,203
15838,17414
15838,12405
15838,20634
15838,8882
15838,16002
15838,3884
15838,6696
15838,21869
15838,9391
15838,5815
15838,175
15838,16988
15839,4590
15839,12313
15840,5463
15840,3357
15841,23752
15841,6763
15841,1240
15841,4975
15841,7996
15841,5401
15841,8134
15841,702
15841,3617
15841,18390
15841,7019
15841,21009
15841,6011
15841,6017
15841,182
15841,25234
15841,14187
15841,24732
15841,18245
15841,5242
15841,5342
15841,20760
15841,4592
15841,4107
15841,6454
15841,25020
15842,22774
15842,7830
15843,6698
15844,8518
15845,287
15845,175
15846,13010
15847,703
15847,702
15847,3216
15848,6462
15849,2915
15849,702
15849,2904
15849,19152
15849,3357
15849,2153
15850,7019
15851,13179
15851,8733
15852,16687
15852,13294
15853,15473
15853,12482
15854,3330
15854,1242
15855,5401
15855,8648
15855,8221
15856,24725
15856,8247
15857,6664
15857,5607
15858,1300
15858,24986
15858,5618
15858,6696
15858,15385
15858,21011
15858,3321
15858,5842
15858,10904
15858,8771
15858,7908
15858,5031
15858,5195
15859,6747
15859,3711
15860,4269
15860,14360
15861,1240
15861,7019
15862,5759
15862,5588
15863,7030
15864,1300
15864,3357
15865,4324
15866,703
15866,702
15867,6518
15867,7133
15868,8221
15869,7030
15870,1300
15870,12553
15871,20933
15871,8328
15872,8878
15873,3357
15873,7133
15874,8954
15875,175
15875,391
15875,20563
15876,10739
15877,5604
15878,20116
15878,2785
15879,12832
15879,5618
15879,20961
15880,287
15880,6321
15880,13238
15880,12683
15880,15413
15880,3550
15880,175
15880,19789
15880,20563
15881,8718
15882,13207
15883,8709
15884,702
15884,7019
15884,11487
15885,702
15885,10675
15886,6396
15886,1240
15887,21415
15887,8403
15888,1268
15888,12875
15889,4324
15890,13229
15890,21012
15891,15558
15892,210
15892,1240
15893,15736
15894,3278
15894,9331
15895,12844
15895,8882
15895,20647
15896,3328
15896,3321
15896,9360
15896,5146
15896,17986
15897,6182
15897,4324
15898,9122
15899,1240
15899,7019
15900,3357
15900,4324
15901,2991
15901,3562
15902,15773
15903,15397
15904,23254
15904,7019
15904,7923
15905,20687
15906,17590
15907,23254
15907,7019
15907,7923
15907,6479
15908,268
15908,7019
15908,6479
15909,8765
15909,13195
15910,5540
15910,12471
15910,1899
15911,8221
15911,8515
15912,23254
15912,7019
15913,5823
15914,13000
15914,5569
15915,5463
15915,3357
15916,8929
15916,175
15916,1274
15916,12322
15916,8002
15916,6940
15916,3214
15916,6896
15917,5401
15917,287
15918,703
15918,3562
15919,22910
15920,9187
15920,12480
15920,8929
15920,16092
15920,3258
15920,8221
15920,15526
15921,7019
15922,13264
15923,7019
15924,21310
15924,8929
15925,15152
15925,21255
15925,13836
15925,15820
15925,5845
15925,20781
15925,2609
15925,16506
15925,12874
15925,12841
15925,3974
15925,10639
15925,16188
15925,24945
15925,17415
15925,10335
15925,7916
15925,2783
15925,8488
15925,12988
15925,9122
15925,2490
15925,18263
15926,7019
15926,7923
15927,6664
15928,7019
15929,3357
15930,21489
15930,8041
15931,7019
15932,9187
15933,24972
15933,19060
15933,1759
15934,21386
15934,5837
15934,287
15934,16098
15935,1517
15935,8471
15935,217
15935,3278
15936,4633
15937,3357
15938,5401
15938,3353
15938,3550
15939,1240
15939,8423
15940,703
15940,8221
15941,270
15942,17643
15943,3550
15944,13185
15944,175
15944,8221
15944,3258
15945,175
15945,15997
15945,8438
15946,9023
15946,15493
15946,12844
15946,20587
15946,5021
15946,6454
15947,5604
15947,9120
15948,3357
15948,7019
15949,5409
15950,7019
15951,8435
15952,1274
15952,8221
15953,7019
15953,7923
15954,5484
15954,3341
15955,175
15955,3357
15956,7213
15957,11097
15958,8427
15958,1274
15958,3357
15959,8401
15960,210
15960,1240
15961,175
15961,12752
15961,3357
15961,8561
15962,2915
15962,6462
15962,703
15963,5589
15964,6262
15964,7019
15965,969
15965,8658
15966,703
15966,3348
15966,21879
15966,9064
15967,702
15967,19263
15967,3562
15968,8324
15968,8247
15969,25075
15969,3357
15970,1240
15971,16087
15972,8709
15973,175
15973,10914
15974,1268
15975,21376
15975,20447
15975,16448
15975,17819
15975,20486
15975,16346
15975,21256
15975,5273
15975,7936
15975,10182
15975,24788
15976,381
15976,8552
15976,16030
15976,12976
15976,1681
15977,8585
15977,1681
15978,2857
15978,8221
15979,6831
15979,6731
15980,22365
15980,7019
15981,1654
15982,3314
15982,12875
15983,8697
15983,23126
15983,8535
15983,21216
15983,21707
15983,21886
15983,17739
15983,8491
15983,8213
15983,8401
15983,5455
15984,5433
15985,8403
15985,8471
15986,15271
15987,12430
15988,2829
15988,14266
15989,8898
15989,8002
15989,19152
15989,3357
15989,6940
15989,3214
15990,6497
15990,210
15991,702
15991,3357
15992,3302
15992,3247
15993,3357
15994,5618
15995,8540
15996,8765
15996,5523
15997,15945
15998,287
15999,277
15999,7133
16000,6518
16000,7019
16001,13229
16002,15838
16003,17643
16004,5128
16005,1300
16005,3314
16005,3303
16005,3550
16006,8752
16007,1240
16007,4182
16008,9837
16008,11010
16008,6847
16008,12884
16009,3256
16010,12671
16011,20772
16011,4627
16012,2857
16012,5463
16013,6732
16014,1242
16015,3250
16016,5484
16016,12302
16017,8448
16017,8438
16017,5604
16017,18117
16017,3321
16017,8748
16017,5201
16017,25060
16018,703
16018,12671
16019,7019
16019,3562
16020,5589
16020,1300
16021,8733
16021,10019
16021,9040
16021,20486
16021,20616
16022,58
16023,12654
16024,1760
16024,5234
16025,12330
16025,3210
16026,175
16026,20232
16026,11292
16026,13478
16027,8709
16027,12303
16028,1268
16029,5512
16030,15976
16031,6540
16031,3169
16031,20722
16031,3492
16031,3258
16031,19152
16031,6940
16031,5197
16031,5414
16031,8002
16031,217
16032,9051
16033,2857
16033,8761
16033,10310
16034,3268
16034,3317
16035,12655
16035,6462
16035,6940
16035,16151
16035,8277
16035,175
16035,217
16035,5090
16035,287
16035,3258
16035,19152
16035,12683
16035,113
16035,2915
16035,20085
16035,9010
16036,7912
16036,14362
16036,1669
16036,13903
16036,6940
16036,3550
16036,4324
16037,703
16037,8221
16038,175
16039,12531
16040,175
16041,15271
16042,6454
16043,21445
16044,3217
16044,8407
16044,11983
16045,1760
16045,12918
16046,13125
16046,8867
16047,12671
16047,15558
16048,16915
16048,20745
16049,8229
16049,3216
16050,8221
16050,8515
16051,1240
16051,8803
16051,5512
16051,6854
16052,8340
16053,175
16053,3357
16054,9071
16055,12390
16055,8343
16055,8996
16055,21128
16055,8009
16055,12847
16055,19912
16055,8692
16055,5257
16056,8470
16056,20677
16057,6396
16057,18644
16058,3216
16059,6714
16059,3492
16060,3550
16061,5618
16061,20961
16062,1681
16063,21157
16064,6396
16065,8407
16065,8343
16066,16151
16066,9211
16066,21984
16066,3550
16067,6850
16067,13229
16067,24734
16067,15387
16068,4324
16068,3550
16069,20647
16069,8221
16070,12736
16071,8343
16071,21128
16072,15558
16072,3216
16073,8221
16073,3210
16074,12671
16074,175
16074,2201
16075,287
16076,703
16076,4936
16076,16745
16076,25322
16076,6707
16076,12794
16077,19066
16077,1268
16077,4571
16078,8221
16078,3216
16079,7912
16079,702
16079,6396
16080,3304
16081,3258
16081,3357
16081,6454
16082,8221
16082,8438
16083,2915
16083,19152
16083,6940
16083,217
16084,22413
16084,24639
16084,8343
16084,8360
16084,21110
16084,19452
16085,9067
16086,2915
16086,8221
16087,15502
16087,1240
16087,15971
16087,20570
16087,16151
16087,20932
16087,175
16087,217
16087,3304
16087,15528
16087,12376
16087,20543
16087,1274
16087,17749
16087,13238
16087,3550
16087,24753
16087,20998
16087,12919
16087,13171
16087,2687
16087,21367
16087,20348
16088,175
16088,7995
16089,2201
16089,3216
16090,3217
16091,2915
16091,3357
16092,15920
16093,9122
16094,702
16094,7019
16095,9123
16095,7206
16095,20486
16095,2855
16096,4572
16096,3293
16096,8836
16096,7640
16096,13238
16096,3321
16096,10439
16096,175
16096,19951
16096,5353
16097,1274
16097,3550
16098,13004
16098,1300
16098,15934
16098,5658
16098,7985
16098,175
16098,217
16098,22867
16098,5275
16098,3492
16098,13238
16098,13252
16098,5895
16098,3420
16098,3357
16098,6454
16099,4324
16100,8693
16100,8438
16101,2829
16101,7019
16102,12671
16102,3216
16103,7019
16104,3210
16105,5604
16105,9120
16106,1902
16106,8515
16107,19343
16107,25250
16107,2776
16108,3321
16108,8221
16109,681
16110,6850
16111,15743
16112,15624
16112,13031
16113,21220
16113,15739
16113,10200
16113,13229
16113,6704
16114,8343
16114,20486
16115,6328
16115,853
16116,3302
16116,3247
16117,8552
16117,1681
16118,3868
16118,13190
16118,19790
16119,5058
16119,8360
16120,7019
16121,8709
16122,6747
16123,1240
16124,703
16124,702
16124,3302
16125,3461
16125,3505
16125,6850
16126,2820
16127,2915
16128,8718
16129,21145
16129,3258
16129,9915
16129,3304
16129,5917
16129,6454
16129,3550
16130,175
16130,12131
16131,9262
16131,8514
16131,3492
16132,6462
16132,252
16132,8929
16132,25263
16132,9010
16132,217
16132,6454
16133,5401
16133,1300
16134,3304
16134,6731
16135,210
16135,7019
16136,9122
16137,6462
16137,3258
16138,12334
16138,6831
16139,25071
16139,5618
16140,1240
16140,7019
16141,8221
16142,8221
16142,22161
16143,5291
16144,21415
16144,3217
16144,1300
16145,8221
16146,25145
16147,6658
16147,7019
16148,287
16148,12860
16149,15748
16150,7019
16151,2857
16151,11235
16151,21156
16151,12997
16151,15561
16151,8435
16151,25233
16151,15783
16151,13185
16151,2819
16151,15170
16151,18659
16151,13128
16151,13238
16151,5952
16151,8919
16151,8658
16151,9133
16151,15831
16151,24943
16151,12323
16151,12990
16151,6068
16151,3308
16151,1240
16151,3717
16151,6806
16151,21196
16151,6940
16151,15413
16151,8379
16151,2612
16151,7576
16151,17606
16151,15636
16151,16517
16151,4526
16151,12635
16151,7133
16151,20641
16151,8474
16151,9032
16151,9029
16151,23394
16151,9115
16151,20496
16151,19789
16151,5823
16151,3210
16151,5420
16151,12833
16151,15637
16151,22123
16151,2120
16151,5752
16151,4706
16151,5467
16151,13050
16151,12714
16151,3250
16151,12400
16151,13454
16151,15599
16151,20977
16151,12860
16151,3492
16151,9121
16151,4112
16151,113
16151,25121
16151,21479
16151,8069
16151,6736
16151,5391
16151,4904
16151,21222
16151,21393
16151,6328
16151,3239
16151,8643
16151,24588
16151,4767
16151,703
16151,13646
16151,8196
16151,12553
16151,19645
16151,3334
16151,5090
16151,6687
16151,20563
16151,21410
16151,20933
16151,8423
16151,12872
16151,8343
16151,5569
16151,6731
16151,12415
16151,9168
16151,8211
16151,9192
16151,2604
16151,20848
16151,2687
16151,15291
16151,8116
16151,861
16151,3293
16151,15558
16151,6786
16151,9236
16151,2841
16151,2117
16151,8738
16151,22823
16151,15543
16151,3304
16151,217
16151,21372
16151,3247
16151,16087
16151,24879
16151,787
16151,9265
16151,4638
16151,6719
16151,9010
16151,5744
16151,4566
16151,1654
16151,23304
16151,20748
16151,2530
16151,16187
16151,16299
16151,8709
16151,8175
16151,20680
16151,18538
16151,9146
16151,8929
16151,3302
16151,19972
16151,6013
16151,175
16151,8469
16151,13031
16151,8221
16151,25181
16151,23353
16151,8882
16151,12930
16151,19152
16151,20941
16151,18923
16151,5382
16151,17258
16151,1127
16151,5414
16151,8587
16151,10625
16151,16266
16151,6831
16151,6909
16151,5401
16151,16277
16151,3213
16151,24643
16151,5584
16151,1881
16151,287
16151,12307
16151,3385
16151,13194
16151,13038
16151,6775
16151,213
16151,6668
16151,12655
16151,8675
16151,6321
16151,9319
16151,8342
16151,16035
16151,19417
16151,13102
16151,43
16151,13286
16151,16066
16151,8076
16151,9211
16151,12903
16151,15704
16151,2875
16151,1104
16151,13070
16151,5911
16151,3550
16151,5411
16151,20505
16151,3266
16152,3321
16152,8768
16153,703
16153,9396
16153,120
16153,4640
16153,6202
16153,10252
16154,13042
16154,12387
16155,1300
16155,17135
16155,3357
16155,5769
16155,8263
16155,19007
16155,20957
16156,175
16156,12973
16156,3357
16156,1066
16157,21147
16157,5607
16158,8709
16159,8552
16159,8585
16160,5487
16161,8680
16161,20997
16161,8929
16161,5589
16161,9188
16161,6804
16161,8291
16161,67
16162,12446
16162,3270
16163,6462
16163,3357
16164,15736
16165,6462
16165,18535
16165,1300
16165,3562
16165,8003
16165,2915
16165,18696
16165,702
16165,3321
16165,3357
16165,21372
16166,9122
16167,8469
16167,5553
16168,15695
16168,5618
16168,8247
16169,4590
16169,8929
16169,175
16170,175
16170,1240
16171,3098
16171,18587
16171,16624
16171,18459
16171,3521
16171,17523
16171,9065
16171,6454
16171,5607
16172,1240
16172,3258
16172,9516
16172,10484
16173,1765
16173,8221
16174,8403
16174,8471
16175,6462
16175,5414
16176,2117
16176,3308
16177,210
16177,3357
16177,12183
16178,3314
16178,12875
16179,9147
16179,25145
16179,8671
16180,12390
16180,21315
16180,8343
16180,18537
16180,12669
16180,20486
16180,9414
16181,3308
16182,13250
16183,5618
16183,24725
16184,17680
16185,19305
16185,12742
16185,15834
16186,21688
16187,16151
16187,9211
16187,21319
16188,15925
16189,12844
16189,12307
16190,8929
16190,3357
16190,3216
16191,12298
16191,8514
16192,4571
16193,14743
16194,8673
16194,8867
16195,5433
16195,6849
16196,175
16196,13238
16197,6462
16197,8469
16197,3357
16197,5714
16198,21372
16199,11427
16199,6385
16200,8709
16201,5057
16201,7019
16202,3270
16203,17732
16203,20032
16203,3357
16204,5401
16204,3353
16205,13769
16205,6940
16206,4536
16206,13238
16206,5938
16207,3798
16207,15028
16207,6740
16207,13288
16207,8348
16207,18716
16207,10329
16207,2915
16207,8929
16207,175
16207,3321
16207,25262
16207,5479
16207,21036
16207,8170
16207,25298
16208,367
16208,6909
16209,12671
16209,703
16210,6732
16211,21472
16211,8221
16211,20708
16212,175
16213,16325
16213,8448
16213,805
16214,702
16214,10887
16215,6540
16215,6940
16215,19152
16215,20375
16215,3562
16215,4324
16215,3550
16215,22823
16215,3304
16215,3357
16215,19030
16215,2153
16216,4900
16216,175
16216,3304
16216,3550
16217,15271
16218,6462
16219,25075
16219,20677
16219,9437
16219,8797
16220,3314
16220,3270
16221,2615
16222,175
16222,18611
16222,6831
16223,702
16223,4566
16224,3256
16224,18248
16225,8929
16225,3357
16225,3562
16226,8221
16226,12542
16227,9071
16227,8718
16228,7019
16228,3562
16229,4324
16230,1300
16230,8552
16230,4160
16230,24763
16230,167
16230,703
16230,175
16230,6800
16231,7019
16231,4324
16232,12691
16232,4750
16233,3270
16234,702
16234,6396
16235,25075
16235,3492
16235,217
16236,175
16236,7019
16237,3216
16238,6462
16238,17443
16238,175
16238,217
16239,6462
16240,702
16240,1240
16240,175
16240,3550
16241,8552
16241,8585
16242,6251
16242,7019
16243,13031
16243,15577
16244,1300
16244,287
16244,13137
16244,16351
16244,24876
16244,25255
16244,175
16244,21160
16244,217
16244,3435
16244,6454
16244,2805
16245,2915
16246,16738
16246,5762
16246,5848
16246,1300
16246,7919
16246,13238
16246,23996
16246,19689
16246,3550
16246,10204
16246,175
16246,5367
16246,1258
16246,22043
16246,22697
16247,5589
16247,15686
16248,3293
16248,19418
16249,8698
16250,702
16250,1240
16251,8929
16251,24823
16251,1300
16251,20743
16251,18789
16252,7019
16252,3550
16253,703
16253,702
16253,3216
16254,8196
16255,703
16255,702
16255,3216
16256,6537
16256,6518
16257,3217
16257,322
16257,18906
16257,2659
16257,217
16257,15673
16257,2669
16258,12341
16259,2829
16260,1760
16260,6668
16261,6462
16261,287
16261,6940
16261,5520
16261,20576
16262,1240
16263,4590
16264,8502
16265,1240
16266,6462
16266,1300
16266,14376
16266,20086
16266,12957
16266,16151
16266,175
16266,217
16266,24643
16266,3304
16266,2381
16266,18445
16266,20563
16266,287
16266,3492
16266,16517
16266,19152
16266,13238
16266,3550
16266,10727
16266,19911
16266,3630
16266,177
16266,5742
16266,6454
16266,16282
16266,20539
16267,703
16267,287
16268,6831
16268,3304
16269,12970
16270,702
16270,175
16271,6396
16271,7019
16272,20002
16273,3742
16273,2906
16274,703
16274,6668
16275,20805
16275,8247
16276,3742
16276,3887
16276,20460
16277,6940
16277,6665
16277,16151
16277,12957
16277,21597
16277,3304
16277,3214
16277,17349
16277,287
16277,3492
16277,19152
16277,13238
16277,10118
16277,3550
16277,21023
16277,6454
16277,12323
16278,5401
16278,3321
16279,24725
16280,6748
16280,5519
16281,5484
16281,12302
16282,6462
16282,1300
16282,16266
16283,703
16283,2111
16284,13294
16285,830
16285,1274
16285,16338
16285,6000
16285,8461
16285,15642
16285,16423
16286,22478
16286,8258
16286,7973
16286,20486
16286,7446
16286,8999
16286,18701
16286,4917
16287,8448
16287,8438
16288,8343
16288,21128
16289,7901
16290,8221
16291,8247
16292,5401
16292,12492
16293,17124
16294,8191
16295,703
16295,8221
16296,8929
16296,12794
16297,1300
16297,5618
16297,16964
16298,4571
16298,12875
16299,1300
16299,12903
16299,24786
16299,3492
16299,13238
16299,10246
16299,16151
16299,217
16300,1300
16301,12390
16301,3689
16301,20421
16301,20486
16301,17179
16301,3388
16301,217
16301,21996
16301,12696
16301,21497
16302,8998
16303,5679
16304,4590
16304,5301
16304,16305
16305,1274
16305,16304
16306,8448
16307,15736
16307,16611
16308,15695
16308,21259
16308,12581
16308,12794
16309,5481
16310,24711
16310,13250
16311,5714
16312,8221
16313,8221
16314,8929
16314,8221
16315,1854
16315,8438
16316,1765
16316,12794
16317,5401
16317,16666
16317,3210
16318,5589
16318,8929
16318,20770
16319,24786
16319,20563
16319,24588
16320,3742
16321,702
16321,3562
16322,8394
16322,5125
16322,16405
16322,20486
16322,4135
16322,5435
16322,324
16323,12881
16324,22352
16325,16213
16325,25229
16326,4571
16327,2612
16328,6013
16329,9128
16330,8659
16330,13246
16330,21220
16330,18725
16330,8259
16330,25155
16330,24682
16330,12884
16331,12957
16331,6763
16331,5512
16332,20570
16333,20599
16333,1274
16333,25164
16333,1017
16333,5170
16333,5748
16333,8473
16333,16338
16333,8461
16334,10542
16334,6822
16334,8401
16335,21123
16335,1240
16335,287
16335,3492
16335,6940
16335,175
16335,5414
16335,8002
16335,217
16335,3357
16336,8548
16337,6763
16337,1274
16337,12603
16337,3516
16338,3887
16338,16333
16338,16285
16339,8217
16339,5199
16339,22245
16339,12971
16339,3036
16339,8312
16339,10329
16339,25248
16339,175
16339,13319
16339,5479
16339,25141
16339,3710
16339,13144
16339,1274
16339,21028
16339,17286
16339,15549
16339,24581
16339,8118
16339,20149
16339,16
16339,24800
16339,12570
16339,6753
16339,17731
16339,6454
16339,15425
16340,8898
16340,3492
16340,217
16340,6940
16340,3214
16340,5994
16341,5618
16341,20805
16342,3562
16343,12742
16343,24725
16344,3217
16344,12390
16344,8343
16344,8692
16344,21128
16345,9071
16346,15975
16346,12390
16346,1300
16346,6768
16346,1274
16346,8343
16346,5965
16346,2821
16346,8372
16346,20486
16346,3217
16346,2855
16347,3303
16348,24864
16348,15476
16348,8453
16349,22352
16349,6775
16350,5923
16351,16244
16351,9144
16352,6462
16352,3550
16353,8339
16354,19152
16354,3550
16354,5714
16354,18289
16354,175
16354,8554
16354,8002
16354,217
16354,3357
16354,3214
16354,6454
16355,24836
16355,15413
16356,2687
16356,8221
16357,5401
16357,3210
16358,12351
16359,703
16359,3550
16360,8458
16360,3357
16361,8221
16362,6763
16362,12957
16362,5512
16363,5463
16364,6462
16364,8929
16365,21286
16365,8515
16366,3321
16366,8221
16367,1300
16367,3321
16368,5291
16369,12311
16370,20485
16371,8552
16371,8585
16372,3321
16372,175
16372,5189
16372,6454
16373,16631
16374,8221
16374,3353
16375,8711
16375,15367
16375,20648
16376,5923
16377,13125
16377,8718
16378,8962
16378,15413
16379,1300
16379,3321
16379,175
16379,3258
16379,3357
16380,8221
16380,12875
16381,15695
16381,5618
16381,8309
16382,8448
16383,11538
16384,5401
16384,3353
16385,16835
16386,10911
16386,1240
16386,6518
16387,210
16387,7133
16388,702
16388,1240
16389,1240
16389,3562
16390,1240
16390,7019
16391,702
16391,7133
16392,1240
16392,4324
16393,3550
16394,4512
16395,11846
16396,8447
16396,4574
16397,6396
16397,7460
16398,4231
16398,1626
16398,8168
16398,3066
16399,7019
16399,3562
16400,911
16400,13876
16400,702
16400,175
16400,3357
16400,7362
16400,13036
16400,1509
16401,6831
16401,3304
16402,7333
16403,2829
16403,13869
16403,4324
16403,3550
16403,7442
16404,4324
16405,16322
16406,20877
16407,702
16407,21534
16407,13769
16407,3357
16407,3721
16408,20498
16409,568
16410,175
16411,702
16411,6396
16412,3309
16413,5618
16413,24725
16413,8247
16414,19627
16414,702
16414,13803
16414,13790
16414,3856
16414,12181
16415,1087
16416,7019
16417,5714
16418,2097
16418,14744
16419,13250
16420,25233
16421,7019
16421,3550
16422,8448
16423,6462
16423,15400
16423,21175
16423,702
16423,6396
16423,21281
16423,16285
16423,17401
16423,11581
16424,175
16425,20116
16426,13674
16426,19095
16427,10797
16427,4324
16428,21132
16428,3256
16429,210
16430,210
16430,7019
16430,3550
16431,11538
16432,210
16432,1240
16433,1240
16433,7019
16434,8552
16434,1681
16434,8585
16435,6462
16435,8929
16435,8919
16436,702
16436,1240
16436,7019
16437,703
16437,702
16437,3357
16437,15679
16438,22514
16439,578
16440,702
16440,1785
16440,7019
16441,3357
16441,3550
16442,10327
16442,3357
16442,19693
16443,23150
16443,11038
16443,3357
16444,8394
16444,9199
16445,24763
16445,20486
16446,22807
16446,18814
16446,23398
16446,3357
16446,3550
16447,3357
16447,13238
16448,15975
16449,3321
16450,6222
16450,210
16451,6222
16451,14742
16451,18886
16452,8929
16452,1240
16452,175
16453,5569
16454,8221
16454,15526
16455,6703
16456,6462
16456,1929
16456,17723
16456,20521
16456,22527
16456,3357
16456,21362
16457,21091
16457,21128
16458,2857
16458,8221
16459,6462
16459,3321
16459,6179
16460,20745
16461,1300
16461,3268
16461,3344
16461,4896
16461,10933
16462,277
16462,6923
16463,12390
16464,210
16464,702
16465,702
16465,7019
16466,1240
16467,702
16467,2829
16468,473
16468,13547
16468,1835
16468,2575
16468,22683
16468,11946
16468,13882
16468,25318
16468,25244
16468,22398
16468,14816
16468,23440
16468,7452
16468,10596
16468,1001
16468,23336
16468,2915
16468,6690
16468,24169
16468,13634
16468,3357
16468,13341
16469,15271
16469,7019
16470,702
16470,175
16471,703
16471,702
16472,14306
16472,23141
16472,3550
16473,3357
16474,19958
16474,19957
16474,14049
16475,8709
16475,20878
16476,175
16476,1749
16477,5401
16477,702
16478,210
16478,7019
16478,19025
16478,4324
16479,11512
16480,702
16481,927
16481,210
16482,2829
16482,13386
16483,20352
16483,210
16483,10519
16483,19274
16483,7019
16483,13723
16483,19095
16484,9211
16484,25352
16485,10914
16485,14170
16485,23052
16486,7789
16487,14745
16487,11856
16488,15291
16488,578
16489,7729
16490,7019
16491,7019
16491,19095
16492,7019
16493,2829
16493,6396
16494,702
16494,1240
16494,2829
16495,703
16495,12762
16495,3605
16495,22481
16495,17124
16495,8199
16496,1274
16496,8768
16497,8718
16498,8939
16498,5618
16499,8709
16499,9051
16500,9122
16501,7019
16501,1786
16502,8752
16502,6664
16503,210
16504,13371
16504,6540
16504,2829
16504,13773
16504,22047
16504,11405
16504,19030
16505,7019
16505,14678
16506,8387
16506,15925
16507,8698
16508,6299
16508,7019
16509,1300
16509,6454
16510,2915
16510,6462
16510,3357
16510,3550
16511,20752
16511,3258
16511,13238
16512,6747
16513,21529
16513,8048
16514,15558
16514,175
16515,7019
16516,5618
16516,8247
16517,8262
16517,16266
16517,16151
16517,8175
16517,21203
16517,13309
16517,14749
16518,175
16519,7019
16519,6328
16520,14042
16520,23459
16521,3603
16521,1916
16522,19160
16522,1786
16523,12969
16523,8247
16524,3217
16524,25348
16525,6462
16525,314
16525,1300
16525,13291
16525,3562
16525,8003
16525,702
16525,18696
16525,3321
16525,3357
16526,21415
16526,7955
16526,12696
16526,4918
16527,13479
16527,2915
16527,7912
16527,702
16527,24283
16527,12450
16527,7019
16528,1240
16528,7019
16529,1902
16529,8438
16530,21157
16530,12696
16531,1240
16531,19095
16532,10707
16532,16961
16532,1240
16532,4313
16532,3492
16532,13580
16532,6454
16532,7081
16533,3603
16533,175
16533,4475
16533,13769
16533,15003
16533,4437
16533,10866
16534,3258
16534,13238
16534,12503
16534,8496
16534,175
16534,217
16534,6454
16534,4351
16535,3217
16535,2855
16536,3304
16536,6731
16537,702
16537,704
16537,4658
16538,3492
16538,6940
16539,3777
16539,6361
16539,4324
16540,1240
16540,11487
16540,3562
16541,175
16542,13102
16542,13238
16543,6396
16543,4324
16544,5948
16544,5092
16544,15132
16545,13672
16545,7019
16545,3550
16546,2712
16547,210
16547,10911
16547,14743
16547,4324
16548,210
16548,681
16549,6731
16549,5512
16550,210
16550,16853
16551,2829
16551,7386
16552,5604
16552,6765
16553,12594
16553,12789
16554,12298
16554,7891
16554,2479
16554,1270
16555,1786
16556,7019
16557,8673
16557,9128
16558,175
16558,19963
16558,23806
16558,4324
16559,702
16559,7019
16560,6540
16560,1274
16560,3492
16560,19152
16560,6940
16560,13238
16560,2517
16560,175
16560,8002
16560,217
16560,3357
16560,19030
16561,1240
16561,22774
16562,702
16562,175
16562,14743
16562,12183
16563,210
16564,12391
16565,13820
16566,702
16567,5785
16567,3562
16568,702
16568,3357
16569,12964
16570,6328
16571,19343
16572,6462
16572,6763
16572,13194
16572,3258
16573,3357
16573,20058
16573,7133
16574,9122
16575,15831
16576,4324
16577,15571
16577,15534
16578,7019
16579,8423
16580,20447
16580,8343
16580,13132
16581,12477
16581,13066
16582,175
16582,4324
16583,22952
16583,406
16583,12355
16583,3357
16583,25185
16583,24330
16584,6328
16585,20116
16586,20651
16587,6462
16587,7912
16587,2829
16587,19095
16587,4324
16587,7386
16587,15207
16587,7019
16587,3357
16587,675
16588,12717
16588,8391
16589,13250
16590,12579
16590,8195
16590,2589
16591,6129
16592,1240
16592,7019
16593,6488
16593,14112
16594,18738
16594,5806
16594,12742
16594,8247
16595,4231
16595,17380
16596,1240
16596,4324
16597,3641
16597,4299
16598,7133
16599,12969
16599,20961
16599,8247
16600,702
16600,6396
16601,2156
16602,12671
16602,12877
16603,3217
16603,4750
16604,20232
16604,7019
16605,21832
16605,1240
16605,2869
16606,7912
16606,16873
16607,20705
16607,1902
16608,6806
16608,217
16608,13238
16609,17047
16609,6874
16610,19686
16610,7019
16611,1274
16611,5591
16611,20207
16611,18302
16611,12710
16611,18726
16611,21125
16611,1268
16611,20522
16611,16307
16612,12065
16613,8016
16613,1240
16614,6396
16614,7019
16614,3550
16615,702
16616,210
16616,20116
16617,6747
16617,6664
16617,24705
16618,7912
16618,702
16618,210
16618,14862
16619,13454
16619,3357
16619,4324
16619,13791
16620,210
16620,7019
16621,5534
16621,2861
16622,13942
16623,7229
16624,16171
16625,578
16625,5770
16626,6462
16626,702
16626,19152
16626,3357
16626,3562
16627,3596
16627,1300
16627,175
16628,12179
16628,7019
16629,13083
16630,15209
16630,3082
16630,3083
16630,3386
16630,7005
16631,175
16631,3321
16631,16373
16632,6731
16632,3304
16633,1240
16633,3550
16634,10913
16634,3550
16635,6462
16635,8929
16636,20745
16637,11026
16637,7133
16638,6462
16638,6540
16638,1240
16638,2906
16638,19152
16638,6940
16638,5714
16638,1008
16638,3742
16638,22573
16638,217
16638,3357
16639,703
16639,702
16639,704
16639,11352
16640,5589
16641,7019
16641,3562
16642,21092
16643,6462
16643,703
16643,1291
16643,7019
16644,1436
16644,17374
16644,7067
16645,210
16645,7019
16646,7019
16646,7133
16647,8061
16647,702
16648,4589
16648,1552
16648,3258
16648,13238
16648,217
16648,3304
16648,3550
16649,702
16649,7019
16650,18896
16651,8259
16652,18131
16653,15673
16654,24868
16655,3249
16655,1765
16655,8515
16656,3357
16657,3321
16657,12338
16657,16954
16657,3258
16657,9351
16657,13238
16657,7928
16657,20667
16658,11441
16658,7912
16658,6396
16658,18586
16658,19644
16658,11822
16658,10584
16658,3550
16658,22476
16658,7829
16658,12152
16658,12025
16658,10977
16658,11048
16659,21128
16660,702
16660,3550
16661,861
16661,15383
16662,5519
16663,21128
16664,12969
16664,8247
16665,1240
16665,7019
16666,8768
16666,16317
16667,6462
16668,11399
16668,7386
16669,43
16669,4475
16669,3945
16669,22780
16669,6940
16669,7248
16669,4437
16670,7019
16671,1786
16672,8929
16672,175
16673,702
16673,210
16673,4324
16674,702
16674,7019
16674,17055
16675,210
16675,7019
16676,6396
16677,6518
16677,7133
16678,11708
16678,702
16679,8616
16679,8733
16680,5618
16681,702
16682,7019
16683,7133
16684,18807
16685,6063
16685,3562
16686,4231
16686,17380
16686,14205
16686,21912
16686,8056
16686,22357
16686,13496
16687,15852
16687,8247
16687,4162
16688,210
16689,20232
16690,595
16691,6396
16691,7019
16692,3268
16692,8632
16692,5430
16692,20486
16692,12696
16693,6462
16693,3357
16693,10887
16694,3217
16694,8471
16695,217
16696,8929
16696,24731
16697,702
16697,19263
16698,7133
16699,13820
16700,14391
16701,5015
16702,10835
16703,17038
16703,5823
16704,1240
16705,702
16705,7133
16706,3217
16706,20633
16707,1576
16707,1240
16708,3217
16709,10458
16710,6129
16711,702
16712,702
16712,7019
16713,13354
16714,6462
16714,11838
16714,11342
16714,3131
16714,20475
16714,23701
16714,14518
16714,175
16714,13773
16714,7019
16714,19030
16714,6156
16714,4194
16714,2692
16714,3492
16714,19152
16714,19801
16714,3550
16714,15483
16714,1729
16714,10610
16714,7800
16714,22648
16715,10243
16715,1240
16716,210
16717,3258
16717,3357
16717,5714
16718,7130
16719,8709
16719,12303
16719,9051
16720,14746
16720,3562
16721,702
16721,13489
16721,12181
16722,702
16723,6747
16724,4750
16725,3357
16725,3550
16726,21767
16726,7012
16727,702
16727,7019
16728,8552
16728,8585
16729,702
16729,10913
16729,11856
16730,19753
16730,702
16730,15291
16730,20070
16731,175
16731,9144
16731,217
16731,12316
16732,12189
16732,15291
16733,7909
16733,16815
16734,10224
16734,702
16734,6396
16734,3357
16735,4266
16736,19961
16736,4486
16736,1240
16736,21575
16736,17380
16736,10705
16736,4393
16736,12957
16736,4400
16736,23290
16736,4491
16736,11433
16736,8168
16736,4406
16736,3550
16736,4231
16736,21572
16736,3066
16737,4231
16737,10430
16738,16246
16739,210
16740,11233
16741,22774
16741,12182
16742,8448
16742,1902
16743,3550
16743,7005
16744,5604
16744,9120
16745,16076
16745,24972
16746,8469
16746,3258
16747,702
16747,7019
16747,4324
16748,702
16748,1240
16748,4324
16749,7854
16749,12061
16750,210
16750,7386
16751,6396
16751,4324
16752,702
16752,14473
16753,861
16753,22823
16753,6328
16754,702
16754,6518
16755,3357
16755,6454
16756,6518
16757,1240
16758,175
16759,6198
16760,12180
16760,7019
16761,175
16761,3562
16762,19095
16763,8152
16763,13592
16764,702
16764,7019
16764,17227
16765,8765
16765,6792
16765,7891
16765,13195
16766,702
16767,9089
16767,12742
16768,9120
16768,19985
16768,5252
16769,19641
16769,4324
16770,10911
16771,20498
16772,3357
16773,20256
16774,14745
16774,3357
16775,13102
16775,3321
16775,5857
16775,3258
16775,18244
16776,8263
16777,10913
16777,11856
16777,7133
16778,5463
16779,12030
16779,7019
16780,3213
16781,15312
16781,6472
16782,8221
16782,3216
16783,7019
16783,4324
16784,4667
16784,8929
16785,7386
16786,210
16786,702
16787,13489
16788,210
16788,702
16788,7019
16789,3353
16790,12582
16791,19361
16791,12390
16791,8343
16791,17819
16791,290
16792,14746
16793,20570
16793,3293
16794,702
16794,7019
16794,7133
16795,7019
16796,13610
16796,14391
16796,175
16796,17055
16796,19152
16797,3077
16797,10966
16798,3357
16799,12390
16799,3217
16800,1240
16801,3742
16802,6462
16802,702
16803,15291
16804,7019
16804,3357
16805,210
16805,702
16805,1240
16806,5057
16806,11854
16806,13856
16806,6940
16806,3357
16807,8359
16808,14905
16808,15007
16808,2687
16808,2141
16809,4266
16809,12183
16810,3562
16810,3550
16811,1240
16811,18972
16811,12573
16811,23385
16811,1428
16811,2445
16811,21982
16811,702
16811,11101
16811,175
16811,13029
16811,22896
16811,20270
16811,12344
16811,15331
16811,6396
16811,6400
16811,19579
16811,21690
16811,22301
16811,5666
16811,14757
16811,12219
16811,12208
16811,988
16811,25315
16811,11206
16811,14076
16811,652
16811,23242
16812,1300
16812,22970
16813,3357
16813,7019
16814,6396
16814,3755
16814,3756
16815,3287
16815,15275
16815,20306
16815,19890
16815,20322
16815,22928
16815,16733
16815,3405
16815,7304
16815,7341
16815,3208
16815,3128
16815,3410
16815,14340
16815,3374
16815,3159
16815,3411
16815,11572
16815,3117
16815,3106
16815,3550
16815,17402
16815,11009
16815,20044
16815,3421
16815,3198
16816,17820
16816,6940
16816,702
16816,23006
16816,175
16816,19030
16816,10911
16816,6540
16816,10559
16816,2517
16816,4324
16816,3550
16816,22912
16816,3321
16816,6454
16816,12183
16817,17779
16817,8554
16817,9587
16818,702
16819,4566
16819,19030
16820,11564
16820,4324
16821,23373
16822,210
16823,702
16823,6396
16824,4590
16824,287
16825,20677
16825,9067
16826,3550
16827,7133
16828,210
16829,8929
16829,12875
16830,702
16831,175
16831,7019
16831,12183
16832,702
16833,210
16834,10911
16834,702
16835,702
16835,16385
16835,7133
16836,21860
16836,7777
16836,22562
16837,1240
16837,7133
16838,7019
16839,7912
16839,1240
16839,1022
16839,9499
16839,4863
16839,10913
16839,3550
16839,210
16839,702
16839,2688
16839,7019
16839,4756
16840,15686
16841,703
16841,702
16842,703
16842,702
16842,3216
16843,1200
16843,7261
16844,210
16845,175
16845,20082
16846,702
16846,13489
16847,702
16847,1240
16848,9051
16849,702
16849,3550
16850,18748
16851,5365
16852,6518
16852,14752
16853,10544
16853,16550
16853,20068
16853,21616
16853,11779
16853,22717
16853,6337
16853,20180
16853,20128
16853,22930
16853,6480
16853,6362
16853,2533
16853,15039
16853,3821
16853,2326
16853,2724
16853,6396
16853,21735
16853,13833
16853,13370
16853,15286
16853,14259
16853,4964
16853,13616
16853,12871
16853,22158
16853,15298
16853,2127
16853,21750
16853,12614
16853,15746
16853,14961
16853,11070
16853,23435
16853,1950
16853,17190
16853,11638
16853,19514
16853,21584
16853,6987
16853,14804
16853,13553
16853,21815
16853,11062
16853,2078
16853,11865
16853,19898
16853,1123
16853,22363
16854,3742
16854,2906
16855,6664
16856,3357
16856,7019
16857,20772
16858,18619
16859,210
16859,7133
16860,4514
16860,19263
16861,703
16861,10283
16862,6637
16862,12181
16863,15834
16863,8247
16864,9117
16864,8585
16864,5487
16865,5090
16866,4566
16867,12302
16868,2829
16868,3357
16868,4324
16869,702
16869,7019
16870,702
16870,2829
16871,3562
16872,210
16873,16606
16873,7133
16874,12768
16874,8929
16875,14260
16875,20016
16875,6430
16876,207
16876,7019
16877,4182
16878,702
16878,7019
16879,702
16879,19095
16880,9351
16881,2915
16881,3357
16882,8709
16883,578
16884,13031
16884,3304
16885,5484
16885,12302
16886,9122
16887,6664
16887,17680
16888,4496
16889,7775
16890,21977
16890,10467
16891,4324
16892,7739
16892,4231
16893,210
16893,702
16894,8343
16895,3314
16896,210
16896,1240
16897,1240
16897,4324
16898,7460
16898,4324
16899,702
16899,1240
16900,8834
16900,5386
16900,4527
16900,175
16900,6731
16901,210
16901,4324
16902,210
16903,8709
16904,8547
16904,787
16905,15268
16905,5007
16906,13999
16906,11538
16906,590
16906,18516
16906,18792
16906,20163
16906,1833
16906,11354
16906,7835
16907,4590
16907,8469
16907,3258
16907,3357
16908,5969
16908,8745
16909,3293
16909,6940
16909,15175
16909,175
16909,217
16909,3214
16909,20563
16909,20769
16909,2762
16909,13238
16909,18945
16909,2915
16909,17657
16909,17411
16909,21780
16909,3357
16909,10257
16909,9172
16910,8709
16910,12303
16911,1240
16911,7019
16912,8221
16913,702
16913,3550
16914,6698
16915,16048
16915,8780
16915,25133
16915,5988
16916,19887
16917,7834
16917,3357
16917,14961
16918,12553
16918,3550
16919,6747
16920,14362
16920,1669
16920,10914
16921,210
16921,12183
16922,3034
16922,15743
16922,3673
16922,15773
16923,12969
16923,24710
16924,210
16924,14727
16925,11854
16925,19025
16926,2059
16926,6518
16926,6396
16927,702
16928,702
16928,7019
16929,7019
16929,7133
16930,17703
16931,2857
16931,12391
16932,702
16932,210
16933,3603
16933,15291
16934,14745
16935,4571
16935,3303
16936,210
16937,14744
16938,702
16938,6396
16939,21247
16939,5252
16940,7019
16940,7133
16941,19963
16942,871
16942,175
16942,578
16942,6328
16942,6454
16943,19095
16943,5779
16944,8423
16944,20667
16944,3550
16945,702
16945,853
16946,11456
16946,20347
16946,2829
16946,24310
16947,8448
16947,8563
16948,4571
16949,20197
16949,22237
16949,20225
16949,7019
16949,3550
16950,3603
16950,702
16950,175
16950,10679
16950,22543
16951,1240
16952,3217
16952,8403
16953,6198
16953,4324
16954,8882
16954,16657
16955,20486
16956,5618
16957,8343
16957,20486
16958,210
16958,7386
16958,4324
16959,8448
16960,4949
16960,21590
16961,11173
16961,19333
16961,1240
16961,6504
16961,16532
16962,287
16962,3357
16963,12351
16963,8221
16964,16297
16964,8247
16965,5211
16965,22278
16966,17474
16967,17141
16967,13443
16967,10856
16967,22882
16967,15828
16967,14971
16967,7133
16967,12226
16967,7019
16968,17141
16968,19582
16968,7133
16968,23320
16968,20189
16968,22808
16968,7019
16968,1064
16969,19263
16970,18886
16970,7019
16971,2915
16972,7019
16973,6850
16973,15786
16974,1717
16974,3216
16975,3357
16975,14744
16976,20697
16977,210
16977,3562
16978,3258
16978,5512
16979,20805
16979,8247
16980,703
16981,7019
16981,4324
16982,4324
16983,8199
16984,702
16984,7019
16985,15558
16985,8221
16985,12877
16986,6462
16986,287
16986,3357
16987,7019
16987,7133
16988,20677
16988,15838
16989,1240
16989,6396
16989,7019
16990,2829
16990,14049
16991,14260
16992,175
16993,6518
16993,13791
16994,2860
16994,7382
16994,7019
16995,9133
16995,5670
16996,702
16996,1240
16997,19963
16998,1300
16998,3258
16998,3357
16999,1240
16999,7133
16999,22561
17000,702
17000,1240
17000,7019
17001,175
17001,3357
17001,13238
17002,10966
17002,6328
17003,175
17004,2915
17004,6462
17004,2857
17004,17646
17004,2687
17004,7019
17005,15704
17005,24643
17006,9154
17007,702
17007,2829
17008,9133
17008,20647
17009,703
17009,8423
17010,702
17010,7018
17011,702
17012,1240
17012,7019
17012,3550
17013,3562
17014,1240
17014,175
17015,6462
17015,7912
17016,12531
17017,11428
17018,22692
17019,210
17019,702
17020,4566
17020,1786
17021,702
17021,3562
17022,210
17022,3357
17023,5569
17024,3249
17024,8515
17025,175
17025,6080
17026,6462
17026,18141
17027,13194
17027,3304
17027,22514
17028,5519
17029,6462
17029,175
17030,8709
17031,7019
17031,6198
17032,11427
17033,702
17033,1240
17033,7019
17033,4324
17034,1240
17034,7019
17035,2857
17035,5463
17036,702
17036,10911
17036,14727
17036,7382
17037,19301
17037,9120
17038,16703
17039,8944
17039,5414
17040,1240
17041,2829
17042,9168
17043,702
17043,210
17044,6462
17044,1240
17045,702
17045,1240
17046,8085
17046,5965
17047,16609
17047,1240
17048,1240
17048,5669
17049,861
17050,7912
17050,1240
17051,175
17052,702
17052,6129
17053,1240
17053,7019
17054,703
17054,702
17054,3302
17055,13998
17055,18800
17055,2481
17055,6518
17055,6262
17055,15328
17055,10830
17055,19386
17055,23362
17055,18845
17055,757
17055,22559
17055,17193
17055,19262
17055,19667
17055,13367
17055,19457
17055,3784
17055,12098
17055,23194
17055,13387
17055,1199
17055,23472
17055,641
17055,22593
17055,11585
17055,1240
17055,23477
17055,19992
17055,23103
17055,13489
17055,4598
17055,1280
17055,17161
17055,702
17055,11101
17055,15266
17055,2704
17055,16796
17055,13334
17055,14741
17055,23204
17055,12384
17055,22174
17055,15339
17055,10
17055,22050
17055,11880
17055,3550
17055,23222
17055,22758
17055,22425
17055,13994
17055,2632
17055,3357
17055,16674
17056,211
17057,8733
17057,7914
17058,3217
17058,25309
17059,6396
17059,3357
17059,3550
17060,8199
17061,6462
17061,175
17061,17232
17061,4324
17062,1240
17062,2829
17063,703
17063,6831
17064,12884
17065,7019
17065,7133
17066,1240
17066,7019
17066,4324
17067,6540
17067,702
17068,3217
17068,3328
17068,8403
17069,1240
17069,10797
17070,22928
17070,7304
17071,702
17071,1240
17072,703
17072,702
17072,1240
17072,1274
17073,595
17074,702
17075,175
17076,8471
17076,21267
17076,4750
17077,7830
17077,4566
17078,21688
17079,702
17079,7019
17080,12128
17080,1653
17081,7019
17082,8515
17083,8765
17083,15441
17084,7862
17084,20486
17085,21502
17086,6741
17086,5193
17087,23384
17087,3202
17087,19963
17087,20300
17088,702
17089,702
17089,2871
17089,3357
17089,7019
17089,11487
17089,3562
17090,6182
17090,601
17091,703
17091,702
17092,4182
17093,21118
17093,9393
17094,22774
17094,7133
17095,1240
17095,14711
17096,11993
17097,210
17097,7133
17098,702
17099,210
17099,6396
17100,7912
17101,1240
17101,4324
17102,21295
17102,18580
17103,18973
17103,14752
17104,210
17104,4566
17105,210
17105,19263
17106,21220
17106,17479
17107,7912
17107,702
17107,17196
17107,1240
17108,12969
17108,20805
17109,6141
17109,6199
17109,15271
17110,6199
17110,22968
17111,10311
17112,6836
17112,7830
17113,6396
17113,7019
17114,14730
17114,22652
17114,11965
17114,7019
17114,12941
17114,14743
17115,10911
17115,12179
17116,21824
17116,19864
17116,13250
17116,3357
17116,6790
17116,12987
17117,702
17117,1240
17117,3357
17118,8718
17118,8721
17119,7067
17120,702
17120,2829
17120,12181
17121,6540
17121,612
17122,21220
17123,24642
17124,20723
17124,18355
17124,22135
17124,20707
17124,10357
17124,17278
17124,3494
17124,217
17124,14311
17124,21744
17124,13068
17124,5607
17124,19595
17124,19989
17124,3799
17124,18742
17124,17534
17124,18097
17124,18187
17124,13182
17124,10444
17124,21820
17124,19822
17124,18465
17124,22753
17124,18592
17124,3569
17124,5334
17124,3510
17124,8610
17124,4993
17124,2937
17124,16293
17124,5960
17124,17544
17124,10090
17124,10568
17124,22351
17124,2877
17124,19364
17124,16495
17124,3573
17125,8435
17125,720
17126,4750
17126,5268
17127,3414
17127,3082
17127,3301
17127,7005
17128,8709
17129,14986
17130,19152
17131,702
17131,1240
17132,24786
17132,20482
17132,20563
17133,14104
17134,1240
17135,8718
17135,16155
17136,7019
17136,601
17136,3113
17137,8710
17138,6747
17139,21220
17140,5484
17141,16967
17141,16968
17142,5484
17142,21147
17142,3900
17142,8932
17143,9029
17144,210
17144,1576
17145,210
17145,13792
17146,1240
17146,3357
17147,12742
17147,24725
17148,6430
17148,7005
17149,3742
17149,2906
17150,175
17150,23994
17150,3550
17151,702
17151,210
17152,6462
17152,10808
17152,1240
17152,7019
17152,3357
17152,10754
17152,3550
17153,21548
17154,210
17154,3913
17155,6462
17155,12970
17156,385
17157,6396
17158,703
17158,702
17158,210
17158,4324
17159,10912
17159,7019
17160,8221
17160,3216
17161,702
17161,17055
17162,702
17162,4005
17162,8221
17162,7019
17163,12043
17163,5007
17164,6182
17164,7729
17165,15596
17165,6850
17166,3357
17166,13362
17167,2829
17167,23382
17167,7019
17168,175
17169,702
17169,3357
17169,14743
17170,702
17170,7019
17171,702
17171,2829
17172,6664
17172,8709
17172,5607
17173,21012
17174,702
17174,1240
17175,3357
17175,12183
17176,6462
17176,1300
17176,5170
17176,17412
17176,11581
17176,5714
17177,12832
17178,6664
17179,16301
17179,8343
17180,4571
17181,7474
17181,2687
17181,2688
17181,3357
17182,3357
17183,6909
17183,3258
17184,5618
17184,8247
17185,2915
17185,1240
17185,7019
17185,3357
17186,10934
17187,702
17187,7019
17188,20805
17189,1240
17189,7019
17190,16853
17191,13250
17191,21377
17192,210
17192,7133
17193,17055
17194,6396
17194,7019
17195,702
17196,12043
17196,1240
17196,17107
17197,6326
17198,7748
17199,1902
17199,13238
17200,702
17200,7133
17201,102
17202,703
17202,5463
17202,8191
17203,8929
17204,19297
17204,7019
17205,287
17205,175
17205,15599
17205,3357
17206,8221
17207,210
17207,6439
17208,4324
17209,4961
17209,12875
17210,7386
17211,8882
17212,7019
17213,6664
17213,8709
17214,3321
17214,5606
17215,6022
17215,3308
17216,702
17216,7019
17217,210
17217,2829
17218,15595
17218,13238
17218,24612
17218,8973
17218,3321
17218,175
17218,3304
17218,217
17218,3357
17218,18419
17218,21502
17219,22514
17220,7019
17221,6800
17222,15271
17223,3550
17224,8264
17225,7019
17225,17229
17225,10003
17226,7019
17226,10003
17227,18889
17227,14745
17227,16764
17227,7019
17228,13091
17228,22546
17228,14627
17228,13868
17228,12180
17228,7019
17228,13450
17228,5732
17228,6485
17229,14365
17229,11087
17229,5659
17229,19632
17229,17399
17229,1113
17229,14746
17229,7019
17229,21960
17229,6607
17229,17225
17229,22788
17230,20480
17230,10637
17230,939
17230,7019
17230,19025
17231,22331
17231,21801
17231,14627
17231,13483
17231,7019
17232,13868
17232,10914
17232,13721
17232,17061
17232,2619
17232,14452
17232,1335
17232,7019
17233,10911
17233,13931
17233,5990
17233,7106
17233,14164
17233,11265
17233,21671
17233,7019
17233,5732
17234,7019
17234,10913
17235,58
17236,7019
17236,7133
17236,10797
17237,5079
17238,702
17239,22970
17240,12915
17241,6707
17241,5193
17242,20745
17242,15498
17243,25249
17243,5193
17244,8401
17245,21128
17246,3217
17246,2855
17247,703
17247,5090
17248,5382
17249,2829
17249,3562
17250,6504
17250,8152
17251,8221
17251,3304
17252,3217
17252,217
17253,703
17253,702
17254,11407
17254,702
17254,1240
17254,7019
17255,6462
17256,9122
17256,3602
17257,8552
17257,1681
17258,6462
17258,16151
17258,15704
17258,217
17259,9450
17260,7729
17260,4324
17261,8733
17261,4896
17262,4590
17262,12990
17262,20648
17263,175
17263,19263
17264,14647
17264,1240
17264,7019
17265,1240
17265,7019
17266,6664
17267,6408
17268,3562
17269,12252
17269,6129
17270,210
17271,15271
17272,19407
17272,19263
17273,22774
17273,7133
17274,367
17274,6454
17275,1240
17275,7019
17276,6462
17276,702
17277,7019
17278,17124
17279,2829
17279,4514
17280,6960
17281,210
17281,7133
17282,2857
17283,702
17283,7019
17284,702
17285,702
17285,3357
17286,16339
17287,11977
17288,11563
17288,8049
17289,1408
17289,11457
17290,702
17290,2829
17290,2686
17290,7019
17291,25075
17291,350
17292,11428
17292,4324
17293,3550
17294,210
17294,13944
17294,1240
17295,3550
17295,7133
17296,1240
17296,7133
17297,7019
17297,10797
17298,18991
17298,175
17299,8247
17300,1222
17301,702
17301,1240
17301,7019
17302,210
17302,3550
17303,702
17303,7019
17303,4324
17304,4324
17305,14990
17305,22692
17306,702
17307,7019
17308,3357
17309,1983
17310,8706
17311,15568
17311,1240
17311,11117
17311,7019
17312,3686
17312,19095
17313,17719
17313,12295
17314,6321
17314,8554
17314,10636
17314,3357
17315,210
17315,3562
17316,1240
17316,6396
17317,8882
17317,24638
17318,175
17318,1052
17319,6462
17319,3357
17319,3562
17319,3550
17320,8343
17320,12696
17321,703
17321,3210
17322,2665
17322,19053
17322,5384
17322,3258
17322,25342
17322,19966
17322,2974
17322,22975
17322,19034
17322,12696
17322,2256
17323,703
17323,6806
17324,702
17325,6396
17325,3755
17326,21264
17326,3321
17327,13229
17328,5540
17328,8221
17329,175
17329,578
17329,856
17329,853
17330,8403
17330,20486
17331,210
17332,23499
17333,7019
17334,1300
17334,4571
17335,3357
17335,3562
17336,6664
17337,13092
17338,175
17339,702
17339,18713
17339,7133
17340,601
17340,4324
17341,3247
17342,210
17343,10914
17343,3492
17343,6940
17344,1240
17345,6396
17345,1786
17346,8343
17347,175
17348,175
17348,6080
17349,5287
17349,16277
17349,12877
17350,7019
17350,6389
17351,6396
17351,19385
17351,15571
17351,7019
17351,7133
17351,14744
17352,12390
17352,20486
17353,12390
17354,15271
17354,1240
17355,8733
17355,20486
17356,21380
17357,10756
17357,175
17357,11198
17357,1785
17357,15781
17358,6462
17358,175
17358,217
17358,19152
17358,3357
17358,20563
17359,25184
17360,8874
17361,7019
17362,702
17362,175
17362,7019
17363,210
17363,6518
17364,3562
17365,3357
17366,21128
17367,702
17367,1240
17367,22774
17367,7019
17367,19263
17368,8877
17368,175
17368,17820
17368,13031
17368,7423
17368,3357
17369,2855
17370,175
17370,20002
17371,6396
17371,7019
17372,15291
17372,853
17373,15291
17373,853
17374,23535
17374,702
17374,3554
17374,23079
17374,13784
17374,16644
17374,14270
17375,6462
17375,702
17375,1669
17375,12180
17375,6940
17375,4324
17376,6747
17377,10464
17377,2821
17378,6518
17378,175
17378,12180
17379,10771
17379,6518
17379,1240
17379,736
17379,12061
17379,3550
17380,4415
17380,20117
17380,1644
17380,12136
17380,4413
17380,18480
17380,10955
17380,10705
17380,6126
17380,16736
17380,1642
17380,4509
17380,22056
17380,16686
17380,11433
17380,18882
17380,5512
17380,10734
17380,4406
17380,4399
17380,4497
17380,21572
17380,1667
17380,11339
17380,3918
17380,1240
17380,14841
17380,4503
17380,22130
17380,12137
17380,3152
17380,3102
17380,16595
17380,10898
17380,4488
17380,13879
17380,3550
17380,13168
17380,22877
17380,8142
17380,15181
17380,5773
17380,11707
17380,811
17381,15306
17382,7133
17383,3268
17384,20124
17385,702
17386,767
17387,702
17387,7019
17388,210
17388,6537
17389,4638
17389,6540
17389,175
17389,6945
17389,2517
17389,4324
17389,3550
17390,702
17390,13791
17391,4324
17392,1300
17393,6540
17393,864
17394,5638
17394,12898
17395,19894
17395,1240
17395,10912
17395,7019
17396,3293
17397,210
17397,4324
17398,702
17398,14538
17398,853
17399,14746
17399,10912
17399,4514
17399,19856
17399,17229
17399,4266
17399,14744
17399,12183
17400,7909
17400,22314
17401,3887
17401,5378
17401,11260
17401,8658
17401,1010
17401,16423
17402,16815
17402,22928
17402,11665
17402,7304
17403,13238
17403,3210
17404,2829
17404,3721
17405,210
17406,12881
17407,702
17407,7019
17408,6747
17409,9347
17409,17417
17409,9506
17409,4784
17409,15413
17409,4638
17409,2915
17409,24032
17409,9832
17409,7474
17410,17979
17410,9838
17410,7653
17410,18066
17410,7587
17410,7475
17411,3345
17411,19190
17411,16909
17411,15132
17412,17176
17413,9728
17413,702
17413,10027
17413,704
17413,4771
17413,9890
17414,9133
17414,15838
17415,15925
17416,8753
17416,4750
17417,17409
17417,9925
17418,1300
17418,5512
17419,8575
17419,2544
17420,8752
17421,9919
17421,9925
17421,18046
17422,3463
17423,5433
17423,6849
17424,18232
17424,704
17425,3217
17425,8343
17425,5969
17426,4766
17426,7471
17426,7694
17427,10202
17427,4756
17428,4751
17428,7694
17429,9309
17430,23842
17430,9801
17431,17624
17431,4838
17431,9801
17431,17639
17432,4809
17432,9810
17432,9820
17432,23845
17432,4019
17432,17965
17432,10213
17432,18246
17432,24404
17432,24417
17433,12742
17433,24725
17434,9659
17435,1222
17436,702
17436,10027
17436,704
17437,9584
17437,9499
17437,4756
17438,5128
17439,20489
17439,6806
17439,3357
17440,702
17440,704
17440,4756
17441,9133
17441,554
17442,175
17442,7995
17443,8583
17443,16238
17444,24004
17444,4638
17444,9499
17444,18106
17445,4749
17445,4636
17445,23876
17445,10027
17445,4658
17445,2517
17445,4767
17445,3321
17445,17991
17445,7019
17445,4624
17445,17990
17446,4777
17446,7617
17447,10224
17448,9499
17449,6413
17450,4059
17451,4762
17451,4788
17452,4636
17452,6644
17452,7474
17452,18025
17452,15413
17452,2517
17452,4796
17452,9990
17453,9300
17454,7634
17454,4756
17455,24214
17456,9557
17456,4847
17457,423
17458,17820
17459,4638
17459,1274
17460,4854
17460,10027
17461,4776
17462,1222
17463,8954
17463,12311
17464,175
17464,3321
17465,4789
17465,17972
17466,24472
17466,7474
17466,9499
17466,18102
17466,4756
17467,9584
17467,4756
17468,7475
17469,7471
17470,17642
17470,17928
17470,17495
17470,17976
17471,5088
17471,4756
17472,17495
17473,7715
17474,21876
17474,12757
17474,8718
17474,21378
17474,8391
17474,16966
17475,3217
17476,4619
17476,4751
17477,4776
17477,6649
17478,9838
17478,24318
17478,9411
17478,7638
17478,18256
17478,2765
17478,18359
17478,6986
17478,18350
17478,24047
17478,24376
17478,7475
17479,12508
17479,4641
17479,17106
17479,6850
17480,9932
17480,7694
17480,4622
17481,18201
17482,175
17483,19887
17483,19118
17484,4638
17484,9499
17485,5404
17485,8438
17486,9382
17486,4516
17487,9838
17487,18385
17487,9821
17487,17820
17487,10027
17487,704
17487,7720
17487,702
17487,9519
17487,2688
17487,4163
17487,7475
17487,24304
17487,10237
17487,7704
17487,18054
17487,18066
17487,17619
17487,7608
17488,9305
17489,18102
17489,9499
17489,4756
17490,4751
17490,7694
17491,17623
17492,6747
17492,8339
17492,9051
17493,702
17493,704
17494,21106
17494,19108
17494,20486
17495,24565
17495,24317
17495,9231
17495,24324
17495,5401
17495,4171
17495,4174
17495,5319
17495,4115
17495,4319
17495,4377
17495,24343
17495,24482
17495,23689
17495,3492
17495,4564
17495,23924
17495,5169
17495,24557
17495,4085
17495,4176
17495,9833
17495,24309
17495,23957
17495,5112
17495,4118
17495,4682
17495,23992
17495,4618
17495,4124
17495,17470
17495,24433
17495,4125
17495,703
17495,5188
17495,702
17495,4155
17495,17472
17495,4594
17495,24390
17495,18231
17495,4170
17495,4862
17495,4108
17495,4102
17495,23705
17495,4534
17495,24508
17495,24123
17495,7474
17495,5323
17495,4561
17495,4316
17496,4326
17496,18102
17497,1765
17497,13647
17498,8208
17498,20745
17499,9444
17499,4740
17500,4742
17500,4751
17501,20570
17502,11920
17503,702
17503,704
17504,4590
17504,8930
17505,4726
17505,4717
17505,2916
17506,4726
17507,9226
17507,18135
17507,3961
17507,2517
17507,10011
17507,23626
17507,24279
17507,2915
17507,7506
17507,17700
17507,4710
17508,20745
17509,8768
17509,3210
17510,2915
17510,2517
17511,2915
17512,2498
17512,24296
17512,10027
17512,9359
17512,23622
17512,2517
17513,4726
17513,2498
17514,17677
17514,4714
17515,4717
17515,2520
17516,17530
17516,15413
17517,2915
17517,2498
17518,8471
17518,8733
17519,17956
17520,8768
17520,8197
17521,12407
17522,4726
17522,23818
17522,17686
17523,16171
17524,2908
17524,4714
17525,2915
17525,2498
17526,6850
17526,15773
17527,2498
17528,8929
17529,4714
17530,17516
17530,2498
17530,10027
17530,2517
17530,15413
17530,17697
17531,4726
17531,4717
17532,23819
17532,2915
17532,10027
17532,9371
17532,2517
17532,23811
17533,2908
17533,4714
17534,17124
17535,17962
17535,2498
17535,23833
17535,4714
17535,15413
17535,2517
17535,24289
17536,2765
17537,7544
17537,702
17537,23647
17537,9500
17537,704
17537,4830
17538,4636
17538,704
17538,9382
17539,18053
17539,18060
17539,17728
17540,17558
17541,9305
17542,5618
17543,21152
17544,17124
17544,8199
17545,6747
17545,8709
17545,15472
17546,4789
17546,10027
17547,18862
17548,4638
17548,7474
17548,6966
17548,10027
17548,704
17548,4658
17549,4658
17550,6850
17550,17685
17550,15366
17551,4776
17551,9300
17552,9943
17552,4765
17553,7471
17554,4059
17555,24335
17555,4636
17555,4059
17555,10027
17555,15413
17555,6454
17556,10027
17557,4751
17557,7471
17558,6763
17558,9941
17558,5046
17558,9558
17558,7044
17558,9542
17558,5401
17558,702
17558,17912
17558,24500
17558,18174
17558,23889
17558,17540
17558,7591
17558,23967
17558,23675
17558,23751
17558,17788
17558,4479
17558,17564
17559,15758
17560,9838
17560,10027
17561,9045
17561,3747
17562,702
17562,704
17562,24395
17563,9838
17563,7475
17564,17558
17564,8002
17564,15413
17565,2043
17565,4789
17566,4751
17566,4652
17566,2915
17566,23928
17566,6252
17566,9931
17566,6454
17566,7614
17567,10224
17568,4767
17568,3787
17569,8343
17570,4767
17570,3787
17571,3787
17571,18303
17572,12969
17572,12832
17573,12969
17573,5618
17573,8546
17574,9458
17575,9317
17576,18303
17577,4767
17578,18303
17578,9458
17579,18303
17580,1238
17580,11538
17580,19402
17580,7498
17580,2154
17581,9769
17582,18303
17582,9458
17583,24786
17583,20563
17584,3787
17584,9458
17584,18303
17585,4767
17585,9769
17585,9319
17586,9951
17587,9849
17587,3787
17588,9849
17588,4671
17589,4767
17589,9319
17589,3787
17590,15018
17590,3328
17590,9430
17590,3217
17590,1300
17590,15906
17590,8632
17590,20319
17590,217
17590,20509
17591,9319
17592,4767
17592,3787
17593,4767
17593,9849
17593,9319
17593,3787
17594,5618
17594,8365
17595,9319
17595,3787
17596,1238
17597,5401
17597,3321
17598,9849
17598,9319
17599,3787
17599,18303
17600,4767
17600,3787
17601,9769
17602,4767
17602,3787
17603,9317
17603,9769
17604,4767
17604,3787
17605,6579
17605,13229
17606,6462
17606,16151
17606,23353
17606,217
17607,702
17607,6620
17607,704
17608,3270
17609,702
17609,3787
17609,704
17609,18303
17610,18303
17611,4767
17611,3787
17612,3217
17612,20073
17612,217
17613,9849
17614,4767
17614,3787
17615,4767
17615,3787
17616,4767
17616,3787
17617,4767
17617,18303
17618,3759
17618,4658
17619,17487
17620,9305
17621,4809
17622,24332
17622,4838
17622,17740
17622,5532
17622,23854
17622,17964
17622,23846
17622,24428
17622,24142
17622,23851
17622,17776
17623,24427
17623,9930
17623,9395
17623,9392
17623,4838
17623,9585
17623,17491
17624,17431
17624,23849
17624,9930
17624,24414
17624,4838
17624,10696
17624,23843
17624,18119
17625,18102
17625,4756
17626,18102
17626,9499
17626,4756
17627,12303
17627,9051
17628,18002
17628,24078
17628,22352
17628,4756
17629,3321
17630,3217
17630,6732
17631,17820
17632,24639
17632,5577
17633,7475
17633,2765
17634,24144
17634,24402
17634,17774
17634,4135
17635,4751
17636,17919
17637,9657
17637,9227
17638,24972
17639,23842
17639,17431
17639,23841
17639,17965
17639,4135
17639,9815
17639,18119
17640,18195
17640,9300
17640,24552
17640,6649
17641,4750
17642,17470
17642,24123
17643,25225
17643,19283
17643,17899
17643,1300
17643,928
17643,22290
17643,14377
17643,18160
17643,5933
17643,8878
17643,3921
17643,19471
17643,20666
17643,9114
17643,12983
17643,18148
17643,4798
17643,15942
17643,16003
17643,9818
17643,17892
17643,18766
17643,70
17643,21280
17643,8740
17643,13307
17643,3321
17643,21674
17643,12796
17643,5106
17643,3578
17643,2508
17643,24965
17643,1839
17643,18632
17643,13141
17643,175
17643,23589
17643,22641
17643,18990
17643,3638
17643,9567
17643,20683
17643,3909
17643,18753
17643,3357
17644,10625
17644,1300
17644,8821
17645,8929
17646,5008
17646,2915
17646,702
17646,17004
17646,704
17647,8993
17647,8515
17648,1222
17648,3550
17649,9499
17650,4769
17650,10027
17651,3302
17651,2875
17652,3217
17652,24627
17653,8585
17653,5487
17654,24565
17654,10027
17654,3492
17654,23952
17655,17919
17655,1222
17656,6747
17656,8709
17657,16909
17657,15132
17658,4638
17658,17889
17659,4762
17659,9327
17660,23650
17660,17669
17660,10027
17660,7475
17661,11920
17661,5401
17661,2517
17662,6462
17662,13647
17663,10224
17664,24184
17664,23604
17664,9344
17664,4771
17665,1482
17665,1258
17665,21196
17666,7995
17667,2915
17667,2043
17667,4789
17667,4402
17668,3302
17668,3239
17669,9943
17669,23887
17669,24477
17669,17764
17669,24101
17669,23723
17669,24554
17669,17660
17669,9717
17669,24014
17669,9464
17670,702
17670,9730
17670,704
17671,4762
17671,4796
17672,18107
17672,4342
17672,24199
17673,9813
17673,24423
17673,24461
17673,4135
17673,4072
17674,2498
17674,9226
17674,10027
17675,7995
17676,10027
17676,17696
17676,6304
17676,4921
17676,23664
17676,18144
17676,3763
17676,23962
17676,2517
17676,2915
17676,13793
17676,4726
17676,152
17676,23765
17676,23831
17676,24274
17677,18283
17677,2916
17677,23795
17677,2498
17677,24257
17677,24297
17677,2517
17677,17931
17677,23791
17677,23814
17677,3964
17677,23630
17677,9594
17677,24259
17677,7683
17677,18269
17677,7664
17677,4683
17677,18070
17677,24281
17677,18075
17677,18087
17677,23968
17677,9615
17677,4695
17677,2915
17677,23637
17677,4726
17677,24271
17677,17957
17677,17514
17677,23886
17678,2498
17678,4717
17679,2915
17679,9371
17680,16184
17680,5484
17680,20723
17680,16887
17681,2915
17681,2498
17682,6800
17683,4714
17683,10011
17684,2915
17684,4717
17685,7737
17685,17550
17685,6847
17686,24513
17686,1240
17686,18267
17686,24230
17686,18147
17686,10027
17686,7683
17686,4865
17686,23785
17686,23930
17686,4165
17686,2517
17686,2915
17686,24337
17686,17522
17686,4190
17687,23836
17687,2915
17687,2498
17687,2520
17687,17708
17688,4616
17688,20486
17689,4726
17690,7683
17690,15413
17690,4717
17691,6771
17692,17698
17692,4714
17692,7671
17693,9226
17693,18141
17694,4726
17694,4717
17695,4638
17695,10027
17696,17676
17696,4717
17697,17530
17697,24278
17697,2517
17698,7525
17698,23777
17698,9353
17698,23629
17698,7661
17698,4699
17698,18264
17698,3968
17698,18082
17698,15413
17698,18093
17698,24285
17698,1669
17698,9355
17698,23621
17698,4717
17698,4140
17698,17708
17698,4710
17698,2498
17698,23640
17698,17954
17698,7531
17698,3951
17698,18276
17698,2517
17698,10011
17698,9598
17698,2915
17698,24295
17698,18270
17698,17692
17699,4726
17699,2498
17699,23824
17699,2517
17700,17507
17701,6771
17702,2908
17702,7680
17703,8435
17703,22123
17703,16930
17704,9197
17704,3258
17704,6940
17704,175
17704,998
17704,217
17704,3214
17704,5090
17705,3258
17705,6909
17705,3357
17706,17747
17706,7715
17706,4649
17707,4646
17707,4516
17708,17687
17708,17698
17708,10027
17708,15413
17708,2520
17709,3321
17710,9416
17710,3492
17710,18430
17710,9672
17710,18416
17710,15413
17710,7483
17710,18180
17711,2915
17711,9506
17711,704
17712,7540
17713,7540
17714,7540
17714,9265
17715,2999
17715,12531
17715,13250
17715,25266
17715,15462
17716,3217
17716,9141
17716,12696
17717,7540
17717,9265
17717,9506
17718,4941
17718,4105
17718,1928
17719,25083
17719,25175
17719,3256
17719,17313
17719,6534
17720,15436
17721,10085
17722,9300
17723,703
17723,8545
17723,8221
17723,16456
17724,8324
17724,8247
17725,4751
17725,7694
17726,7701
17727,9932
17727,7644
17727,5212
17728,4623
17728,24534
17728,23954
17728,17539
17728,4762
17728,18104
17728,7052
17728,10115
17728,24527
17728,4383
17728,4360
17729,9823
17730,7475
17731,5401
17731,16339
17732,16203
17733,10224
17734,7611
17734,4658
17735,9730
17735,702
17735,24219
17735,704
17736,20964
17737,9931
17737,24029
17738,4740
17739,15983
17739,8617
17740,4813
17740,17622
17741,22123
17742,24131
17743,5618
17743,20854
17744,6831
17744,3304
17745,12302
17745,3341
17746,7475
17747,24399
17747,17706
17747,10027
17747,704
17747,18200
17747,702
17747,24467
17747,9560
17747,10023
17748,9830
17749,16087
17750,4776
17751,1222
17752,15837
17753,8709
17754,25087
17754,3254
17755,9499
17755,4756
17756,702
17756,704
17756,1222
17756,7475
17757,1222
17757,7475
17758,7475
17759,7475
17760,9305
17760,4516
17761,5969
17762,4776
17763,4756
17764,17669
17765,9305
17765,4529
17766,10224
17766,1222
17767,2915
17767,702
17767,704
17768,13308
17768,12453
17769,9943
17769,7475
17770,4762
17770,24204
17771,1240
17771,22352
17771,4756
17771,9330
17772,9499
17773,4809
17773,4848
17774,17634
17774,4838
17774,9801
17775,175
17776,4813
17776,17622
17777,4809
17778,9803
17779,6462
17779,287
17779,6940
17779,19681
17779,3550
17779,16817
17779,18961
17779,8002
17779,217
17779,3357
17779,6454
17780,9813
17780,4813
17781,12551
17782,4809
17782,4848
17783,8673
17784,18102
17784,9499
17784,4756
17785,1760
17785,720
17786,23852
17786,4135
17787,9584
17787,4756
17788,17558
17788,15413
17788,7591
17789,15558
17789,3216
17790,12969
17790,18047
17790,12742
17790,24725
17791,6462
17791,1300
17792,12390
17792,21098
17793,4771
17794,9305
17795,10119
17796,3256
17797,24915
17797,9394
17797,21147
17797,5607
17798,6850
17799,3321
17799,1268
17799,9883
17800,23840
17800,4135
17801,18060
17801,23949
17802,8427
17802,8898
17802,8929
17802,6940
17803,9838
17803,3787
17803,9305
17803,7475
17804,18102
17805,5607
17806,10084
17806,7475
17807,5618
17808,8929
17808,3321
17809,702
17809,704
17809,7658
17810,9920
17810,9417
17811,9499
17811,4756
17812,10027
17812,9300
17813,10224
17813,10027
17814,18102
17814,4756
17815,7706
17816,20498
17817,9395
17817,4838
17817,9392
17817,18023
17817,24496
17817,7577
17817,9930
17817,17965
17817,17963
17818,9499
17818,4756
17819,15975
17819,16791
17819,290
17819,2855
17820,18222
17820,18193
17820,4740
17820,23969
17820,17889
17820,10212
17820,18067
17820,9721
17820,1222
17820,24571
17820,4636
17820,2517
17820,10224
17820,24346
17820,4372
17820,9444
17820,4442
17820,16816
17820,4799
17820,10027
17820,9220
17820,24106
17820,18105
17820,17631
17820,23353
17820,5425
17820,23879
17820,24478
17820,17890
17820,10613
17820,10146
17820,2915
17820,17487
17820,210
17820,6397
17820,17458
17820,4726
17820,18383
17820,23687
17820,9267
17820,24470
17820,17368
17820,18118
17821,9238
17821,9499
17821,22108
17821,9911
17821,4756
17822,13031
17822,6731
17823,3321
17823,8527
17824,4619
17825,4636
17825,9305
17825,9382
17826,702
17826,9499
17826,18102
17826,704
17827,24531
17827,24521
17827,18395
17827,24203
17827,9252
17827,24524
17827,24200
17827,24198
17827,24523
17827,18380
17827,4358
17827,23951
17827,9341
17827,18113
17827,18348
17827,23954
17827,6632
17827,18005
17827,4762
17827,23700
17827,4615
17827,24526
17827,7052
17827,24204
17827,24214
17827,24199
17827,9327
17828,9932
17828,4622
17829,7912
17829,4638
17830,9838
17830,1222
17831,8929
17831,8221
17832,4516
17833,3609
17833,9495
17833,9850
17833,9701
17834,9849
17834,9319
17835,3787
17836,4767
17836,9319
17837,9319
17838,9849
17838,3787
17839,9458
17839,18303
17840,3787
17840,10027
17841,4767
17841,3787
17842,3609
17842,23576
17842,4672
17842,23578
17842,9951
17843,9769
17843,18303
17844,9317
17844,9271
17845,9319
17845,3787
17846,9319
17847,6747
17848,4767
17849,9128
17850,9319
17850,3787
17850,9458
17851,10027
17851,15413
17851,18303
17852,9317
17852,9769
17853,3787
17853,18303
17854,3787
17855,9319
17855,3787
17855,9458
17856,5401
17856,8221
17857,4767
17857,3787
17858,9849
17859,9849
17859,3787
17860,4767
17860,3787
17861,4767
17861,9319
17862,4767
17863,4767
17864,4767
17864,3787
17865,3787
17865,9319
17865,9458
17866,9317
17866,9769
17867,1238
17867,9271
17868,4767
17868,9458
17869,4767
17870,9317
17870,9769
17871,4767
17871,3787
17872,9849
17872,9319
17873,4767
17874,9319
17874,18303
17875,9317
17875,9769
17876,9319
17877,18303
17877,9458
17878,9319
17879,4767
17880,4767
17880,3787
17880,9319
17881,4767
17881,18303
17882,3787
17883,24321
17883,7474
17884,4135
17885,4796
17885,23949
17886,18107
17886,24208
17886,7474
17886,24204
17886,10027
17887,12671
17887,8221
17888,7471
17888,7694
17889,23986
17889,17820
17889,10027
17889,4363
17889,3759
17889,24113
17889,7210
17889,4431
17889,24334
17889,17658
17889,4636
17889,17973
17889,9907
17889,23649
17889,5127
17889,7474
17889,10099
17889,7706
17890,9943
17890,17820
17891,9724
17892,5993
17892,17643
17892,14126
17893,6806
17893,9122
17894,11920
17894,6454
17895,4776
17896,24180
17896,4776
17896,10027
17896,10097
17896,9498
17896,702
17896,4760
17896,9928
17897,4135
17898,17969
17898,4135
17899,17643
17900,8939
17900,12742
17901,4787
17902,12671
17902,15558
17903,8403
17903,4949
17904,9499
17904,18102
17904,4756
17905,9330
17906,1240
17906,1274
17907,1222
17907,7475
17908,20498
17909,9149
17910,8745
17910,20486
17911,703
17911,20723
17911,20091
17911,8199
17911,18885
17912,17558
17913,6540
17913,1300
17913,24786
17913,6940
17913,13238
17913,14376
17913,175
17913,8002
17913,3304
17913,217
17913,3214
17914,7474
17914,9499
17915,9029
17915,5512
17916,20563
17917,4638
17917,4238
17917,9584
17917,1222
17917,3550
17918,24187
17918,9499
17919,24542
17919,7632
17919,9821
17919,10027
17919,9550
17919,17636
17919,7704
17919,7720
17919,2765
17919,10085
17919,7605
17919,24503
17919,10079
17919,17655
17920,3256
17921,18118
17922,9659
17922,6649
17923,13102
17923,1300
17923,175
17923,3321
17923,3492
17923,217
17923,9501
17923,19974
17924,4135
17925,9475
17926,18234
17927,4658
17928,4638
17928,9833
17928,17470
17928,23948
17928,9658
17928,5512
17929,1222
17929,7475
17930,4638
17930,4516
17931,7515
17931,17677
17931,24272
17931,10027
17931,24260
17931,15413
17931,17958
17931,2915
17931,18275
17931,18288
17931,9366
17932,2915
17932,7530
17932,4695
17933,2908
17933,2501
17933,7669
17934,12334
17935,7661
17935,4714
17936,5584
17936,3301
17937,9355
17937,9371
17937,4717
17938,4726
17939,15498
17940,9825
17940,4726
17940,2498
17941,9371
17941,4717
17942,2915
17942,2498
17942,23662
17942,4717
17942,23927
17943,2915
17943,6909
17944,2908
17944,2498
17945,2908
17945,4726
17946,4726
17946,10016
17947,2908
17948,2517
17948,17952
17949,9371
17950,2501
17950,4714
17951,2498
17951,4683
17952,2915
17952,17948
17952,2498
17952,9359
17953,8867
17954,17698
17954,4679
17955,24972
17956,4726
17956,9371
17956,17519
17957,7661
17957,17677
17958,17931
17958,2517
17958,4717
17959,2915
17959,4726
17959,15413
17959,3970
17960,9602
17961,2908
17961,9371
17962,9825
17962,23779
17962,4726
17962,2520
17962,17535
17963,17817
17963,9930
17963,24147
17963,18119
17964,17622
17965,17817
17965,4838
17965,4848
17965,7498
17965,17432
17965,17639
17966,21220
17967,9801
17968,3357
17969,4838
17969,17898
17970,4838
17970,4848
17971,8448
17971,4640
17972,4789
17972,24219
17972,17465
17973,10027
17973,704
17973,17889
17973,4516
17974,9498
17974,10027
17974,9300
17975,7714
17976,17470
17976,23689
17976,6618
17976,704
17976,9238
17976,702
17976,4473
17976,10221
17976,6454
17976,18231
17977,11920
17977,9238
17977,22352
17977,17982
17978,2915
17978,7474
17979,10205
17979,9294
17979,7475
17979,17410
17980,7544
17981,2915
17981,21147
17982,7553
17982,17977
17982,7644
17983,8403
17984,1222
17984,2765
17985,9926
17986,15896
17987,4988
17987,20486
17988,2765
17989,702
17989,4636
17989,18113
17989,9792
17989,704
17990,17445
17991,17445
17991,4636
17991,10027
17991,2707
17992,20851
17993,24219
17994,23650
17995,12742
17995,8247
17996,11920
17996,24199
17997,4638
17997,7474
17997,7714
17997,4796
17998,3446
17998,2693
17998,6779
17998,24725
17998,8247
17998,15834
17999,20798
17999,3250
18000,5387
18001,10224
18002,23650
18002,4789
18002,1240
18002,17628
18003,9499
18003,4756
18004,15659
18005,17827
18006,8554
18007,4649
18008,5618
18009,14942
18010,9498
18010,10225
18010,6649
18011,10224
18011,7475
18012,9192
18012,2857
18013,8221
18013,3210
18014,702
18014,704
18015,367
18015,6321
18016,4726
18016,4717
18017,6664
18018,8343
18019,9300
18019,6454
18020,15695
18020,5660
18020,24710
18021,10224
18021,9444
18022,4769
18022,704
18023,17817
18024,4767
18024,3787
18025,24204
18025,17452
18025,4796
18026,8229
18026,3216
18027,4767
18027,1238
18027,9271
18027,3787
18028,4767
18028,3787
18029,4767
18029,9271
18029,3787
18030,4767
18031,15695
18031,8309
18032,4767
18032,3787
18033,4767
18034,18169
18034,9319
18035,4767
18035,1238
18036,4767
18036,3787
18037,8867
18037,9128
18038,9838
18038,7544
18039,4767
18039,3787
18040,5378
18040,6737
18041,9920
18041,9677
18042,9832
18043,18044
18043,10027
18043,3492
18043,18412
18043,9417
18044,18043
18044,10027
18045,9919
18046,17421
18046,4781
18046,9925
18047,17790
18048,7540
18049,12990
18049,20563
18050,9920
18050,9925
18051,8427
18051,5090
18052,24786
18052,9144
18053,23667
18053,17539
18053,9730
18053,702
18053,4762
18053,704
18054,17487
18054,2765
18055,8709
18056,1222
18056,7475
18057,24204
18057,10027
18058,1222
18058,7475
18059,1300
18059,12794
18060,3584
18060,18394
18060,17801
18060,13590
18060,9238
18060,17539
18060,24208
18060,4762
18060,24204
18060,5119
18060,4796
18060,6245
18061,6850
18062,25309
18062,20319
18062,19206
18063,7573
18064,15410
18065,20418
18065,21192
18066,17487
18066,17410
18067,17820
18068,9994
18069,2517
18069,2520
18070,17677
18071,4726
18071,2517
18071,2511
18072,4726
18072,4689
18073,2915
18073,4714
18074,4949
18074,12696
18074,3278
18075,2498
18075,17677
18076,4722
18076,7671
18077,7691
18078,4726
18078,4714
18078,2517
18078,7671
18079,7673
18080,6664
18080,8709
18081,9371
18082,2498
18082,17698
18082,4714
18082,2517
18083,2519
18083,2511
18084,20697
18085,21220
18086,10027
18086,2517
18087,17677
18087,10027
18088,2908
18088,4714
18089,4726
18089,7680
18090,2517
18090,4717
18091,2915
18091,9371
18092,4714
18093,23793
18093,17698
18093,4722
18093,4714
18094,3357
18095,2498
18095,2517
18096,8427
18096,15410
18097,703
18097,17124
18097,8199
18098,9371
18099,21311
18100,1222
18101,15695
18101,20961
18102,23958
18102,10030
18102,17904
18102,3301
18102,23996
18102,4707
18102,24472
18102,18230
18102,17626
18102,9397
18102,7634
18102,24237
18102,4106
18102,17784
18102,23902
18102,4175
18102,4795
18102,9584
18102,17826
18102,17625
18102,24010
18102,17466
18102,17814
18102,9626
18102,24110
18102,21434
18102,7009
18102,9831
18102,24572
18102,7168
18102,2698
18102,10202
18102,15413
18102,17804
18102,9830
18102,702
18102,23683
18102,4073
18102,18106
18102,17489
18102,4925
18102,5002
18102,17496
18102,9555
18102,10078
18102,6466
18102,9348
18102,3919
18102,24217
18102,24540
18103,702
18103,704
18104,17728
18105,9943
18105,18222
18105,17820
18105,6454
18105,7475
18106,9499
18106,18102
18106,24478
18106,24010
18106,17444
18107,4766
18107,10027
18107,704
18107,15413
18107,703
18107,702
18107,7474
18107,9256
18107,3321
18107,17886
18107,17672
18108,9838
18108,4982
18108,704
18109,702
18109,704
18109,24571
18109,7475
18110,2915
18110,9506
18110,9920
18111,10224
18112,9943
18112,2765
18113,17989
18113,24214
18113,17827
18114,9912
18114,704
18115,9300
18115,6454
18116,12671
18117,8540
18117,19221
18117,16017
18117,8438
18118,2915
18118,18201
18118,17820
18118,17921
18118,9250
18118,7475
18119,17624
18119,4049
18119,24147
18119,4838
18119,4848
18119,17963
18119,17639
18120,10027
18120,7658
18121,9499
18121,4756
18122,4726
18122,4714
18123,3302
18123,3247
18124,2908
18124,4714
18125,2908
18125,4714
18126,2908
18126,7661
18126,2517
18127,4726
18127,2498
18127,4717
18128,7661
18128,2908
18128,23794
18128,3489
18128,2517
18129,2908
18130,23643
18131,8343
18131,5205
18131,2526
18131,24847
18131,20721
18131,16652
18132,2915
18132,4714
18133,8552
18133,1681
18134,2517
18135,4726
18135,17507
18136,4714
18136,2517
18137,2915
18137,4714
18138,8867
18139,9371
18140,2517
18140,10011
18141,23621
18141,9364
18141,17693
18141,17026
18141,4695
18142,7683
18142,4726
18143,2916
18144,17676
18144,4726
18145,7671
18146,5604
18147,7683
18147,17686
18148,17643
18149,2908
18149,4714
18150,2915
18150,23775
18150,24253
18150,2517
18151,9825
18151,23636
18151,7680
18151,4714
18152,702
18152,10027
18152,704
18153,23402
18153,8199
18154,6632
18155,9838
18155,10027
18156,8818
18157,4762
18157,24204
18158,4767
18159,4767
18159,3787
18160,17643
18161,4767
18161,3787
18162,4767
18162,3787
18163,8882
18163,5489
18163,20027
18164,4767
18164,3787
18165,4767
18165,3787
18166,10224
18166,702
18166,704
18167,5092
18168,9499
18168,3301
18168,4756
18169,18034
18169,18303
18170,4767
18170,3787
18171,4767
18172,4767
18173,9499
18173,4756
18174,17558
18174,15413
18175,4767
18175,3787
18176,9319
18176,3787
18177,4767
18177,3787
18178,7540
18179,2688
18180,9506
18180,3463
18180,17710
18180,4748
18181,9832
18182,7540
18182,4783
18182,9265
18183,2915
18183,9506
18183,3492
18184,18427
18184,7540
18184,9265
18184,9506
18185,21438
18186,1660
18186,18421
18186,9917
18186,9506
18187,6664
18187,17124
18188,9498
18188,13322
18189,9498
18189,6164
18190,24522
18190,9341
18190,24533
18190,24535
18190,9238
18190,24078
18190,24400
18190,4378
18190,9786
18191,9071
18192,7475
18193,702
18193,17820
18193,704
18194,8126
18194,20805
18195,17640
18196,3217
18196,8403
18197,4756
18198,21438
18198,13189
18199,9117
18200,9304
18200,17747
18200,10027
18200,9902
18201,17481
18201,13590
18201,18118
18202,702
18202,24342
18202,7586
18202,704
18202,2765
18203,23656
18204,3217
18204,1300
18205,9305
18205,4516
18206,4751
18207,702
18207,10027
18208,9499
18209,702
18209,704
18209,7475
18210,3258
18211,9838
18211,2765
18212,15558
18213,24436
18214,3293
18214,5679
18215,4776
18215,10027
18216,1258
18216,3247
18217,4516
18218,703
18218,702
18219,3663
18219,4516
18220,704
18220,4658
18220,3759
18221,5679
18221,6668
18222,17820
18222,4721
18222,18105
18223,9499
18223,4756
18224,20961
18224,8247
18225,9912
18225,4658
18226,21128
18227,12742
18228,4629
18229,4629
18229,4658
18229,3759
18230,9499
18230,18102
18231,17495
18231,17976
18232,9473
18232,17424
18232,4569
18232,9911
18232,6376
18232,4756
18233,7587
18234,10027
18234,24545
18234,17926
18235,9305
18236,3321
18236,3258
18237,8247
18238,9089
18239,15409
18239,8188
18239,5607
18240,4809
18240,4848
18241,8673
18241,12830
18242,4809
18243,9930
18244,13102
18244,1300
18244,5857
18244,16775
18244,6454
18245,15841
18246,24496
18246,4848
18246,7498
18246,17432
18247,9122
18248,16224
18249,7475
18250,4776
18251,9838
18251,2765
18252,22283
18252,25234
18252,24732
18253,9932
18254,4789
18254,9931
18255,8427
18255,24868
18255,8221
18256,17478
18257,4619
18257,4777
18258,7630
18258,4776
18259,4638
18259,2915
18259,10027
18260,2915
18260,4714
18261,2915
18261,7515
18261,4714
18262,6779
18263,15925
18263,9122
18264,17698
18264,4726
18265,10016
18265,4726
18266,10022
18266,4717
18267,7683
18267,7515
18267,17686
18268,2908
18268,4714
18269,4726
18269,17677
18269,4714
18270,2915
18270,17698
18270,4726
18271,8401
18272,2517
18272,10011
18273,4726
18273,7671
18274,4717
18275,17931
18276,2515
18276,17698
18277,2908
18277,4717
18278,3314
18278,3303
18279,9825
18279,4717
18280,4714
18280,2505
18281,1669
18281,5090
18282,4681
18282,4714
18283,2915
18283,7515
18283,4726
18283,17677
18283,2517
18284,9825
18284,9375
18285,4714
18285,2511
18286,3321
18286,12886
18286,3258
18286,3357
18286,15413
18287,2908
18287,4717
18288,17931
18289,8554
18289,16354
18289,5714
18290,2688
18291,9371
18291,7671
18292,702
18292,2688
18292,704
18292,2765
18293,10224
18293,7475
18294,4638
18294,1240
18294,4126
18295,3787
18295,4671
18296,4767
18296,3787
18297,5618
18298,1238
18299,4767
18299,1238
18299,9271
18299,3787
18299,9319
18300,4767
18300,3787
18301,4767
18301,1238
18302,16611
18303,5853
18303,5934
18303,4245
18303,5865
18303,4283
18303,4210
18303,10155
18303,9782
18303,6077
18303,9713
18303,17617
18303,23983
18303,24363
18303,23581
18303,5849
18303,17610
18303,6056
18303,10055
18303,9773
18303,6050
18303,9629
18303,4638
18303,4207
18303,9712
18303,5981
18303,9525
18303,4241
18303,6045
18303,5903
18303,17576
18303,5875
18303,4214
18303,23991
18303,4240
18303,6065
18303,4242
18303,10027
18303,9699
18303,17839
18303,6001
18303,15413
18303,10180
18303,702
18303,2386
18303,23560
18303,18307
18303,10188
18303,10053
18303,5885
18303,17579
18303,17851
18303,9576
18303,5942
18303,7628
18303,4252
18303,4237
18303,17571
18303,17853
18303,9958
18303,9872
18303,5924
18303,4206
18303,10175
18303,10063
18303,9686
18303,5991
18303,9277
18303,4215
18303,17874
18303,9982
18303,9709
18303,17881
18303,17843
18303,5886
18303,9647
18303,9863
18303,4281
18303,9574
18303,10184
18303,17582
18303,17877
18303,6078
18303,10195
18303,5882
18303,5926
18303,18169
18303,4243
18303,9319
18303,17599
18303,9694
18303,704
18303,9972
18303,18319
18303,9456
18303,17578
18303,5943
18303,5922
18303,5982
18303,4251
18303,9695
18303,23586
18303,4216
18303,9637
18303,10192
18303,6055
18303,5894
18303,5947
18303,9976
18303,17584
18303,6004
18303,9643
18303,3358
18303,4793
18303,10069
18303,5949
18303,9758
18303,2915
18303,9978
18303,9702
18303,6008
18303,17609
18304,4767
18304,3787
18305,4767
18305,9319
18306,4767
18306,3787
18307,18303
18307,9458
18308,9951
18309,23578
18309,9951
18310,9849
18310,3787
18311,9319
18311,3787
18311,9458
18312,9849
18312,9319
18313,4767
18313,9317
18314,4211
18314,4671
18315,4767
18316,4767
18316,3787
18317,9769
18317,9951
18318,4767
18318,3787
18319,9849
18319,18303
18320,4767
18320,3787
18321,4767
18321,3787
18322,4767
18322,3787
18323,4767
18323,3787
18324,4767
18324,3787
18325,4767
18325,3787
18326,4767
18326,3787
18327,4767
18327,3787
18327,9319
18328,4767
18329,4767
18329,9458
18330,4767
18331,1268
18331,4961
18332,4767
18332,3787
18333,8709
18334,4767
18334,3787
18335,4767
18335,3787
18335,9458
18336,8898
18337,4767
18337,3787
18338,4767
18338,3787
18339,4767
18339,3787
18340,4767
18340,3787
18341,4767
18341,3787
18342,4767
18342,3787
18343,4809
18343,4848
18344,4767
18344,3787
18345,6462
18345,1274
18346,702
18346,704
18347,9823
18348,17827
18349,4649
18350,17478
18351,702
18351,704
18351,1222
18352,10224
18352,702
18352,704
18353,4769
18353,9504
18354,704
18354,4771
18354,9890
18355,17124
18355,8199
18356,9498
18357,4751
18357,9932
18358,2765
18359,17478
18360,2765
18360,7475
18361,6454
18362,10224
18362,1222
18363,7655
18364,10027
18365,24204
18365,24199
18366,4796
18367,4638
18367,4636
18368,12579
18369,6823
18370,2915
18371,5401
18371,15481
18371,6763
18371,13084
18371,8221
18371,13238
18372,9838
18372,9943
18373,5484
18373,12302
18374,4767
18374,3787
18375,12407
18375,21167
18376,1222
18376,7475
18377,5298
18377,19868
18377,6454
18378,8221
18379,8247
18380,702
18380,10027
18380,704
18380,3357
18380,17827
18381,7475
18382,9300
18383,17820
18384,7503
18384,7530
18385,17487
18386,2517
18386,7475
18387,7694
18387,7471
18388,7630
18388,9300
18389,20877
18389,12868
18390,22283
18390,15841
18390,20760
18391,7475
18392,4638
18392,23980
18392,4658
18393,4776
18393,6164
18394,18060
18394,24199
18394,10218
18395,17827
18396,9238
18396,11920
18397,4776
18397,9300
18398,1274
18398,7475
18399,4590
18400,9989
18401,4649
18401,9902
18402,4767
18402,9319
18403,4658
18403,3759
18404,3492
18404,9305
18404,704
18404,24086
18404,2915
18404,4101
18404,7474
18404,3321
18404,24000
18404,24036
18404,7644
18404,6454
18405,2765
18406,9788
18407,8229
18407,3216
18408,6831
18408,3304
18409,4751
18409,4622
18410,4619
18410,9932
18411,3463
18411,9925
18412,18043
18412,4846
18412,10027
18413,9675
18414,9305
18414,4748
18415,6462
18415,8929
18416,17710
18416,9925
18417,4846
18418,5618
18418,6779
18419,17218
18419,24680
18420,5287
18421,18186
18421,7540
18422,4781
18422,4748
18423,7540
18423,9506
18423,3463
18423,4781
18424,9925
18425,9920
18425,9677
18426,21106
18427,7540
18427,18184
18428,12969
18428,8309
18429,19301
18430,9920
18430,4781
18430,17710
18430,9925
18431,6462
18431,287
18431,3357
18431,3550
18432,10027
18433,7912
18433,13769
18434,14706
18434,175
18435,4324
18436,1240
18436,2521
18437,1300
18437,175
18437,9168
18437,3550
18438,703
18438,3321
18439,14743
18439,4324
18440,8448
18440,8515
18441,7019
18441,12181
18442,702
18443,175
18443,3492
18444,7783
18444,8048
18445,16266
18445,287
18445,25233
18445,217
18445,6454
18445,20563
18446,2915
18446,25099
18446,3258
18447,6856
18447,5579
18448,702
18448,3357
18448,7133
18449,5512
18449,801
18449,3550
18449,2915
18449,3742
18449,15830
18449,973
18449,5217
18450,25144
18451,8469
18451,5133
18451,19968
18452,20486
18453,7019
18453,10913
18454,20680
18455,3256
18456,8343
18456,136
18457,702
18457,10914
18458,3550
18458,2648
18459,16171
18460,8954
18461,13107
18462,702
18462,14242
18462,19263
18463,6080
18464,8698
18465,17124
18465,4947
18466,175
18466,3331
18467,20765
18467,8616
18467,15355
18468,3321
18468,9190
18469,2829
18469,3357
18470,8742
18470,8768
18471,8709
18471,10379
18472,1240
18472,3562
18473,5401
18473,8768
18474,702
18475,6384
18475,21923
18476,702
18477,13132
18478,6727
18478,5291
18479,702
18479,7019
18480,17380
18480,8168
18481,13047
18482,702
18482,6129
18483,3258
18483,6454
18484,703
18484,9211
18485,210
18485,3357
18485,12139
18486,210
18486,14491
18486,7474
18486,10027
18486,3357
18486,6454
18486,14032
18487,210
18487,3357
18488,210
18488,3357
18488,3224
18489,2915
18489,210
18489,7474
18489,10027
18490,210
18490,10909
18490,3357
18490,8048
18491,210
18491,10915
18491,3357
18491,18717
18492,210
18492,1137
18492,3357
18493,6506
18493,6472
18494,702
18494,7019
18495,6747
18496,8403
18496,8745
18497,2120
18498,5607
18499,21401
18499,21106
18499,20486
18500,2627
18501,210
18501,6994
18502,2857
18502,13038
18503,210
18503,1240
18504,702
18504,1240
18504,22379
18505,4566
18506,175
18506,6533
18506,4265
18506,6940
18506,217
18507,14888
18507,702
18508,8403
18508,8733
18509,861
18510,702
18510,3357
18510,4324
18511,175
18512,3357
18513,1902
18514,702
18514,14746
18515,702
18515,1240
18516,22646
18516,6923
18516,16906
18517,6731
18518,6209
18518,6019
18518,9663
18519,12736
18520,175
18520,4324
18521,6462
18522,4324
18522,7133
18523,9122
18524,702
18524,3550
18525,20805
18525,8247
18526,10911
18526,2829
18527,210
18528,13308
18529,6664
18529,8709
18530,702
18530,1240
18531,2915
18531,18674
18531,6540
18531,175
18531,13769
18531,4324
18532,3309
18533,5116
18534,175
18534,1240
18535,12629
18535,1300
18535,1240
18535,3562
18535,702
18535,16165
18535,1669
18535,11868
18535,3492
18535,2915
18535,22299
18535,6140
18535,3321
18535,23017
18535,11842
18535,861
18535,3357
18535,6454
18535,13705
18536,1760
18536,6668
18537,21415
18537,8403
18537,9899
18537,16180
18537,24763
18537,9414
18538,6462
18538,8929
18538,16151
18538,19152
18538,217
18539,11427
18539,4324
18540,8752
18541,6080
18542,12130
18543,10934
18543,7912
18544,5604
18544,9120
18545,12302
18546,20521
18547,6182
18548,3066
18549,3357
18549,13791
18550,8391
18551,702
18551,6518
18552,6462
18552,23422
18553,1240
18554,11097
18555,12671
18556,6326
18557,702
18557,7133
18558,24725
18559,2153
18560,8906
18561,6063
18561,210
18562,350
18562,5145
18563,7834
18563,3550
18564,21549
18564,6454
18565,12272
18565,1786
18566,3357
18566,4324
18567,7912
18567,2829
18567,3357
18568,1240
18568,4324
18569,21220
18570,15271
18571,19887
18571,3905
18571,8636
18572,1240
18572,7019
18573,3302
18573,1258
18574,702
18575,702
18576,21415
18577,6141
18577,11665
18578,702
18578,1240
18578,22774
18579,702
18579,7133
18580,8752
18580,17102
18580,8709
18581,3577
18581,8929
18581,3504
18581,8515
18582,6396
18582,5007
18583,210
18583,7019
18584,702
18585,10934
18585,702
18586,16658
18586,7019
18586,4324
18587,16171
18588,12977
18588,2855
18589,685
18590,3258
18590,3550
18591,3309
18591,9168
18592,17124
18592,9051
18593,7326
18593,3641
18593,7185
18593,15237
18593,4258
18593,3069
18593,3597
18593,3068
18593,10437
18593,6343
18593,6504
18593,3455
18593,2154
18593,19402
18593,2905
18593,11538
18593,3142
18593,1841
18593,8419
18593,4253
18593,279
18593,2550
18593,294
18593,3179
18594,7019
18595,210
18596,6732
18597,702
18597,3562
18598,12969
18598,8247
18599,6462
18599,1300
18600,767
18600,6740
18601,7019
18602,210
18602,6396
18603,702
18603,4324
18604,8718
18605,6540
18606,702
18607,702
18607,4324
18608,11687
18608,1300
18608,1240
18608,863
18608,22654
18608,12990
18608,3550
18609,21342
18609,3773
18609,12881
18610,1240
18610,19095
18611,12351
18611,13031
18611,16222
18612,14326
18612,3550
18612,19030
18613,3777
18613,4324
18614,8630
18615,21948
18616,7019
18616,4324
18617,6800
18618,8709
18619,210
18619,1240
18619,19202
18619,16858
18620,23127
18620,13820
18621,210
18621,7133
18622,175
18622,1749
18623,5205
18624,5392
18625,3321
18625,681
18626,5579
18627,6518
18628,318
18629,6462
18629,702
18629,10911
18629,13790
18629,6129
18630,210
18631,6462
18631,287
18631,6454
18631,3550
18632,17643
18633,1240
18634,5660
18634,8247
18635,4004
18635,3492
18636,8733
18637,19856
18638,6704
18639,3603
18639,871
18640,7019
18641,10913
18642,210
18642,1240
18643,7019
18644,11193
18644,16057
18644,6396
18644,2829
18645,702
18645,2688
18646,5618
18646,20805
18647,12895
18647,6806
18648,6831
18648,6731
18649,3743
18649,6892
18650,6462
18650,13790
18650,3357
18651,7082
18651,175
18651,13769
18652,8343
18652,20486
18653,3357
18654,1268
18654,12875
18655,8221
18656,12671
18656,21503
18657,1240
18657,7019
18658,1240
18658,7019
18659,16151
18660,8752
18661,7030
18662,2915
18662,1300
18662,383
18662,6909
18662,3258
18662,19949
18663,6198
18663,4324
18664,13386
18664,7133
18665,4324
18666,3562
18666,7133
18667,702
18667,3550
18668,20003
18668,7909
18668,19423
18669,4324
18670,4324
18671,13047
18672,8435
18673,20633
18674,210
18674,18531
18675,7133
18676,15413
18677,2973
18677,10911
18677,1240
18677,4658
18677,3550
18677,13791
18677,5401
18677,702
18677,175
18677,8197
18677,7019
18677,4756
18678,12969
18678,8247
18679,6141
18679,3194
18679,23521
18679,1240
18679,3110
18679,14081
18679,702
18679,10300
18679,1643
18679,3284
18679,10621
18679,3354
18679,14523
18679,3373
18679,8164
18679,1659
18679,3050
18679,1646
18679,18748
18679,1637
18680,6518
18680,175
18681,2915
18682,8403
18683,1240
18683,7019
18684,12969
18684,5618
18685,175
18686,13228
18686,15501
18687,3210
18688,23006
18688,175
18688,3357
18689,175
18690,175
18691,14990
18692,702
18693,1240
18693,3550
18694,13102
18694,1300
18694,175
18694,8873
18694,7434
18695,2815
18695,7019
18696,1300
18696,3562
18696,13012
18696,8003
18696,15020
18696,8929
18696,702
18696,16165
18696,16525
18696,13016
18696,4121
18696,24303
18696,7803
18696,3550
18696,3321
18696,11857
18696,3357
18697,8745
18698,12311
18699,23127
18699,19030
18700,5007
18700,7261
18701,16286
18702,3293
18702,702
18702,2530
18703,210
18703,702
18704,702
18704,3357
18705,11854
18706,702
18706,6540
18706,6328
18706,6454
18707,6518
18707,3357
18708,11487
18709,9750
18709,6704
18710,702
18710,1240
18710,7133
18710,4324
18711,19109
18712,9583
18712,175
18712,14595
18712,25325
18712,3707
18713,13853
18713,14072
18713,17339
18713,13451
18713,7181
18713,175
18713,2426
18713,7019
18714,210
18714,702
18715,702
18715,10911
18715,175
18716,16207
18716,3353
18717,703
18717,18491
18717,702
18717,13792
18717,3258
18718,4475
18718,23353
18718,4437
18719,3302
18719,8435
18719,3247
18720,3562
18720,4324
18721,7019
18722,210
18723,702
18723,210
18724,4751
18724,4789
18724,5007
18724,3759
18724,7133
18724,2687
18724,22774
18724,2688
18724,7019
18725,16330
18726,15736
18726,16611
18727,7019
18727,14743
18728,7019
18728,7133
18729,702
18729,6129
18730,6080
18730,3550
18731,13792
18731,3562
18731,12183
18731,14744
18731,13791
18732,8360
18733,20821
18733,8709
18734,210
18735,10707
18735,4322
18735,4327
18735,1240
18735,595
18735,4318
18735,4335
18735,11618
18735,10421
18735,3095
18735,8152
18735,3455
18735,11173
18735,10848
18735,14000
18735,4321
18735,3492
18735,4302
18736,6277
18736,13128
18736,3550
18737,702
18737,14745
18737,10913
18738,16594
18739,8697
18740,8168
18741,20677
18741,8423
18742,17124
18742,8199
18743,6911
18744,19571
18744,3550
18745,8733
18746,210
18746,702
18747,7019
18748,6141
18748,10618
18748,3419
18748,22928
18748,18679
18748,1643
18748,3060
18748,3410
18748,11015
18748,14260
18748,11433
18748,3492
18748,3258
18748,5512
18748,22081
18748,3118
18748,20208
18748,21600
18748,1630
18748,11009
18748,16850
18748,3139
18748,3392
18748,22314
18749,25075
18749,20887
18750,4324
18750,3550
18751,702
18751,853
18752,6431
18752,7019
18753,21238
18753,17643
18753,21147
18753,3357
18754,20679
18754,8789
18755,6462
18755,3562
18756,3357
18756,3550
18757,19095
18758,702
18758,7019
18758,13791
18759,8752
18760,18880
18760,9122
18761,15760
18762,3217
18762,20633
18763,6396
18763,15271
18763,19263
18764,8221
18764,3216
18765,3302
18765,3247
18766,17643
18766,8867
18766,8391
18767,10911
18768,15577
18768,13031
18769,6850
18770,5015
18771,5401
18772,6462
18772,175
18773,1240
18773,3357
18774,7067
18774,19095
18775,15086
18775,4324
18776,2906
18776,5714
18777,175
18777,7019
18778,277
18778,6923
18779,8552
18779,1681
18780,12390
18780,20699
18780,8343
18780,20486
18781,6462
18782,6518
18782,3492
18782,6940
18782,4324
18782,4437
18783,8423
18783,3357
18784,15207
18785,702
18786,4324
18787,6462
18788,7019
18789,16251
18790,8867
18790,8391
18791,4937
18792,2915
18792,22646
18792,16906
18793,11371
18793,10557
18794,8709
18794,9051
18795,175
18795,21977
18796,8929
18796,3357
18797,21128
18798,19152
18798,10356
18799,19095
18800,17055
18800,22959
18801,702
18801,3562
18802,210
18802,702
18803,6199
18803,702
18803,7019
18804,2815
18804,3550
18805,21096
18805,1300
18805,8748
18805,12302
18805,3357
18806,6540
18806,871
18807,7368
18807,23364
18807,4324
18807,210
18807,16684
18807,22823
18807,7019
18807,25220
18808,2915
18809,12351
18810,3550
18811,4264
18812,702
18812,7019
18813,210
18813,1240
18813,20116
18813,7019
18814,16446
18814,2829
18815,8733
18816,9117
18816,1681
18817,702
18817,1240
18817,7019
18818,6747
18818,22321
18819,12386
18820,7019
18821,6462
18821,2915
18822,210
18822,7386
18823,14260
18824,242
18825,1240
18825,7133
18826,2915
18826,8221
18827,3217
18827,217
18828,12884
18828,12915
18829,21277
18829,13294
18830,6704
18831,12780
18832,702
18832,210
18832,1240
18832,7019
18833,702
18833,3357
18834,1240
18834,7019
18835,702
18835,12180
18836,702
18837,4231
18838,5132
18839,175
18839,6198
18840,7019
18841,3267
18841,23521
18842,12531
18843,702
18843,210
18844,4324
18845,1240
18845,7019
18845,17055
18846,702
18847,22567
18847,6504
18848,23505
18849,7019
18849,6389
18850,8394
18850,15758
18851,3562
18852,10914
18852,3357
18853,1240
18853,19095
18854,702
18854,175
18855,3247
18855,3550
18856,578
18857,5660
18857,24725
18858,3887
18859,8929
18860,210
18860,702
18861,702
18862,17547
18862,15834
18863,4324
18864,19887
18865,702
18866,5706
18867,6299
18867,7386
18868,702
18868,841
18869,511
18870,12390
18870,20871
18871,8929
18872,19095
18873,702
18873,10912
18873,14744
18874,7133
18875,702
18876,5770
18877,7912
18877,702
18877,7019
18877,4324
18878,6462
18878,23411
18879,7019
18880,8706
18880,18760
18880,9122
18881,7133
18882,1667
18882,4481
18882,4508
18882,4401
18882,17380
18882,3550
18882,14869
18882,12957
18882,11845
18882,4231
18882,3574
18883,1240
18884,24590
18884,2589
18885,6664
18885,17911
18886,25275
18886,16970
18886,18974
18886,22210
18886,3550
18886,15623
18886,6222
18886,210
18886,16451
18886,15005
18886,19797
18886,11876
18886,7019
18886,25096
18886,11828
18887,175
18887,3357
18888,3550
18889,6462
18889,3357
18889,17227
18890,9122
18891,5832
18892,3562
18893,6462
18893,25221
18894,10911
18894,1052
18895,702
18895,7386
18896,14882
18896,13060
18896,23551
18896,16650
18896,7019
18897,10434
18898,7019
18898,5669
18899,13258
18900,6911
18900,12311
18901,702
18901,3550
18902,175
18903,1240
18903,7019
18904,19272
18904,7019
18905,5097
18905,8709
18906,16257
18906,8745
18907,19914
18908,4031
18908,4571
18908,3258
18909,7912
18909,210
18910,8874
18911,13250
18912,15659
18913,7229
18913,7019
18914,12969
18915,8435
18915,3247
18916,6540
18916,3492
18916,19152
18916,2517
18916,3550
18916,175
18916,3357
18916,19030
18917,20805
18918,3258
18918,24612
18919,8864
18919,5424
18919,20536
18920,6396
18921,4324
18922,3278
18922,9331
18923,16151
18923,19152
18923,3550
18924,8610
18924,6664
18924,8709
18924,10379
18925,702
18925,210
18925,6396
18925,3357
18926,13125
18926,12868
18927,5618
18927,8247
18928,2829
18928,175
18929,18991
18929,7133
18930,13195
18930,12172
18930,20486
18931,7019
18931,7133
18932,15837
18933,7019
18933,7133
18934,12338
18934,5431
18935,3258
18935,22514
18936,8867
18937,702
18938,210
18938,4566
18939,1240
18940,8458
18940,3357
18940,5714
18941,702
18942,4571
18943,12969
18944,210
18944,702
18945,25099
18945,16909
18945,10455
18946,9071
18946,8867
18946,8391
18947,6462
18947,24868
18948,21230
18948,22249
18948,1300
18948,8448
18948,5365
18948,15413
18948,5714
18948,703
18948,5589
18948,8929
18948,3321
18948,3304
18948,217
18948,6454
18949,8939
18949,15834
18950,2904
18951,1240
18952,8221
18953,702
18953,7019
18954,7045
18954,7019
18955,19263
18956,8709
18956,15472
18957,6994
18958,11399
18958,13433
18959,702
18960,15558
18960,3357
18961,6321
18961,17779
18961,3357
18962,1240
18962,3357
18962,7019
18963,21369
18963,8208
18964,3357
18964,3562
18965,7019
18965,4324
18966,8733
18966,2855
18967,3562
18968,4324
18969,6540
18969,6328
18970,1240
18970,7386
18971,210
18972,702
18972,16811
18972,3550
18973,1934
18973,17103
18973,2077
18973,1072
18973,7059
18973,3024
18973,2802
18973,3
18973,702
18973,1198
18973,175
18973,24688
18973,23331
18973,19636
18973,915
18973,19083
18973,2314
18974,14990
18974,175
18974,18886
18975,287
18975,15467
18976,2153
18977,210
18978,8493
18979,9147
18980,7019
18981,210
18982,702
18983,8343
18984,15807
18984,3357
18985,6455
18985,175
18986,1240
18986,7019
18987,6703
18987,21498
18987,6850
18987,5457
18988,175
18988,6693
18988,15621
18988,23456
18989,804
18990,20877
18990,17643
18991,6462
18991,10915
18991,14386
18991,6717
18991,17298
18991,1624
18991,825
18991,11960
18991,22823
18991,14492
18991,6396
18991,7313
18991,3001
18991,10850
18991,11263
18991,24181
18991,15189
18991,15282
18991,10812
18991,877
18991,7368
18991,22698
18991,23527
18991,2773
18991,6345
18991,13862
18991,14026
18991,11589
18991,11025
18991,15099
18991,24353
18991,6602
18991,10846
18991,727
18991,7091
18991,15092
18991,14653
18991,18929
18991,2035
18991,22004
18991,14432
18991,2915
18991,210
18991,1413
18991,779
18991,3357
18991,6484
18992,367
18992,8469
18992,5211
18993,15271
18993,4324
18994,1240
18994,1786
18995,12742
18995,24725
18996,24364
18996,7386
18997,2829
18997,6080
18998,2552
18998,7019
18999,7019
19000,7133
19001,3256
19001,4884
19002,702
19002,5007
19003,7133
19004,554
19004,3321
19005,702
19005,7019
19006,702
19006,7019
19007,16155
19008,175
19009,702
19009,13207
19010,1580
19010,13088
19010,601
19010,3550
19010,11447
19010,22094
19010,3113
19010,20423
19010,24307
19011,702
19012,2829
19012,10913
19013,5948
19013,25099
19014,1240
19015,702
19015,210
19016,2552
19016,4324
19017,6328
19018,702
19018,7019
19019,4566
19020,8120
19020,6584
19020,1240
19020,12018
19020,3357
19020,11956
19020,14711
19020,3562
19020,3550
19021,702
19021,7019
19022,1240
19023,8343
19023,20486
19024,1240
19024,7019
19025,19698
19025,940
19025,19774
19025,1911
19025,14909
19025,10465
19025,1336
19025,17230
19025,10885
19025,22079
19025,22200
19025,23173
19025,1834
19025,10524
19025,22860
19025,11302
19025,1366
19025,22213
19025,16478
19025,1240
19025,605
19025,20429
19025,702
19025,11307
19025,10601
19025,19576
19025,1139
19025,12270
19025,902
19025,3357
19025,22018
19025,22458
19025,23736
19025,24578
19025,21702
19025,22667
19025,16925
19025,7019
19025,12221
19025,11821
19025,15221
19025,22776
19025,13891
19025,13793
19025,11975
19025,14716
19025,13437
19025,1619
19025,22396
19025,3562
19025,2997
19025,1885
19025,2093
19025,2196
19025,23085
19025,23545
19025,7682
19025,12870
19025,3550
19025,2915
19025,20462
19025,1576
19025,965
19025,20167
19026,6850
19027,288
19028,6462
19028,287
19028,3258
19028,3357
19028,5714
19029,24937
19030,2415
19030,23261
19030,14362
19030,13185
19030,15170
19030,6080
19030,4575
19030,10823
19030,1274
19030,2904
19030,13238
19030,2517
19030,8658
19030,7386
19030,7753
19030,14590
19030,864
19030,1258
19030,12223
19030,12323
19030,22213
19030,20083
19030,16816
19030,4789
19030,6940
19030,22221
19030,7576
19030,14129
19030,14341
19030,2789
19030,11687
19030,3357
19030,14525
19030,1294
19030,10666
19030,13521
19030,6462
19030,10311
19030,10341
19030,406
19030,11923
19030,4514
19030,24623
19030,13721
19030,19734
19030,3301
19030,4740
19030,538
19030,1311
19030,14685
19030,7796
19030,11788
19030,23034
19030,6179
19030,3492
19030,13342
19030,4437
19030,6433
19030,18612
19030,2382
19030,13769
19030,14478
19030,11192
19030,22341
19030,20230
19030,4320
19030,6328
19030,3562
19030,6129
19030,12121
19030,13646
19030,23839
19030,22030
19030,3802
19030,1983
19030,6540
19030,11682
19030,8423
19030,6457
19030,6625
19030,12435
19030,6731
19030,6408
19030,2960
19030,8211
19030,4356
19030,16560
19030,5651
19030,11539
19030,499
19030,15291
19030,861
19030,15251
19030,8122
19030,18699
19030,10512
19030,22823
19030,217
19030,2227
19030,2402
19030,24879
19030,11727
19030,6296
19030,18916
19030,13313
19030,2498
19030,3700
19030,5463
19030,4324
19030,1785
19030,14609
19030,4566
19030,19818
19030,14892
19030,14961
19030,9146
19030,11859
19030,16215
19030,12052
19030,175
19030,8002
19030,23353
19030,11698
19030,21795
19030,2217
19030,11538
19030,19152
19030,10613
19030,20677
19030,15506
19030,22060
19030,10595
19030,23339
19030,2756
19030,2864
19030,4182
19030,1733
19030,5401
19030,466
19030,6963
19030,14429
19030,5671
19030,23266
19030,8048
19030,10982
19030,16504
19030,13332
19030,16819
19030,14008
19030,13681
19030,11165
19030,12394
19030,7092
19030,3743
19030,21948
19030,9319
19030,11405
19030,43
19030,7785
19030,11477
19030,7229
19030,8076
19030,11868
19030,6848
19030,2944
19030,16714
19030,2545
19030,2915
19030,23359
19030,4726
19030,15177
19030,11286
19031,6381
19031,702
19032,210
19032,13610
19033,6462
19033,10550
19033,1300
19033,3304
19034,17322
19034,12696
19035,15271
19035,1199
19036,6462
19037,9122
19038,11665
19039,11173
19039,8152
19040,5007
19041,20648
19042,3492
19042,6328
19042,6940
19042,3550
19042,1669
19042,22823
19042,861
19042,23353
19042,3357
19042,6454
19043,6129
19044,7019
19045,19878
19046,12553
19046,1258
19047,8632
19047,12696
19048,8365
19048,12742
19049,4268
19049,210
19049,10914
19049,11856
19050,2829
19050,14744
19051,12957
19051,12391
19052,175
19053,17322
19054,12715
19055,1240
19055,7019
19056,210
19056,1240
19057,1240
19057,11427
19058,210
19058,7019
19059,210
19059,7019
19060,8929
19060,15933
19061,1274
19062,3331
19062,8438
19063,6540
19063,6328
19064,1240
19064,7133
19065,3117
19065,10453
19066,21445
19066,4571
19066,4961
19066,16077
19067,3357
19068,210
19068,3357
19069,13308
19070,3357
19070,3550
19071,8733
19072,12875
19073,2778
19073,20745
19074,3321
19074,12481
19075,3250
19076,2857
19076,12391
19077,210
19077,7229
19078,14552
19078,702
19079,175
19079,6454
19080,210
19080,1240
19080,7019
19081,6462
19081,2857
19082,7133
19083,1303
19083,18973
19083,175
19084,4324
19084,7386
19085,14745
19085,7019
19086,2829
19086,7019
19087,19753
19087,15291
19087,578
19088,210
19088,3550
19089,702
19089,7019
19090,13936
19090,4440
19090,4231
19090,4451
19090,3550
19091,12957
19091,4231
19092,2829
19092,7133
19093,2829
19093,13345
19093,23227
19093,10948
19093,22630
19093,14189
19093,11962
19093,3834
19093,15306
19093,6295
19093,13371
19093,6756
19093,21865
19093,10836
19093,2028
19093,4044
19093,21948
19093,22937
19093,11643
19093,6940
19093,15220
19093,12140
19093,8058
19093,20386
19093,7463
19093,1691
19093,15268
19093,6540
19093,13823
19093,13678
19093,19152
19093,12010
19093,19801
19093,22627
19093,3357
19093,7609
19093,15728
19094,15291
19094,578
19095,1038
19095,14424
19095,24634
19095,13961
19095,24155
19095,23409
19095,806
19095,19272
19095,2954
19095,10614
19095,11005
19095,1086
19095,23046
19095,16762
19095,4575
19095,23414
19095,11677
19095,11578
19095,7426
19095,22793
19095,919
19095,15681
19095,6317
19095,11222
19095,244
19095,10767
19095,11464
19095,19344
19095,20377
19095,22346
19095,465
19095,18853
19095,2444
19095,11455
19095,18757
19095,19329
19095,20106
19095,22806
19095,16491
19095,3393
19095,7963
19095,13851
19095,972
19095,22199
19095,4040
19095,12344
19095,4315
19095,24045
19095,7130
19095,21617
19095,3020
19095,14354
19095,3357
19095,22193
19095,2942
19095,13392
19095,1577
19095,12396
19095,23062
19095,6332
19095,11673
19095,3043
19095,2558
19095,6523
19095,535
19095,7192
19095,11188
19095,22713
19095,23210
19095,19535
19095,16483
19095,14811
19095,22896
19095,1215
19095,22256
19095,14687
19095,11044
19095,13548
19095,7681
19095,24096
19095,22886
19095,22071
19095,11442
19095,262
19095,14041
19095,6289
19095,13886
19095,7445
19095,11058
19095,12004
19095,14338
19095,11591
19095,16587
19095,7279
19095,2146
19095,15156
19095,22300
19095,22512
19095,15210
19095,23468
19095,20361
19095,12168
19095,1696
19095,7110
19095,784
19095,18799
19095,18774
19095,13062
19095,23188
19095,19924
19095,12021
19095,21637
19095,11209
19095,1871
19095,13347
19095,13395
19095,14551
19095,11921
19095,12191
19095,11676
19095,24063
19095,23898
19095,10732
19095,15775
19095,14288
19095,10781
19095,22993
19095,19899
19095,23307
19095,22712
19095,7295
19095,3999
19095,16531
19095,13760
19095,14636
19095,23404
19095,11616
19095,13415
19095,11985
19095,7964
19095,14500
19095,7334
19095,14439
19095,22590
19095,18872
19095,1550
19095,10844
19095,13732
19095,19998
19095,19254
19095,261
19095,11754
19095,13695
19095,23471
19095,18610
19095,14425
19095,7819
19095,2961
19095,20251
19095,11811
19095,21544
19095,2694
19095,7342
19095,2081
19095,1375
19095,15068
19095,21638
19095,11358
19095,1251
19095,22887
19095,14255
19095,23257
19095,24001
19095,12283
19095,3145
19095,11585
19095,17312
19095,16879
19095,23932
19095,22923
19095,55
19095,1109
19095,6671
19095,496
19095,14385
19095,6943
19095,6146
19095,762
19095,7079
19095,25288
19095,13818
19095,10936
19095,14093
19095,16943
19095,16426
19095,1352
19095,7773
19095,12852
19096,8575
19097,3738
19097,11512
19098,15271
19098,13408
19099,6462
19099,175
19099,3357
19100,3268
19101,210
19101,1240
19102,8994
19103,2045
19103,175
19104,1240
19105,175
19105,2552
19106,702
19106,1240
19107,238
19107,210
19108,12822
19108,19163
19108,17494
19108,15758
19108,192
19109,2033
19109,14064
19109,6396
19109,6621
19109,21616
19109,2095
19109,11136
19109,11373
19109,12876
19109,22774
19109,1729
19109,1497
19109,3357
19109,18711
19109,10722
19109,10903
19110,21247
19111,702
19112,702
19112,7019
19113,6664
19113,8709
19114,1240
19115,12957
19116,7912
19116,210
19116,14390
19116,14058
19116,14275
19117,1268
19118,19887
19118,2327
19118,17483
19118,8199
19119,702
19119,1240
19120,19887
19120,4576
19121,2915
19121,22794
19121,22427
19122,702
19122,3562
19123,3217
19123,8733
19123,2855
19124,210
19124,4324
19125,4324
19126,7019
19127,702
19127,7019
19128,2915
19128,703
19129,6462
19130,6583
19131,210
19131,3357
19132,4988
19132,22208
19133,6141
19134,702
19134,7133
19135,702
19135,4324
19136,702
19137,4941
19138,4324
19139,7067
19140,702
19140,1240
19141,702
19141,15271
19142,3562
19142,11487
19143,7019
19143,7133
19144,12969
19144,8247
19145,21498
19145,6850
19146,14897
19146,8343
19146,2119
19146,8360
19147,15764
19147,12330
19148,3562
19149,702
19149,2097
19150,2915
19151,15472
19152,8484
19152,8092
19152,8989
19152,8913
19152,13533
19152,13185
19152,9691
19152,4590
19152,23006
19152,24097
19152,10356
19152,22793
19152,1274
19152,15759
19152,2517
19152,15445
19152,1786
19152,8658
19152,8420
19152,9133
19152,17130
19152,6872
19152,12990
19152,16031
19152,21100
19152,19093
19152,4789
19152,10027
19152,20474
19152,3742
19152,8547
19152,19246
19152,13123
19152,6406
19152,1487
19152,5558
19152,20548
19152,12261
19152,20640
19152,4526
19152,15636
19152,227
19152,11759
19152,20641
19152,20835
19152,11687
19152,8427
19152,15396
19152,7474
19152,20496
19152,12084
19152,813
19152,20116
19152,15601
19152,3451
19152,12677
19152,7796
19152,7988
19152,5948
19152,3492
19152,12391
19152,2138
19152,5092
19152,6736
19152,4652
19152,8967
19152,4767
19152,5090
19152,17358
19152,20933
19152,11404
19152,4857
19152,6731
19152,16560
19152,9192
19152,10849
19152,863
19152,15251
19152,3293
19152,5832
19152,10964
19152,15558
19152,2501
19152,22692
19152,3304
19152,217
19152,3247
19152,18916
19152,15989
19152,11727
19152,787
19152,9265
19152,5350
19152,5463
19152,8578
19152,9010
19152,9144
19152,10285
19152,19818
19152,14718
19152,20748
19152,16638
19152,8709
19152,19319
19152,22757
19152,13277
19152,18538
19152,8929
19152,5589
19152,6013
19152,175
19152,13031
19152,8469
19152,8002
19152,1139
19152,3855
19152,11538
19152,15088
19152,559
19152,20941
19152,18923
19152,5504
19152,1127
19152,4307
19152,10625
19152,6141
19152,16266
19152,19936
19152,25042
19152,16151
19152,8554
19152,3213
19152,24643
19152,10455
19152,287
19152,12307
19152,15132
19152,13207
19152,12655
19152,14286
19152,16035
19152,13102
19152,43
19152,13286
19152,7785
19152,7778
19152,3214
19152,5431
19152,3328
19152,2111
19152,23311
19152,15704
19152,8561
19152,14910
19152,8684
19152,2857
19152,3852
19152,25233
19152,13832
19152,20461
19152,2153
19152,2648
19152,3258
19152,13238
19152,5952
19152,7386
19152,2518
19152,24943
19152,6771
19152,25062
19152,6068
19152,1240
19152,6806
19152,6940
19152,2612
19152,7576
19152,25311
19152,20924
19152,20486
19152,9032
19152,16626
19152,9029
19152,23394
19152,19789
19152,5588
19152,3210
19152,6462
19152,4005
19152,11923
19152,3301
19152,2120
19152,22278
19152,8723
19152,5467
19152,6780
19152,12714
19152,3250
19152,927
19152,15599
19152,20977
19152,6433
19152,16083
19152,8069
19152,367
19152,13769
19152,5391
19152,7830
19152,5661
19152,12866
19152,4904
19152,7066
19152,21393
19152,21222
19152,16354
19152,2712
19152,16796
19152,14794
19152,20563
19152,6687
19152,15150
19152,6131
19152,6540
19152,7172
19152,21052
19152,5569
19152,8343
19152,19219
19152,12415
19152,5389
19152,7202
19152,2687
19152,12704
19152,19216
19152,853
19152,25075
19152,6182
19152,601
19152,22823
19152,21372
19152,24805
19152,19030
19152,1937
19152,1201
19152,8583
19152,2498
19152,5211
19152,24932
19152,9681
19152,1785
19152,11842
19152,15849
19152,20800
19152,2530
19152,1291
19152,20680
19152,13910
19152,16215
19152,6678
19152,24731
19152,23807
19152,25181
19152,21056
19152,23353
19152,15767
19152,21767
19152,6657
19152,19655
19152,5414
19152,294
19152,8587
19152,6537
19152,23339
19152,14538
19152,5553
19152,3131
19152,16277
19152,15436
19152,23343
19152,7925
19152,5994
19152,5584
19152,729
19152,23132
19152,18798
19152,13194
19152,13038
19152,12497
19152,6775
19152,23771
19152,6668
19152,3743
19152,6321
19152,9319
19152,8342
19152,2989
19152,9045
19152,2045
19152,19266
19152,15774
19152,11868
19152,8898
19152,383
19152,16714
19152,5134
19152,20505
19152,9154
19152,10852
19152,19159
19153,175
19153,15291
19153,578
19153,12249
19154,8697
19154,13092
19155,210
19155,14711
19156,6382
19156,7019
19157,702
19157,1240
19158,7019
19159,1300
19159,22647
19159,20223
19159,19152
19159,11241
19159,10629
19159,6571
19159,3357
19159,19956
19160,210
19160,14240
19160,1240
19160,175
19160,16522
19160,7019
19160,13210
19160,7817
19161,1268
19161,12798
19161,3270
19162,9832
19163,25309
19163,4949
19163,19108
19163,7870
19164,4750
19164,15773
19165,15410
19166,175
19166,4324
19167,175
19167,3550
19167,4324
19168,5691
19169,703
19169,702
19169,4324
19170,6141
19170,3194
19170,1240
19170,23488
19170,3550
19170,12957
19170,3372
19170,19963
19170,19245
19171,702
19171,12340
19171,3357
19172,578
19172,6328
19172,853
19173,2587
19173,3250
19174,20805
19175,21851
19176,8052
19177,702
19177,20321
19178,3328
19178,20798
19178,2589
19178,24652
19179,8221
19179,3357
19179,3550
19180,4266
19181,6763
19181,3550
19182,210
19182,3357
19183,4231
19183,8168
19183,3550
19184,10911
19184,12179
19185,2382
19185,14428
19186,4571
19186,5603
19186,6731
19187,10911
19187,12007
19188,1240
19188,19263
19189,3603
19190,17411
19191,6328
19192,7019
19193,8049
19194,7019
19195,3492
19196,8448
19196,8438
19197,8686
19198,703
19198,702
19198,6396
19198,8339
19198,8221
19198,5607
19199,3357
19200,19448
19200,22352
19201,1917
19202,210
19202,1240
19202,18619
19203,2829
19204,2857
19205,24740
19205,217
19206,18062
19207,6664
19207,5607
19208,8818
19209,3217
19210,14986
19211,3546
19211,21220
19211,2205
19212,15271
19212,7019
19213,5877
19213,8199
19214,702
19215,22945
19216,19152
19217,6462
19218,1768
19219,6462
19219,6909
19219,6940
19219,19152
19219,5714
19219,3550
19219,3357
19219,217
19220,4937
19220,24763
19221,18117
19222,10557
19223,3550
19224,6462
19225,15613
19226,702
19227,20081
19227,6430
19228,1240
19228,22774
19229,6472
19230,1240
19230,3357
19230,14711
19230,2413
19231,7019
19232,210
19232,4324
19233,3742
19233,2906
19234,21128
19235,7082
19235,175
19235,3321
19235,11855
19235,6328
19236,6462
19237,702
19237,8221
19237,7019
19238,210
19238,175
19238,20002
19239,702
19239,3550
19240,19894
19240,704
19240,3759
19240,702
19240,2688
19240,2687
19240,7019
19240,4756
19241,8867
19241,8391
19242,175
19242,13940
19243,9071
19243,20658
19244,10914
19244,2687
19245,14081
19245,7019
19245,3550
19245,19170
19246,8469
19246,6909
19246,19152
19247,11140
19248,6462
19248,8221
19249,7133
19250,21128
19251,702
19251,7019
19252,15590
19252,21445
19253,7386
19254,19095
19255,1240
19255,22774
19255,11026
19256,2138
19257,8221
19257,12875
19258,175
19258,14360
19258,984
19259,1240
19260,6504
19261,15700
19262,11615
19262,1240
19262,17055
19262,21758
19263,19795
19263,22724
19263,14419
19263,22418
19263,11902
19263,11749
19263,24931
19263,14701
19263,345
19263,1676
19263,17272
19263,18462
19263,13672
19263,5704
19263,6940
19263,13605
19263,2251
19263,13665
19263,22722
19263,11353
19263,15239
19263,11814
19263,13675
19263,6996
19263,2731
19263,6115
19263,816
19263,2216
19263,16860
19263,7133
19263,11468
19263,12299
19263,7193
19263,14353
19263,11150
19263,13511
19263,15442
19263,11530
19263,17105
19263,14838
19263,11491
19263,5643
19263,13664
19263,11147
19263,2441
19263,7799
19263,11412
19263,3492
19263,24387
19263,4437
19263,13666
19263,8113
19263,12504
19263,24378
19263,23421
19263,16697
19263,6930
19263,10720
19263,7716
19263,1669
19263,6379
19263,20248
19263,11076
19263,14949
19263,2574
19263,20431
19263,10926
19263,21936
19263,19678
19263,11886
19263,14434
19263,210
19263,1906
19263,17263
19263,13689
19263,853
19263,11095
19263,7190
19263,23160
19263,24708
19263,14159
19263,15179
19263,12957
19263,22823
19263,13522
19263,3013
19263,482
19263,4324
19263,872
19263,13304
19263,14718
19263,18763
19263,6394
19263,21807
19263,7022
19263,6304
19263,23485
19263,702
19263,175
19263,13674
19263,14966
19263,13673
19263,19998
19263,18955
19263,13676
19263,13662
19263,13671
19263,3770
19263,13695
19263,2240
19263,7121
19263,22179
19263,3927
19263,13427
19263,14945
19263,7552
19263,19188
19263,6351
19263,19373
19263,6685
19263,4391
19263,19945
19263,2385
19263,6032
19263,19450
19263,15360
19263,7125
19263,16969
19263,198
19263,8114
19263,3779
19263,13663
19263,15967
19263,206
19263,14870
19263,7323
19263,1893
19263,920
19263,1407
19263,6324
19263,17367
19263,22578
19263,1352
19263,11133
19263,8018
19263,7792
19264,1274
19265,8221
19265,3258
19266,6540
19266,4636
19266,1300
19266,1240
19266,19152
19266,6940
19266,5714
19266,8002
19266,217
19266,3357
19266,3214
19266,2153
19267,4324
19268,254
19269,8247
19270,15773
19271,6462
19272,18904
19272,210
19272,702
19272,7019
19272,19095
19272,4324
19273,210
19273,10912
19274,16483
19275,11894
19276,6199
19276,7019
19277,8816
19278,175
19279,9423
19280,702
19281,6662
19282,11609
19282,7712
19283,21238
19283,17643
19284,13093
19284,5380
19284,5409
19285,8831
19285,10542
19285,224
19285,6822
19285,8841
19285,5252
19286,702
19286,6518
19286,12007
19287,210
19288,19393
19288,702
19288,3357
19288,4373
19289,702
19289,3357
19290,8954
19291,702
19291,4324
19292,23284
19292,702
19292,7019
19292,3357
19293,702
19293,7382
19294,703
19294,702
19294,3216
19295,702
19295,7382
19296,2582
19296,5944
19296,15162
19296,13229
19297,14504
19297,702
19297,4324
19297,17204
19298,12688
19299,6831
19299,3304
19300,8453
19301,1300
19301,10292
19301,3172
19301,17037
19301,3282
19301,18429
19301,8438
19302,1240
19302,12182
19303,1242
19303,6800
19304,6831
19304,8221
19305,12969
19305,16185
19306,8929
19306,7019
19307,19356
19308,5154
19309,210
19309,6396
19310,13106
19311,3331
19311,8438
19312,702
19312,7133
19312,4324
19313,1240
19313,7019
19314,210
19314,175
19315,12884
19316,6141
19317,22774
19318,8929
19319,6540
19319,2829
19319,813
19319,6940
19319,19152
19319,13238
19319,3550
19319,19769
19319,175
19319,3321
19319,14038
19319,3304
19319,217
19319,3214
19319,21699
19320,702
19321,175
19321,13238
19322,5618
19322,20805
19323,6462
19323,2857
19323,8427
19323,367
19323,175
19323,3214
19324,7912
19324,702
19325,1291
19325,2530
19326,210
19326,19385
19326,7133
19327,3357
19328,13250
19328,15773
19329,702
19329,19095
19330,6982
19331,14266
19331,7133
19332,8882
19333,7912
19333,16961
19333,4327
19333,23383
19333,13592
19334,702
19335,1240
19335,7019
19336,702
19336,4324
19337,210
19338,6462
19338,4324
19339,6664
19339,12311
19340,1240
19340,13408
19341,3499
19342,9032
19342,22495
19343,12390
19343,2356
19343,16107
19343,15492
19343,20056
19343,22445
19343,21215
19343,16571
19343,4627
19344,210
19344,19095
19345,8554
19346,22439
19347,3217
19347,8403
19348,702
19348,210
19348,11856
19348,10913
19349,6984
19350,4616
19351,6540
19351,550
19352,702
19353,702
19354,3217
19354,8471
19355,12065
19356,19307
19356,3558
19356,2829
19356,8147
19356,23343
19357,210
19358,7019
19359,20377
19360,19379
19360,175
19360,8307
19360,3357
19360,23219
19361,16791
19362,4419
19362,10430
19362,8168
19363,1240
19364,17124
19365,702
19365,2829
19366,20116
19367,14064
19367,22103
19367,1240
19368,1240
19369,19532
19370,25075
19371,15472
19371,9296
19372,21687
19373,7019
19373,19263
19374,22895
19374,8152
19374,6793
19375,13408
19375,7133
19376,702
19376,8114
19377,1300
19377,175
19378,7133
19379,1274
19379,19360
19379,3258
19379,8302
19380,1240
19380,6198
19381,702
19381,10243
19381,210
19382,210
19382,6492
19382,3550
19383,702
19383,7133
19384,8547
19385,7416
19385,7462
19385,24505
19385,23353
19385,7019
19385,3357
19385,17351
19385,19326
19386,17055
19387,6747
19387,5607
19388,15271
19388,4324
19389,13790
19389,8221
19389,3357
19390,15271
19390,11352
19391,210
19391,1240
19392,12587
19393,10911
19393,19288
19394,7173
19394,13250
19395,9691
19395,5956
19396,3266
19397,1240
19398,175
19398,3357
19399,702
19400,8290
19400,3247
19401,6396
19401,1240
19402,14042
19402,20966
19402,27
19402,22389
19402,18
19402,10491
19402,2154
19402,10765
19402,19783
19402,17580
19402,2211
19402,6510
19402,1436
19402,58
19402,1430
19402,60
19402,7540
19402,3389
19402,3179
19402,13088
19402,12159
19402,20081
19402,18593
19402,11097
19402,5051
19402,10551
19402,1104
19402,227
19402,669
19402,82
19402,12386
19402,102
19402,294
19402,5079
19403,702
19403,5770
19404,210
19405,175
19405,11293
19406,19753
19406,20162
19406,14925
19407,6462
19407,6334
19407,1264
19407,1237
19407,726
19407,577
19407,19776
19407,12083
19407,6559
19407,6944
19407,13471
19407,175
19407,14849
19407,7161
19407,757
19407,14743
19407,15339
19407,14145
19407,6991
19407,14513
19407,22484
19407,23298
19407,22520
19407,23316
19407,22802
19407,10577
19407,13573
19407,2448
19407,17272
19407,2685
19408,6518
19408,23353
19409,8221
19409,12307
19410,1240
19410,3550
19411,12736
19412,6321
19413,702
19414,5579
19415,1240
19415,4324
19416,4922
19417,16151
19418,16248
19418,3321
19418,3258
19418,3357
19419,6222
19419,1240
19420,3562
19421,8199
19422,210
19422,1240
19423,14235
19423,12957
19423,20003
19423,1643
19423,18668
19423,11316
19424,6328
19425,8709
19426,702
19426,7019
19426,11487
19427,175
19428,8309
19428,8247
19429,2861
19429,1931
19430,19732
19430,23521
19430,1240
19430,22369
19430,3492
19430,11582
19430,3277
19430,22699
19430,3340
19430,3050
19430,10300
19430,1630
19430,6454
19430,21579
19430,5723
19431,702
19431,14329
19431,1240
19432,702
19432,7133
19433,5401
19433,3353
19434,210
19434,7264
19435,702
19435,14746
19436,4750
19437,6462
19437,20800
19438,20877
19439,702
19439,6396
19439,4324
19440,703
19440,8191
19441,8411
19442,7019
19443,3321
19443,6806
19444,702
19444,7382
19444,7019
19445,12562
19445,711
19445,1107
19445,210
19445,20116
19445,21814
19445,3357
19445,22270
19445,7019
19445,1224
19446,175
19446,6518
19447,3603
19448,23521
19448,19200
19449,1240
19449,385
19450,7019
19450,19263
19451,6454
19452,16084
19453,175
19453,3562
19454,19882
19455,702
19455,7019
19456,702
19457,17055
19457,14743
19458,6518
19458,175
19459,10075
19459,8867
19460,702
19460,210
19460,7019
19461,15271
19461,7019
19461,4324
19462,4514
19463,702
19463,11854
19464,6583
19465,7067
19466,175
19467,3217
19468,8882
19468,12400
19469,8929
19470,10913
19470,3550
19471,17643
19472,13195
19473,6396
19474,24786
19474,20563
19475,6222
19475,6454
19476,175
19476,2347
19477,4182
19477,7133
19478,7019
19479,7019
19480,702
19480,13790
19480,3550
19481,702
19481,10911
19481,12007
19482,15695
19482,8247
19483,15834
19483,8247
19484,8221
19485,8199
19486,3293
19486,175
19486,3550
19487,3268
19488,8768
19488,8221
19489,8616
19489,8569
19490,1681
19491,3217
19491,8471
19492,6831
19492,6731
19493,24868
19494,19568
19494,6850
19495,137
19495,15441
19496,20486
19497,6462
19497,175
19497,3357
19497,6454
19497,5714
19498,6462
19498,15558
19498,175
19498,3258
19499,4590
19499,5414
19500,7019
19501,7019
19501,4324
19502,3268
19503,15558
19503,175
19504,5618
19504,20961
19505,3550
19506,6850
19507,9899
19507,24920
19508,15498
19509,8742
19510,277
19510,7133
19511,702
19511,1240
19511,7019
19511,4324
19512,702
19513,10905
19514,14986
19514,16853
19515,7019
19515,7133
19516,578
19516,5770
19517,2855
19518,702
19519,6994
19520,3255
19520,12370
19521,4941
19522,210
19522,14743
19523,2857
19523,6462
19524,702
19524,4324
19525,9187
19525,3244
19526,22774
19526,14637
19527,1240
19527,7019
19528,3217
19528,3687
19528,5096
19528,12826
19529,5814
19529,21066
19530,3357
19531,1240
19531,6264
19532,9010
19532,19369
19532,20442
19533,21220
19533,12531
19534,7019
19535,2380
19535,19095
19536,702
19536,2829
19536,6129
19537,210
19537,7019
19538,15271
19538,12272
19539,22795
19539,23266
19539,12112
19540,12553
19540,3550
19541,702
19541,6396
19541,7019
19542,7019
19543,1240
19544,681
19545,15836
19546,10934
19546,2829
19547,8221
19548,6748
19549,6462
19549,6763
19549,813
19549,22953
19549,13500
19549,3457
19549,6940
19549,11427
19549,10797
19549,12957
19549,175
19549,7844
19549,8002
19549,3304
19549,7526
19549,6540
19549,2498
19549,12206
19549,3492
19549,3898
19549,2517
19549,7133
19549,4324
19549,2915
19549,11165
19549,3558
19549,14066
19549,22774
19549,3357
19549,20002
19549,853
19550,20626
19551,7754
19551,10859
19551,4324
19552,8575
19552,10348
19553,4324
19554,4988
19555,8515
19556,7229
19556,7133
19557,8552
19558,10440
19558,175
19558,3357
19559,6396
19559,10797
19560,5390
19561,1240
19562,12303
19563,22774
19564,3357
19565,12386
19565,7894
19566,22926
19566,7785
19567,20970
19567,24786
19567,20563
19568,19494
19568,6704
19569,7019
19570,15695
19570,12969
19571,11531
19571,1576
19571,7019
19571,18744
19572,861
19572,3550
19573,12390
19573,24627
19574,702
19574,1240
19575,13031
19576,1240
19576,7019
19576,7133
19576,19025
19577,10408
19577,8343
19577,2333
19577,5415
19578,7833
19578,7019
19579,6396
19579,16811
19580,210
19580,6518
19580,13650
19581,9133
19581,13238
19582,210
19582,16968
19583,6141
19583,3186
19584,8343
19585,12130
19586,6806
19587,7912
19588,10911
19588,6129
19589,20765
19589,8403
19590,287
19590,175
19591,3321
19591,6454
19592,21017
19593,1240
19594,20805
19595,8709
19595,17124
19596,703
19596,21393
19596,15704
19596,11718
19596,20563
19597,2857
19597,1240
19597,3321
19597,8221
19597,7019
19597,3562
19598,13489
19598,7019
19599,3357
19600,8448
19601,4324
19602,5540
19602,13238
19603,6462
19604,210
19604,3357
19605,6198
19606,1668
19606,3302
19606,3247
19607,15086
19607,702
19608,20851
19609,8718
19609,8391
19610,3550
19610,7133
19610,4324
19611,210
19611,7019
19612,8199
19612,12617
19613,702
19613,1240
19613,7019
19614,7019
19615,5618
19616,8761
19616,3258
19617,13947
19617,601
19618,7133
19619,1240
19619,6129
19620,702
19620,7019
19621,819
19622,2915
19622,175
19622,5154
19622,22514
19623,12786
19624,702
19624,6396
19625,175
19625,3321
19625,22868
19626,1240
19627,16414
19627,11270
19628,210
19628,7019
19629,210
19629,2815
19630,287
19631,21295
19632,17229
19632,4324
19633,19887
19633,7606
19633,8199
19634,6540
19634,11261
19635,8718
19636,18973
19636,175
19637,6747
19638,702
19638,7019
19639,210
19639,10913
19639,6129
19640,20635
19641,16769
19641,7386
19642,175
19642,22774
19643,702
19643,3550
19644,11684
19644,210
19644,1240
19644,16658
19645,1300
19645,16151
19645,3304
19645,13238
19645,217
19646,12359
19647,3293
19647,1258
19648,210
19648,72
19649,1240
19649,2829
19649,7386
19650,10914
19650,11487
19650,13791
19651,7019
19652,2829
19653,20633
19654,702
19654,210
19654,7626
19655,19152
19656,3357
19657,6518
19658,1240
19658,6396
19658,3562
19659,6199
19660,175
19661,175
19661,3357
19662,703
19662,2111
19662,6518
19662,14743
19663,6328
19663,853
19663,804
19664,702
19664,7019
19665,4616
19666,6664
19667,12978
19667,17055
19668,22774
19669,2829
19669,6396
19670,4324
19671,6129
19672,20877
19673,8423
19673,9190
19674,12601
19674,24
19675,1786
19676,3603
19677,703
19677,2857
19678,6396
19678,19263
19679,7019
19680,210
19681,6321
19681,17779
19682,3550
19683,6518
19683,2871
19684,702
19685,702
19685,1240
19685,7019
19686,512
19686,3357
19686,16610
19686,13782
19687,4638
19688,702
19689,8575
19689,16246
19690,6129
19691,702
19691,2829
19691,7019
19692,703
19692,702
19693,16442
19694,8709
19695,12616
19696,15783
19697,8247
19697,15834
19698,6518
19698,5646
19698,3562
19698,19025
19698,7133
19699,8199
19700,20486
19700,20633
19701,3357
19701,8458
19702,3562
19703,7382
19704,7912
19705,7912
19705,175
19706,3302
19706,3247
19707,24786
19707,3357
19707,20563
19708,21108
19709,6664
19709,8709
19710,24908
19710,4667
19710,8469
19710,6909
19710,9511
19710,12708
19710,20769
19711,12553
19711,8435
19712,5401
19712,3742
19712,12251
19712,5714
19712,7119
19713,23343
19713,14744
19714,11525
19714,10368
19715,6129
19716,23149
19716,7019
19717,3302
19717,12553
19718,210
19718,7386
19719,82
19720,4340
19720,8929
19720,175
19720,2943
19720,6454
19721,6129
19722,702
19722,1240
19723,175
19724,6141
19724,8168
19725,702
19725,7019
19726,210
19726,1240
19727,175
19727,3216
19728,6664
19729,4471
19729,702
19730,7019
19730,6129
19731,175
19731,3562
19732,19430
19733,5607
19734,10912
19734,3562
19734,19030
19735,210
19735,7229
19736,9116
19737,8199
19738,578
19739,14746
19739,7019
19740,3562
19740,4324
19741,10169
19742,6141
19742,14552
19742,702
19743,6396
19743,4324
19744,210
19744,2829
19744,1240
19745,6747
19745,14635
19746,8427
19747,702
19747,8122
19747,1240
19748,15271
19749,4571
19750,1240
19750,3999
19751,1874
19751,3357
19751,3550
19752,9010
19752,3258
19753,23083
19753,6827
19753,6471
19753,22764
19753,19406
19753,7795
19753,2397
19753,16730
19753,1916
19753,1135
19753,23185
19753,6396
19753,14473
19753,820
19753,3603
19753,20273
19753,12171
19753,6454
19753,6328
19753,8002
19753,14457
19753,23354
19753,7912
19753,11728
19753,578
19753,12022
19753,19087
19753,434
19753,2215
19753,6515
19753,21993
19753,23499
19753,1985
19753,3550
19754,9122
19755,702
19756,7796
19756,5779
19757,7019
19758,1240
19758,7019
19759,2871
19760,15624
19760,13031
19761,7019
19761,3562
19762,8765
19762,5523
19763,6396
19763,7133
19764,4231
19764,8168
19765,1749
19766,210
19766,11777
19767,4324
19768,21196
19768,3247
19769,19319
19769,23964
19770,702
19770,7019
19771,13790
19772,2059
19772,210
19772,6396
19773,1240
19774,11854
19774,19025
19775,7019
19775,12112
19776,702
19776,19407
19777,5589
19778,3249
19778,8515
19779,4324
19780,3550
19781,15783
19781,3247
19782,9133
19782,8221
19783,694
19783,1240
19783,11538
19783,22336
19783,18
19783,7333
19783,4324
19783,741
19783,11687
19783,88
19783,11115
19783,1768
19783,19402
19784,702
19784,1240
19785,8929
19785,3550
19786,2900
19787,10911
19787,175
19787,7644
19787,12183
19788,10911
19788,13790
19789,6462
19789,16151
19789,19152
19789,217
19789,3873
19789,15880
19790,3302
19790,16118
19791,12671
19791,175
19792,8709
19793,6540
19793,6328
19794,6747
19794,19909
19795,10911
19795,19263
19796,8929
19796,175
19797,18886
19797,2829
19797,6129
19798,15291
19799,4514
19800,10403
19800,8343
19800,13080
19801,19093
19801,210
19801,13452
19801,16714
19802,703
19802,702
19803,6747
19803,5484
19804,23162
19804,8929
19804,702
19804,210
19804,3357
19804,19811
19805,210
19805,3357
19806,8939
19806,5618
19807,8929
19807,7474
19807,175
19807,3357
19807,15413
19807,3562
19808,210
19808,7474
19809,210
19809,3357
19810,2915
19810,4638
19810,210
19810,7474
19810,5274
19810,4135
19811,6540
19811,19804
19812,5401
19812,175
19812,6454
19813,10911
19813,13790
19814,10913
19815,2915
19816,20570
19816,3293
19817,7019
19818,3492
19818,6940
19818,19152
19818,2517
19818,702
19818,175
19818,3357
19818,294
19818,19030
19819,4324
19820,210
19821,703
19821,702
19822,6747
19822,20213
19822,21005
19822,17124
19822,1073
19823,8555
19823,175
19823,7995
19824,6664
19825,9133
19825,703
19826,1240
19827,210
19828,6396
19828,4324
19829,11007
19829,21167
19830,702
19831,702
19831,3357
19832,210
19832,7019
19833,9122
19834,5392
19835,702
19836,13827
19836,3603
19836,702
19836,3321
19836,578
19836,8002
19836,23690
19837,702
19837,1377
19837,3550
19838,11427
19838,4324
19839,5618
19839,6779
19840,6518
19841,175
19841,3562
19842,6384
19842,4324
19843,702
19843,578
19844,5312
19845,703
19846,9211
19847,7796
19848,8655
19849,578
19850,1240
19850,7019
19851,210
19851,23933
19852,702
19852,1240
19853,175
19853,3357
19854,175
19854,6518
19855,8391
19856,14040
19856,11337
19856,10027
19856,1009
19856,6187
19856,21640
19856,17399
19856,10442
19856,6353
19856,14528
19856,22776
19856,12198
19856,23450
19856,2851
19856,1151
19856,2566
19856,18637
19856,10648
19856,3357
19856,7346
19857,2915
19857,277
19857,6923
19858,12601
19858,24
19859,6995
19860,703
19860,175
19861,14743
19862,14746
19863,720
19864,17116
19865,702
19865,175
19865,2829
19865,7019
19866,1240
19866,8002
19867,9022
19868,2915
19868,18377
19868,5298
19868,3304
19868,6454
19869,14240
19869,24669
19869,13210
19869,10467
19870,6540
19870,23081
19870,853
19871,2855
19872,7394
19873,12130
19874,7739
19874,4231
19875,210
19875,13386
19876,6540
19876,6328
19877,12742
19877,15834
19878,2915
19878,6940
19878,19045
19879,7019
19879,4324
19880,702
19880,7386
19881,2829
19881,7133
19882,20886
19882,3731
19882,3300
19882,20344
19882,9124
19882,21863
19882,20486
19882,10425
19882,8403
19882,25189
19882,3751
19882,19454
19882,4177
19883,6198
19884,14343
19884,210
19885,9032
19885,9010
19886,7912
19886,702
19887,19120
19887,18571
19887,20279
19887,5530
19887,20055
19887,12533
19887,3712
19887,23448
19887,19118
19887,1542
19887,15818
19887,22422
19887,18864
19887,3524
19887,20592
19887,23439
19887,19633
19887,23167
19887,21133
19887,3683
19887,8752
19887,21457
19887,9031
19887,16916
19887,15208
19887,6747
19887,12762
19887,3129
19887,7380
19887,22132
19887,22164
19887,17483
19887,8102
19887,21894
19888,13247
19888,12658
19889,3256
19890,16815
19890,3550
19891,702
19892,8709
19893,8969
19893,3270
19894,19240
19894,2829
19894,1240
19894,633
19894,11529
19894,17395
19894,7019
19895,4566
19896,9089
19896,12742
19897,217
19897,242
19898,6462
19898,16853
19898,3357
19899,702
19899,6396
19899,7019
19899,19095
19900,6199
19900,23149
19900,4512
19901,22774
19901,13433
19901,7133
19902,12671
19902,3216
19903,900
19903,4324
19904,8221
19904,5603
19905,1268
19906,15558
19907,25087
19907,3254
19907,2855
19908,6664
19908,5607
19909,6747
19909,5484
19909,6427
19909,15206
19909,20841
19909,19794
19910,8552
19910,5487
19911,16266
19912,15509
19912,21128
19912,16055
19913,702
19913,3562
19914,22192
19914,4041
19914,20732
19914,14604
19914,9674
19914,21609
19914,21213
19914,6501
19914,11631
19914,18907
19914,21692
19914,21265
19914,6454
19915,8709
19916,3603
19916,20162
19917,3357
19917,6129
19917,7133
19917,3550
19918,7019
19918,7133
19919,6462
19919,702
19920,3217
19920,2855
19921,7019
19922,1240
19922,175
19923,14743
19923,3562
19924,19095
19925,8343
19925,8471
19926,550
19926,23499
19927,5604
19928,277
19928,6923
19928,7133
19929,3603
19929,6540
19930,6462
19930,13128
19931,12311
19932,6518
19933,20498
19934,3357
19934,20563
19935,1240
19935,7133
19936,1300
19936,6909
19936,3258
19936,6940
19936,13238
19936,19152
19936,2915
19936,8469
19936,8002
19936,217
19936,3304
19937,702
19937,210
19938,3357
19938,7133
19939,14986
19939,1240
19939,14743
19940,702
19940,7019
19941,6462
19942,6462
19943,3321
19944,702
19944,210
19945,19263
19946,21738
19947,13408
19947,1093
19948,15472
19949,8469
19949,6909
19949,18662
19950,8407
19951,16096
19951,3273
19952,6388
19953,4324
19954,15624
19955,702
19956,19159
19957,6259
19957,16474
19957,7893
19958,210
19958,16474
19958,6383
19959,7382
19960,22774
19961,16736
19962,6454
19963,23551
19963,410
19963,11757
19963,16558
19963,11588
19963,15084
19963,22605
19963,11266
19963,11743
19963,25304
19963,17087
19963,3319
19963,6982
19963,22550
19963,16941
19963,7340
19963,19170
19963,10702
19963,22662
19963,13150
19963,23953
19963,3357
19963,16997
19963,23375
19964,12272
19965,6396
19966,17322
19966,8630
19966,242
19967,5519
19968,18451
19969,2861
19969,15526
19970,21264
19971,6747
19972,1266
19972,16151
19972,1258
19972,3612
19972,8643
19972,3550
19973,6994
19973,4324
19974,17923
19974,3258
19975,2829
19976,6748
19976,2589
19977,703
19977,8221
19978,702
19978,7019
19978,3562
19979,5463
19980,702
19980,1240
19981,6741
19982,81
19983,175
19984,6994
19985,16768
19985,8586
19986,4324
19987,1240
19987,2829
19988,1227
19988,7133
19989,3988
19989,17124
19990,2857
19991,12531
19992,2552
19992,17055
19993,702
19993,4324
19994,6518
19994,11854
19995,217
19995,8745
19996,6396
19996,175
19996,2829
19997,6882
19997,8675
19997,1121
19997,761
19998,1240
19998,19095
19998,19263
19999,6462
20000,15291
20000,578
20001,3357
20002,12916
20002,1669
20002,7758
20002,10839
20002,16272
20002,12012
20002,19549
20002,10312
20002,12861
20002,17370
20002,23241
20002,23209
20002,14881
20002,3357
20002,10295
20002,19238
20003,18668
20003,20256
20003,11665
20003,19423
20004,287
20004,3304
20004,25092
20004,3550
20005,7019
20005,4324
20006,702
20006,7019
20007,3357
20008,15577
20008,9045
20009,702
20009,7386
20010,210
20011,13128
20012,7019
20013,210
20013,7752
20013,3562
20014,6462
20014,22443
20014,4324
20015,6581
20016,16875
20016,7005
20017,210
20017,7133
20018,2829
20018,7019
20019,11399
20020,702
20020,7019
20020,3562
20021,5519
20022,6462
20022,6396
20022,3492
20022,3357
20023,9133
20023,8221
20024,5279
20024,3477
20025,8630
20026,21128
20027,18163
20028,12742
20028,20961
20028,8247
20029,8221
20029,24868
20030,7013
20031,1240
20032,16203
20032,21414
20033,11173
20033,6504
20034,12671
20034,3216
20035,702
20035,3550
20036,7133
20037,11611
20038,3357
20038,3550
20039,8792
20040,7019
20041,703
20041,8221
20042,7019
20042,4324
20043,210
20043,1240
20044,11665
20044,16815
20045,7739
20046,8199
20047,8072
20047,10027
20047,7019
20047,8076
20047,11487
20048,6262
20048,12065
20049,3258
20049,3304
20049,6454
20049,3550
20050,8328
20050,8221
20051,702
20051,7133
20052,24868
20052,21372
20053,21203
20054,6454
20055,19887
20056,19343
20056,20772
20057,9212
20058,3357
20058,7019
20058,16573
20059,3217
20059,8733
20059,2119
20060,9122
20061,3357
20061,4324
20061,3550
20062,702
20062,7019
20063,7019
20063,7133
20064,9122
20065,702
20066,21220
20066,12531
20066,24704
20067,5832
20068,16853
20068,7019
20069,6864
20069,20670
20070,2387
20070,16730
20070,6518
20070,1240
20071,2829
20071,12131
20072,6530
20072,2193
20073,17612
20074,4559
20074,8929
20075,7019
20075,3357
20076,175
20076,3357
20077,6540
20077,853
20078,6179
20079,217
20080,6732
20080,9592
20081,6763
20081,11097
20081,11538
20081,660
20081,5787
20081,1252
20081,3682
20081,175
20081,19227
20081,20313
20081,19402
20081,294
20082,16845
20082,1240
20082,13914
20082,22970
20083,1240
20083,19030
20084,3035
20084,15683
20084,15836
20085,16035
20086,16266
20086,24786
20087,12492
20088,702
20088,4324
20089,13695
20090,24954
20090,3258
20091,6664
20091,17911
20092,14711
20093,3308
20093,2117
20094,5888
20094,6850
20095,11797
20096,12768
20097,175
20097,3357
20098,6831
20098,21041
20099,6396
20099,7019
20099,4324
20100,7229
20101,703
20101,2687
20102,21051
20102,6413
20103,22774
20104,210
20104,14711
20105,1258
20105,22123
20105,8474
20106,7067
20106,19095
20107,11665
20107,7304
20108,7019
20109,6462
20110,3217
20110,8471
20111,13194
20111,8566
20112,1240
20112,3550
20113,7912
20113,10840
20114,3217
20114,703
20114,9199
20115,4324
20116,2756
20116,1063
20116,16616
20116,19366
20116,10581
20116,15174
20116,2890
20116,7019
20116,649
20116,23273
20116,7064
20116,7950
20116,11207
20116,2143
20116,11926
20116,18813
20116,6975
20116,15878
20116,3137
20116,10327
20116,7023
20116,6764
20116,13352
20116,16585
20116,1286
20116,23963
20116,1316
20116,7912
20116,2285
20116,14923
20116,19445
20116,12048
20116,16425
20116,19152
20116,3600
20116,2401
20116,210
20116,23486
20116,1909
20116,3357
20116,14600
20116,733
20116,6271
20116,22629
20117,7739
20117,17380
20118,11665
20118,10835
20119,1240
20119,14711
20120,210
20120,11510
20121,210
20121,1240
20122,25348
20122,8745
20123,13206
20124,8929
20124,1300
20124,17384
20125,210
20125,2476
20125,7192
20125,24702
20125,13923
20126,12579
20126,5519
20127,1300
20127,1765
20128,16853
20128,4182
20129,7019
20130,6396
20130,1240
20130,4514
20130,7019
20131,175
20131,22336
20132,138
20133,3603
20133,702
20134,702
20134,7019
20135,6462
20135,1300
20136,22463
20136,7133
20137,25241
20137,4324
20137,13480
20137,24339
20137,14220
20137,20170
20137,11333
20137,14999
20138,7019
20138,3357
20139,210
20139,2829
20140,9089
20140,8247
20141,1240
20141,7133
20142,4453
20142,13654
20142,14746
20142,11066
20142,6984
20143,8191
20144,7912
20144,175
20145,210
20145,2498
20145,6940
20145,2517
20145,4324
20146,21445
20146,3270
20147,210
20148,3308
20149,12480
20149,16339
20150,10911
20150,175
20151,175
20151,14746
20151,22823
20152,6583
20153,210
20154,702
20154,1240
20155,287
20156,3357
20157,702
20158,702
20159,7261
20160,702
20161,8471
20161,242
20162,15255
20162,21661
20162,6328
20162,5770
20162,19406
20162,22840
20162,171
20162,6329
20162,8002
20162,6540
20162,578
20162,23030
20162,21739
20162,3603
20162,13366
20162,14329
20162,22767
20162,24966
20162,853
20162,19916
20163,22646
20163,16906
20164,2552
20165,3217
20165,8382
20165,2855
20165,8797
20166,9800
20167,5057
20167,19025
20168,7440
20169,7912
20170,1240
20170,20137
20171,1240
20171,7019
20171,7133
20172,6462
20172,702
20172,175
20172,3550
20173,14052
20173,3357
20173,11293
20174,8152
20175,8673
20175,8718
20176,8040
20176,4324
20177,21220
20178,15695
20178,5618
20179,7030
20180,10911
20180,702
20180,175
20180,16853
20181,3217
20181,25348
20181,8343
20182,20805
20183,6850
20184,702
20184,1240
20184,13792
20184,11296
20184,349
20185,5392
20186,702
20186,210
20187,6732
20187,3217
20188,1240
20188,6204
20188,4324
20189,12180
20189,16968
20190,702
20190,8122
20191,2829
20191,2078
20192,6430
20193,210
20194,8398
20195,21836
20195,12180
20196,23006
20197,16949
20197,7273
20198,20913
20199,21220
20199,6850
20200,2829
20201,6518
20201,2829
20201,21688
20202,1240
20202,3562
20203,6664
20203,8709
20204,2829
20204,7019
20205,11026
20205,7133
20206,7912
20206,6330
20206,702
20207,15736
20207,16611
20208,18748
20208,3550
20209,21688
20209,12272
20210,8765
20210,15441
20211,7133
20212,210
20212,1240
20213,19822
20214,6747
20215,23254
20215,3357
20215,7019
20215,7923
20215,22910
20216,7895
20216,7019
20217,8709
20218,702
20218,7019
20219,6540
20219,6328
20220,13057
20221,7019
20221,3357
20222,15291
20222,6831
20222,3550
20222,853
20223,19159
20224,12311
20225,16949
20226,175
20226,14551
20226,24071
20227,7019
20227,7133
20228,22638
20228,7019
20229,4299
20230,210
20230,19030
20231,9071
20231,20912
20231,9251
20232,13848
20232,3000
20232,16604
20232,12950
20232,23015
20232,16026
20232,16689
20232,14193
20232,2177
20232,7251
20232,859
20232,2172
20232,13338
20232,11956
20232,11911
20232,21555
20233,6732
20233,8471
20234,1240
20234,175
20235,702
20236,12844
20237,14154
20237,21220
20237,5141
20237,5381
20237,2323
20237,15773
20238,6462
20238,175
20239,1268
20240,7133
20241,1240
20241,3562
20242,9499
20243,7912
20243,13791
20244,13228
20245,12715
20246,7019
20246,3550
20247,2111
20247,10911
20247,1274
20247,11487
20248,19263
20249,8709
20250,6462
20250,702
20250,2829
20250,175
20251,7067
20251,19095
20252,4549
20253,6396
20253,6518
20253,3755
20254,210
20254,7019
20255,9133
20255,3210
20256,14235
20256,20003
20256,16773
20256,7304
20257,6472
20257,6506
20258,2712
20258,210
20258,702
20258,7019
20259,2111
20259,210
20259,3562
20260,175
20261,12179
20262,7019
20263,702
20263,3659
20263,3321
20264,2855
20265,8552
20266,4324
20267,4231
20268,6462
20268,1300
20269,3293
20270,210
20270,16811
20271,6129
20272,10595
20273,19753
20273,7795
20273,14009
20273,23185
20274,9168
20275,6396
20275,1240
20276,6396
20276,175
20277,9404
20278,43
20278,210
20278,8221
20279,19887
20280,7133
20281,9051
20282,3357
20283,702
20283,1240
20283,3357
20284,413
20284,4498
20284,5007
20285,702
20285,210
20285,7019
20286,703
20286,2687
20287,2829
20287,1786
20288,702
20288,1240
20289,210
20289,6332
20290,3217
20291,13122
20292,8221
20292,3216
20293,702
20293,6129
20294,1240
20294,7133
20295,22352
20295,921
20295,12492
20296,175
20296,12542
20297,9199
20298,12671
20299,6199
20299,702
20300,3190
20300,3171
20300,1240
20300,6134
20300,3202
20300,1666
20300,11532
20300,3125
20300,6454
20300,17087
20301,22692
20302,6763
20302,21414
20303,12480
20304,20639
20305,20486
20306,16815
20306,10835
20306,7304
20307,7912
20307,6129
20308,6182
20309,210
20310,8324
20310,8247
20311,702
20311,6396
20311,7019
20312,108
20312,15498
20313,8049
20313,20081
20314,175
20314,22774
20315,210
20315,1240
20315,7019
20316,1240
20316,1127
20316,3258
20316,2904
20316,7019
20316,3357
20316,3562
20316,20563
20317,10911
20317,7019
20318,7019
20318,7133
20319,17590
20319,18062
20319,242
20320,8733
20320,12696
20321,19177
20321,7019
20322,11316
20322,11665
20322,16815
20323,20805
20324,3301
20325,7019
20326,3562
20327,1240
20328,7019
20329,8929
20329,3357
20330,702
20331,175
20331,4324
20332,3357
20332,7019
20333,7729
20333,4324
20334,21403
20334,21051
20335,6518
20336,21220
20336,6850
20337,8673
20337,8796
20338,6462
20338,5411
20338,6454
20339,9122
20340,8939
20340,5618
20341,5618
20342,3562
20343,7019
20344,19882
20345,6365
20345,4324
20346,8499
20346,20918
20347,210
20347,16946
20348,3293
20348,16087
20349,702
20349,7019
20350,210
20351,5618
20351,20805
20351,12742
20351,8247
20352,7019
20352,16483
20353,702
20353,210
20354,175
20355,702
20356,702
20356,210
20356,1240
20356,22774
20356,7019
20356,3550
20357,8221
20357,20619
20358,8221
20358,12875
20358,3550
20359,7019
20360,8673
20360,8391
20361,19095
20362,3217
20362,8403
20363,1240
20363,7019
20364,8199
20365,702
20365,7019
20366,23288
20366,7893
20367,6462
20367,175
20367,20563
20368,12742
20369,6396
20369,7133
20370,8247
20371,8616
20372,702
20372,10911
20373,1240
20373,11993
20374,703
20374,1240
20375,7019
20375,16215
20376,8469
20376,6909
20377,702
20377,19359
20377,22579
20377,19095
20378,3357
20379,6462
20380,238
20380,3550
20381,1240
20382,13791
20383,6396
20384,15695
20385,1274
20385,3258
20386,19093
20386,702
20386,10911
20386,3357
20386,6994
20386,10913
20387,8882
20387,3210
20387,155
20388,175
20389,5569
20389,11538
20389,294
20390,210
20390,702
20390,7019
20391,1240
20391,7019
20392,175
20392,7133
20393,702
20393,7019
20394,6199
20394,1240
20395,6994
20396,210
20396,1240
20397,1240
20398,702
20398,6387
20399,6129
20400,8929
20400,13031
20401,702
20401,2829
20402,1300
20402,3357
20403,702
20403,7019
20404,21456
20404,1300
20404,8423
20404,24628
20405,7019
20405,3550
20406,22455
20407,175
20407,3492
20408,9133
20409,7133
20410,702
20410,1240
20411,8309
20412,1240
20413,210
20413,6874
20413,13577
20413,14508
20413,10552
20414,175
20414,6518
20414,21782
20414,10543
20414,10467
20415,9005
20416,9122
20417,702
20417,3562
20418,18065
20419,6850
20419,21012
20420,9081
20421,21484
20421,16301
20422,702
20422,6424
20423,19010
20424,702
20424,7019
20425,10911
20426,3762
20426,12625
20426,10803
20426,20498
20426,3550
20426,21221
20427,1240
20427,7019
20428,2829
20428,3357
20428,7019
20429,175
20429,15464
20429,3562
20429,19025
20430,10913
20431,19263
20432,175
20432,7995
20433,22443
20433,14668
20434,702
20434,7019
20435,24786
20435,9753
20436,702
20437,1240
20437,7019
20438,702
20438,1240
20439,4324
20440,702
20440,7019
20441,702
20441,175
20442,3258
20442,19532
20442,3550
20443,6747
20444,1240
20444,22970
20445,702
20445,210
20446,5401
20446,6806
20447,15975
20447,16580
20448,702
20449,20635
20449,3550
20450,6462
20450,391
20450,20563
20451,318
20451,5392
20452,856
20453,1768
20453,7019
20454,3603
20454,702
20454,15291
20455,3258
20456,7019
20457,210
20457,1576
20458,4182
20458,7019
20459,8882
20459,3321
20460,16276
20460,22352
20460,1671
20460,866
20460,5714
20461,6462
20461,3492
20461,8002
20461,6940
20461,19152
20461,3357
20461,217
20461,3214
20462,11854
20462,19025
20463,13532
20464,1240
20465,703
20465,8369
20466,6831
20466,3304
20467,12969
20467,15834
20468,11428
20468,1240
20468,7133
20469,702
20469,1240
20469,7019
20470,4324
20471,7019
20471,10913
20472,12130
20473,7912
20473,702
20474,6540
20474,19152
20474,6940
20474,4324
20474,3603
20474,175
20474,8002
20474,3357
20474,3304
20474,217
20475,16714
20475,6994
20476,7912
20476,2704
20477,21220
20477,15773
20478,1240
20478,6251
20479,210
20479,702
20480,210
20480,17230
20481,8474
20482,6462
20482,24641
20482,217
20482,13238
20482,17132
20482,20563
20483,12877
20484,12977
20484,2119
20484,3278
20485,16370
20485,15476
20485,8453
20486,5358
20486,3930
20486,11462
20486,11032
20486,8988
20486,8850
20486,6768
20486,16957
20486,3519
20486,4985
20486,21333
20486,3285
20486,13081
20486,9021
20486,8775
20486,5178
20486,16286
20486,20519
20486,1274
20486,13238
20486,8131
20486,3522
20486,3879
20486,4616
20486,3217
20486,5117
20486,24956
20486,6454
20486,9199
20486,1571
20486,4866
20486,20867
20486,8616
20486,4755
20486,12397
20486,24784
20486,6940
20486,1389
20486,3313
20486,3541
20486,14571
20486,24740
20486,22871
20486,5733
20486,13258
20486,6606
20486,19882
20486,20664
20486,13305
20486,21897
20486,15494
20486,10411
20486,8581
20486,17494
20486,21127
20486,20603
20486,20504
20486,5277
20486,9006
20486,5564
20486,5813
20486,21205
20486,14517
20486,5592
20486,12698
20486,16692
20486,15553
20486,6663
20486,9923
20486,4065
20486,3437
20486,20604
20486,5835
20486,9361
20486,15708
20486,4078
20486,13057
20486,13303
20486,9404
20486,21481
20486,8875
20486,21927
20486,24838
20486,15469
20486,3492
20486,5415
20486,22750
20486,8595
20486,19023
20486,12822
20486,17688
20486,2659
20486,12551
20486,18652
20486,4937
20486,2579
20486,21227
20486,21128
20486,3562
20486,7494
20486,24613
20486,8843
20486,703
20486,8471
20486,8440
20486,8921
20486,18780
20486,18499
20486,7899
20486,4030
20486,2428
20486,5283
20486,9726
20486,13132
20486,16445
20486,95
20486,16021
20486,19496
20486,21018
20486,12980
20486,12336
20486,20873
20486,24627
20486,24321
20486,8407
20486,5390
20486,12959
20486,12686
20486,8360
20486,1080
20486,8383
20486,20871
20486,1670
20486,13896
20486,236
20486,21484
20486,17987
20486,9884
20486,5819
20486,9899
20486,9449
20486,8745
20486,217
20486,21192
20486,17084
20486,6599
20486,7746
20486,22190
20486,24690
20486,16180
20486,3227
20486,24589
20486,25293
20486,260
20486,4750
20486,9586
20486,21415
20486,21106
20486,13096
20486,16301
20486,175
20486,9292
20486,15693
20486,15975
20486,9889
20486,3557
20486,8949
20486,21066
20486,19152
20486,8630
20486,8851
20486,4186
20486,16114
20486,4067
20486,20896
20486,5574
20486,21299
20486,12684
20486,1300
20486,4116
20486,20803
20486,2523
20486,3344
20486,13106
20486,18930
20486,13119
20486,21144
20486,11073
20486,9790
20486,25348
20486,2673
20486,20305
20486,19700
20486,3196
20486,8829
20486,4917
20486,21480
20486,3745
20486,22296
20486,7921
20486,16955
20486,9016
20486,22062
20486,8346
20486,18452
20486,12333
20486,3842
20486,242
20486,12419
20486,6857
20486,21045
20486,25160
20486,12165
20486,17352
20486,24811
20486,16322
20486,5150
20486,16346
20486,15641
20486,17910
20486,15379
20486,15798
20486,3214
20486,22232
20486,24924
20486,4660
20486,16095
20486,12773
20486,17330
20486,5548
20486,3766
20486,20520
20486,3772
20486,8157
20486,17355
20486,7786
20486,2139
20486,9047
20486,21497
20486,7914
20487,8939
20488,12875
20489,17439
20490,8247
20491,12390
20491,21128
20492,12969
20492,5618
20492,8247
20493,8929
20493,21660
20494,3304
20495,13229
20496,6462
20496,1274
20496,3492
20496,15704
20496,5706
20496,19152
20496,13238
20496,3562
20496,8929
20496,16151
20496,175
20496,217
20497,3217
20498,17908
20498,16408
20498,9800
20498,9595
20498,16771
20498,19933
20498,21099
20498,17816
20498,20426
20499,8221
20500,15757
20501,1300
20501,4540
20501,6940
20501,25179
20501,8929
20501,175
20501,5414
20501,8002
20501,217
20502,8929
20502,6662
20503,15558
20504,1300
20504,9017
20504,20486
20505,6462
20505,16151
20505,24786
20505,13238
20505,19152
20505,217
20505,12307
20506,703
20506,702
20506,3304
20507,1242
20508,6462
20508,1300
20508,175
20508,13238
20508,217
20508,1104
20509,17590
20509,217
20510,12994
20511,5365
20511,8991
20512,9133
20512,9146
20513,25075
20514,8435
20515,1300
20515,12553
20516,12705
20516,20551
20516,12884
20517,5709
20517,15498
20518,8585
20518,5487
20519,4988
20519,20486
20520,8998
20520,20486
20521,6462
20521,15640
20521,18546
20521,21081
20521,23940
20521,24911
20521,7085
20521,14071
20521,16456
20521,3357
20521,5004
20522,15736
20522,16611
20522,14538
20523,1268
20523,12875
20524,15411
20524,2932
20525,8199
20526,5015
20527,5604
20527,9120
20528,8929
20528,175
20528,3258
20528,3492
20528,13238
20528,217
20529,8857
20530,3254
20530,9414
20531,5607
20532,9296
20533,25309
20533,4496
20534,4638
20534,3217
20534,8343
20534,13539
20535,3217
20536,4941
20536,1300
20536,12765
20536,5469
20536,21312
20536,18919
20536,13100
20536,15737
20536,3357
20536,4917
20536,14102
20537,20877
20537,8718
20538,8340
20539,8929
20539,16266
20539,8369
20540,6850
20540,24996
20540,15773
20541,5618
20541,8247
20542,8221
20542,3216
20543,1300
20543,16087
20544,6904
20545,3217
20545,8403
20545,217
20546,22027
20546,8757
20547,3321
20547,8221
20548,3492
20548,3258
20548,19152
20548,6940
20548,8723
20548,175
20548,3321
20548,5414
20548,8002
20548,217
20548,3214
20549,2589
20550,24784
20551,20516
20552,5409
20553,8939
20553,24725
20554,5618
20555,1268
20555,12875
20555,3270
20556,8891
20556,15666
20556,8665
20556,24725
20557,21157
20557,20697
20557,3321
20557,21083
20557,8198
20557,20911
20557,20663
20557,23177
20557,3550
20558,12390
20559,9071
20560,15624
20560,13031
20561,21478
20562,3321
20562,8768
20563,3709
20563,5615
20563,17132
20563,20954
20563,24958
20563,8043
20563,3427
20563,5206
20563,10181
20563,7779
20563,20316
20563,20868
20563,217
20563,13147
20563,20788
20563,8583
20563,5211
20563,5350
20563,4752
20563,13238
20563,8919
20563,24754
20563,14130
20563,9144
20563,18049
20563,5377
20563,8609
20563,20367
20563,10386
20563,24731
20563,8269
20563,7548
20563,3435
20563,3684
20563,25152
20563,17916
20563,15427
20563,21000
20563,8955
20563,19152
20563,10375
20563,21272
20563,9753
20563,19596
20563,5420
20563,6462
20563,16266
20563,24786
20563,20450
20563,19567
20563,14376
20563,21289
20563,15880
20563,8316
20563,16151
20563,19474
20563,23149
20563,16909
20563,24587
20563,15875
20563,22509
20563,15436
20563,18445
20563,10226
20563,15629
20563,287
20563,12860
20563,10594
20563,9455
20563,2138
20563,10727
20563,5419
20563,332
20563,19934
20563,16319
20563,5442
20563,315
20563,5055
20563,2381
20563,17358
20563,3328
20563,2850
20563,5104
20563,4857
20563,8561
20563,8005
20563,2128
20563,10450
20563,20482
20563,391
20563,19707
20563,17583
20563,12324
20564,8678
20565,8733
20566,9212
20567,8221
20567,3353
20568,6462
20568,5414
20568,6940
20569,6462
20569,175
20569,3550
20570,1300
20570,1240
20570,8452
20570,16332
20570,17501
20570,3550
20570,21857
20570,5326
20570,19816
20570,16087
20570,16793
20571,3321
20571,12767
20572,3293
20572,6668
20573,10283
20573,8221
20574,6664
20575,3247
20576,6462
20576,6940
20576,3357
20576,16261
20577,1300
20577,8360
20578,703
20578,1274
20579,8826
20579,22584
20579,5435
20580,5589
20580,8929
20581,20747
20582,5484
20583,6740
20584,8305
20585,3216
20586,703
20587,15946
20587,12361
20588,175
20588,8639
20589,8247
20589,24725
20590,8673
20591,6850
20591,6887
20592,19887
20592,8199
20593,6850
20593,20745
20594,20877
20594,13125
20595,5401
20595,8768
20596,12317
20597,12671
20597,7995
20598,3268
20598,217
20599,16333
20599,830
20600,8221
20600,15571
20601,3321
20601,8882
20602,8709
20603,8343
20603,20486
20604,21454
20604,20486
20605,1268
20605,12875
20606,8515
20606,8438
20607,3258
20607,8099
20607,3357
20608,12347
20608,24725
20609,3321
20609,4571
20609,12875
20610,12347
20611,12969
20611,8309
20612,6831
20612,3304
20613,13031
20613,8759
20614,15624
20615,8709
20616,16021
20617,5700
20617,8709
20617,22364
20617,25117
20618,6462
20618,287
20618,3357
20618,6454
20618,3550
20619,20357
20619,175
20619,8221
20620,3254
20621,13590
20622,1274
20622,3258
20623,4590
20624,5487
20625,15411
20625,12302
20626,21243
20626,12544
20626,260
20626,19550
20627,13190
20628,13238
20629,8343
20629,8471
20630,6779
20631,3217
20631,3278
20632,12525
20633,20886
20633,3072
20633,12698
20633,24839
20633,8172
20633,18762
20633,12058
20633,18673
20633,19700
20633,21118
20633,140
20633,8424
20633,24768
20633,6910
20633,20671
20633,9135
20633,8028
20633,24914
20633,19653
20633,16706
20633,20963
20634,15838
20634,681
20634,8366
20634,6696
20635,13215
20635,8200
20635,6831
20635,20449
20635,19640
20635,20815
20635,3479
20635,175
20635,3321
20635,8221
20635,3304
20635,217
20636,6462
20636,175
20636,3258
20637,21128
20638,6735
20639,20304
20639,8929
20639,1300
20639,6735
20639,10432
20639,3258
20639,12938
20640,6462
20640,8583
20640,19152
20640,13238
20640,217
20641,154
20641,1300
20641,12289
20641,3492
20641,13238
20641,19152
20641,16151
20641,175
20641,217
20641,3304
20641,6454
20641,12760
20642,6737
20643,3314
20644,12875
20645,3217
20646,3550
20647,12733
20647,12658
20647,25303
20647,20796
20647,17008
20647,8824
20647,16069
20647,21072
20647,15367
20647,3492
20647,2998
20647,13238
20647,12899
20647,20677
20647,15375
20647,15895
20648,8929
20648,9625
20648,175
20648,12733
20648,16375
20648,17262
20648,19041
20649,175
20649,12716
20650,4590
20650,12716
20651,4559
20651,16586
20651,3258
20651,9009
20652,6864
20653,5414
20653,5463
20654,5638
20655,2111
20655,5467
20656,1300
20656,8733
20656,3278
20656,23803
20657,12969
20658,5254
20658,8391
20658,19243
20659,5603
20660,8752
20661,8068
20661,24127
20662,4941
20662,5424
20663,20557
20663,6852
20664,20486
20664,3278
20665,6664
20665,12311
20666,1300
20666,17643
20666,3357
20667,16944
20667,10008
20667,16657
20668,8718
20669,6664
20669,13310
20670,3217
20670,20069
20670,12211
20670,7914
20671,20633
20672,5607
20673,8221
20673,3216
20674,5618
20675,20997
20676,6847
20677,8688
20677,1300
20677,20975
20677,16219
20677,12513
20677,25055
20677,20647
20677,217
20677,20793
20677,3304
20677,20831
20677,24957
20677,8865
20677,19030
20677,2498
20677,3492
20677,7930
20677,13238
20677,2517
20677,25059
20677,9133
20677,6806
20677,6940
20677,12580
20677,175
20677,1669
20677,12932
20677,16056
20677,16825
20677,6540
20677,13040
20677,12330
20677,12471
20677,15373
20677,8352
20677,18741
20677,3550
20677,2915
20677,5414
20677,16988
20677,5518
20677,3357
20678,6736
20678,13238
20679,18754
20679,20745
20679,21514
20680,3492
20680,3258
20680,13238
20680,6940
20680,19152
20680,18454
20680,16151
20680,8002
20680,217
20680,3357
20680,3214
20681,1300
20682,703
20682,3293
20682,8221
20683,17643
20683,8718
20684,703
20684,702
20685,8438
20686,13125
20687,15905
20687,1300
20687,287
20687,15599
20687,5857
20687,1274
20687,8805
20688,5618
20688,8247
20689,12390
20690,2857
20691,2821
20692,15558
20692,3216
20693,8403
20694,5401
20694,8221
20695,13102
20695,25075
20696,703
20696,5090
20697,24602
20697,5909
20697,20557
20697,18084
20697,2589
20697,16976
20697,720
20698,3321
20698,3550
20699,18780
20699,2855
20700,1367
20700,13250
20701,9089
20702,20805
20702,8247
20703,8403
20703,13231
20704,3255
20705,6462
20705,3780
20705,2996
20705,5386
20705,13238
20705,16607
20705,5404
20705,9075
20705,8929
20706,703
20706,5389
20707,8929
20707,17124
20708,4590
20708,16211
20709,12768
20709,703
20710,21438
20710,8017
20711,3258
20712,8929
20713,3357
20714,13229
20715,15773
20716,6462
20717,6664
20717,9051
20718,3217
20718,8403
20719,3258
20719,13238
20719,6940
20719,175
20719,8002
20719,217
20719,6454
20719,3214
20720,12976
20721,18131
20721,5205
20722,175
20722,3321
20722,6454
20722,16031
20723,6664
20723,17124
20723,17680
20723,17911
20724,1300
20724,3258
20724,13238
20724,3357
20725,12964
20726,21220
20726,25217
20727,15739
20728,15704
20729,8506
20730,1300
20730,8929
20731,9032
20731,8369
20732,19914
20732,6454
20733,4571
20734,5790
20735,1258
20735,6924
20736,6462
20736,8929
20737,10226
20738,703
20738,8221
20738,3357
20739,1902
20739,8438
20740,24990
20740,13238
20741,703
20741,8221
20742,9071
20742,8867
20742,8718
20743,16251
20743,8929
20744,703
20744,3304
20745,16048
20745,25144
20745,15013
20745,22293
20745,4348
20745,3262
20745,12187
20745,7991
20745,25134
20745,5044
20745,17242
20745,21817
20745,8769
20745,20593
20745,9750
20745,8386
20745,21870
20745,15596
20745,17508
20745,12594
20745,24946
20745,6454
20745,19073
20745,6877
20745,11022
20745,4953
20745,25083
20745,14369
20745,21311
20745,12999
20745,703
20745,702
20745,175
20745,21565
20745,5699
20745,5547
20745,10325
20745,3559
20745,20679
20745,21375
20745,17498
20745,16636
20745,21152
20745,13189
20745,5414
20745,8344
20745,8857
20745,3357
20745,16460
20745,10395
20746,3270
20747,8661
20747,21308
20747,3270
20747,10269
20747,20581
20748,2915
20748,6462
20748,16151
20748,287
20748,217
20748,13238
20748,19152
20748,8919
20749,8221
20749,3353
20750,24680
20751,8865
20752,21386
20752,6462
20752,4883
20752,3258
20752,13238
20752,25102
20752,16511
20753,3293
20754,8709
20755,5618
20755,24725
20756,1240
20756,8805
20756,12307
20757,6462
20757,8929
20758,9133
20759,6462
20759,8929
20760,182
20760,6763
20760,1240
20760,24732
20760,15841
20760,5242
20760,5342
20760,15413
20760,702
20760,18390
20760,21009
20760,6454
20761,8929
20761,2135
20761,12360
20761,3258
20761,3353
20762,20851
20762,12531
20763,13229
20764,15695
20764,8324
20764,8247
20765,20886
20765,1240
20765,8172
20765,8906
20765,21267
20765,9805
20765,703
20765,8471
20765,18467
20765,9428
20765,3278
20765,13216
20765,8378
20765,320
20765,8424
20765,5312
20765,9393
20765,19589
20765,3550
20765,9895
20765,3217
20765,4027
20765,7971
20765,9446
20765,25291
20765,6864
20765,5461
20765,22328
20765,6859
20766,703
20766,8221
20767,6462
20767,175
20767,9037
20767,6739
20767,3357
20767,24777
20767,13238
20768,6850
20768,12884
20769,19710
20769,16909
20770,8929
20770,16318
20771,13229
20772,16011
20772,15492
20772,20056
20772,12901
20772,9122
20772,16857
20772,4627
20773,1300
20773,6454
20773,21502
20774,1300
20774,3321
20774,287
20774,5414
20774,13238
20774,217
20774,3304
20775,3293
20775,6668
20776,13238
20776,5431
20777,175
20777,1274
20778,6748
20779,15695
20779,5618
20779,12742
20780,4894
20780,175
20780,7995
20781,15925
20782,21022
20783,6321
20783,3357
20784,8929
20784,1274
20784,5431
20785,5401
20785,3353
20786,15773
20787,5616
20788,2336
20788,8929
20788,24786
20788,20563
20789,21157
20789,5519
20790,8733
20791,3255
20792,25075
20792,3357
20793,20677
20793,4590
20794,6855
20795,8221
20795,12875
20796,20647
20796,8221
20797,7995
20798,9953
20798,17999
20798,19178
20799,8435
20800,6462
20800,1300
20800,19437
20800,8002
20800,6940
20800,19152
20800,217
20801,9117
20802,5569
20803,8745
20803,20486
20804,8343
20805,15444
20805,347
20805,8887
20805,8478
20805,3911
20805,22162
20805,13585
20805,10463
20805,5445
20805,9169
20805,8293
20805,3304
20805,15619
20805,10253
20805,2305
20805,5313
20805,21816
20805,8820
20805,16979
20805,7163
20805,5307
20805,4744
20805,16341
20805,5712
20805,175
20805,9342
20805,7135
20805,5321
20805,6899
20805,8187
20805,19174
20805,21112
20805,6779
20805,25192
20805,20702
20805,21259
20805,12878
20805,6834
20805,11289
20805,18525
20805,3063
20805,23871
20805,1300
20805,18917
20805,5341
20805,15040
20805,10448
20805,11543
20805,14125
20805,20182
20805,6696
20805,5401
20805,12853
20805,13921
20805,24672
20805,18646
20805,7908
20805,18194
20805,11121
20805,4991
20805,3565
20805,9298
20805,19322
20805,11602
20805,20939
20805,5076
20805,6886
20805,21434
20805,23453
20805,11327
20805,21022
20805,17108
20805,9582
20805,24608
20805,10904
20805,5029
20805,16275
20805,10141
20805,4578
20805,8695
20805,19594
20805,3736
20805,9903
20805,5318
20805,22397
20805,20809
20805,22139
20805,3550
20805,21277
20805,3704
20805,17188
20805,9997
20805,9546
20805,20351
20805,5026
20805,20323
20805,14401
20806,5401
20807,3217
20807,12390
20807,8343
20807,2855
20808,4522
20808,3268
20808,217
20809,12969
20809,20805
20810,324
20810,21689
20811,9067
20811,3210
20812,15585
20812,3258
20812,3357
20813,12884
20814,5409
20815,3321
20815,20635
20815,21568
20815,1902
20815,3304
20815,6731
20816,12360
20817,3317
20817,5430
20818,3317
20819,21384
20819,21361
20819,4916
20820,8969
20820,3270
20821,18733
20822,8709
20823,703
20823,5431
20824,12531
20824,13229
20825,8930
20826,1300
20826,25161
20826,3258
20827,12477
20828,9120
20829,8929
20830,12969
20830,5618
20831,25075
20831,20677
20831,3357
20832,3256
20832,13229
20832,15773
20833,9200
20834,8166
20834,15773
20835,24959
20835,3258
20835,3492
20835,6940
20835,19152
20835,13238
20835,221
20835,3357
20835,217
20835,3214
20836,21147
20836,10383
20837,8221
20838,8247
20839,3321
20839,175
20839,1274
20839,24655
20840,6850
20841,6747
20841,22101
20841,19909
20842,8585
20842,5487
20843,7891
20843,260
20843,20871
20844,3255
20844,22417
20845,703
20845,5401
20846,8709
20847,6748
20847,6852
20848,16151
20848,287
20848,24786
20848,217
20848,13238
20848,8919
20849,6732
20849,3217
20850,9133
20850,3210
20851,19608
20851,13104
20851,20762
20851,2697
20851,17992
20851,4595
20851,9588
20851,12295
20852,8221
20853,6698
20854,2263
20854,17743
20854,10288
20854,9593
20854,1277
20854,3321
20854,7901
20854,6454
20854,9538
20855,8929
20855,24886
20855,175
20856,6806
20856,3210
20857,21489
20858,8929
20858,1300
20858,217
20858,15413
20859,21153
20859,10273
20859,5537
20859,5512
20859,15413
20859,52
20859,366
20860,15571
20861,10125
20861,3357
20862,1343
20862,3247
20863,8221
20863,12875
20864,1765
20864,1902
20865,9133
20866,12875
20867,8571
20867,8745
20867,20486
20868,24786
20868,9753
20868,20563
20869,1837
20869,2687
20870,8427
20870,8929
20870,3550
20871,5797
20871,18870
20871,3687
20871,20843
20871,20486
20871,3867
20872,9122
20873,20486
20874,3256
20874,5575
20875,2855
20876,5392
20877,3620
20877,25148
20877,9213
20877,8945
20877,8097
20877,20594
20877,19438
20877,20537
20877,8721
20877,9251
20877,21965
20877,9714
20877,2259
20877,16406
20877,19672
20877,15302
20877,18990
20877,9306
20877,5901
20877,10740
20877,14356
20877,9235
20877,3893
20877,9071
20877,8014
20877,18389
20877,5491
20878,21293
20878,10052
20878,12447
20878,9051
20878,3301
20878,8184
20878,6747
20878,4879
20878,16475
20878,6664
20878,11204
20878,22102
20878,5653
20879,15695
20880,12311
20881,9137
20881,3357
20881,3210
20882,15736
20883,8709
20883,12302
20884,3247
20885,5611
20886,20765
20886,3217
20886,19882
20886,20633
20886,2855
20887,18749
20887,175
20887,1274
20887,6806
20887,3357
20887,13238
20888,15587
20889,3247
20890,12742
20891,8969
20891,12875
20892,8969
20893,3314
20894,1837
20894,175
20895,8929
20896,12390
20896,20486
20897,703
20897,287
20898,12531
20898,6704
20899,5618
20899,8324
20900,703
20900,3321
20901,15558
20901,175
20902,21414
20903,5401
20904,9899
20904,217
20904,3278
20904,2855
20905,3293
20905,8435
20906,8221
20906,12542
20907,8221
20907,3353
20908,5423
20909,15653
20910,24897
20911,20557
20912,20231
20913,8929
20913,1268
20913,20198
20914,12875
20915,12671
20916,6462
20916,287
20916,3357
20916,6454
20916,3550
20917,1274
20917,217
20917,13238
20918,3258
20918,20346
20919,8470
20919,8929
20920,8343
20920,12977
20920,22431
20920,217
20921,21304
20921,6462
20921,175
20921,13238
20922,12480
20922,1274
20923,13229
20924,6462
20924,19152
20924,3357
20924,6940
20924,3214
20924,5714
20925,4571
20925,3303
20926,1274
20926,3216
20927,12671
20927,175
20928,13238
20928,3210
20929,8525
20929,826
20929,10273
20929,15413
20929,8497
20929,8489
20929,8453
20930,9296
20931,6747
20931,12311
20932,3293
20932,3247
20932,16087
20933,15871
20933,15795
20933,9787
20933,19152
20933,3550
20933,4625
20933,16151
20933,24675
20933,175
20933,10505
20933,3304
20933,217
20933,3357
20933,5004
20933,25092
20934,3357
20935,6012
20936,8515
20936,8446
20937,6454
20938,2296
20938,3321
20938,3331
20939,20805
20939,8247
20940,21017
20940,5519
20941,1300
20941,12957
20941,16151
20941,217
20941,3304
20941,4636
20941,4475
20941,287
20941,1274
20941,3492
20941,3258
20941,13238
20941,5512
20941,2904
20941,1281
20941,2517
20941,4324
20941,4437
20941,4638
20941,11165
20941,3321
20941,12223
20941,6454
20941,12990
20941,6068
20941,6940
20941,21343
20941,3562
20941,6129
20941,8929
20941,175
20941,23353
20941,3214
20941,7912
20941,6540
20941,5051
20941,19152
20941,12683
20941,4135
20941,3550
20941,2915
20941,11687
20941,210
20941,5414
20941,9458
20942,13038
20943,1268
20943,12875
20943,3270
20944,8675
20944,1258
20945,5401
20945,12542
20946,193
20947,4546
20947,15836
20947,4896
20948,8199
20949,8448
20950,15498
20951,3256
20951,5141
20952,5401
20952,21287
20953,15831
20954,6462
20954,287
20954,217
20954,13238
20954,8919
20954,20563
20955,12445
20956,703
20956,1240
20956,1274
20957,16155
20958,6748
20959,2687
20959,3270
20960,4882
20960,6763
20960,12560
20960,23268
20960,3270
20961,8925
20961,1300
20961,6339
20961,18101
20961,5728
20961,19504
20961,13604
20961,9273
20961,5445
20961,20028
20961,21636
20961,3847
20961,16061
20961,13564
20961,18224
20961,3692
20961,21567
20961,10826
20961,15879
20961,16599
20961,15370
20961,8794
20961,3357
20961,5817
20961,3980
20962,8835
20962,21022
20962,9451
20962,6454
20962,3550
20963,8028
20963,4750
20963,217
20963,20633
20963,12696
20964,3321
20964,24637
20964,17736
20964,12970
20964,4920
20965,5519
20966,560
20966,1300
20966,6803
20966,681
20966,24490
20966,3301
20966,2908
20966,19402
20966,1931
20966,787
20966,6510
20966,21976
20966,5409
20966,2109
20966,2615
20966,2108
20966,3179
20966,2698
20966,2019
20966,1854
20966,2603
20966,2612
20966,7576
20966,3059
20966,379
20966,8518
20966,21321
20966,3209
20966,11538
20966,2201
20966,1104
20966,1214
20966,12047
20966,24491
20966,2604
20966,1956
20966,138
20966,2853
20966,767
20966,3222
20966,3357
20966,2608
20966,294
20966,8502
20966,2848
20967,12542
20967,3353
20968,9122
20969,9159
20970,287
20970,19567
20971,8733
20972,8789
20973,3270
20974,12742
20975,20677
20975,6806
20976,3353
20977,6462
20977,3258
20977,24638
20977,3492
20977,19152
20977,6940
20977,6084
20977,3345
20977,16151
20977,25099
20977,217
20977,3214
20977,12990
20978,8343
20978,21128
20979,9122
20980,13308
20980,15773
20981,8929
20981,8221
20982,1268
20982,3270
20983,15695
20984,5618
20985,703
20985,5401
20986,299
20986,8733
20987,21147
20988,8221
20989,21478
20990,6850
20991,1240
20991,1274
20991,15571
20992,1240
20992,1274
20993,12798
20994,6738
20994,1268
20994,12475
20995,15558
20995,8256
20996,3562
20997,20675
20997,16161
20998,5679
20998,16087
20999,9035
21000,3357
21000,20563
21001,8929
21001,5512
21002,12969
21002,12832
21003,1258
21003,15783
21004,6763
21005,19822
21006,21295
21007,3314
21007,3270
21008,12805
21008,8929
21009,15841
21009,20760
21010,8343
21010,21497
21011,15858
21011,5618
21012,15890
21012,5270
21012,22417
21012,25151
21012,20419
21012,9663
21012,17173
21012,10234
21012,22231
21012,8144
21013,3321
21014,6003
21014,12606
21014,4951
21014,7355
21014,1765
21014,175
21014,12615
21015,1268
21015,12875
21016,8221
21017,12527
21017,24982
21017,3752
21017,15722
21017,24871
21017,8539
21017,12984
21017,20940
21017,21246
21017,19592
21017,15422
21017,25242
21017,2878
21017,3550
21017,24722
21017,11764
21017,21062
21018,5969
21018,20486
21019,12492
21020,175
21021,8552
21022,5618
21022,20805
21022,5551
21022,20782
21022,3321
21022,20962
21022,8087
21022,13294
21023,16277
21023,8590
21024,4616
21025,12732
21025,13271
21026,5401
21026,3353
21027,8882
21027,8221
21028,16339
21028,3353
21029,6806
21029,12313
21030,12370
21030,6847
21031,8894
21031,5606
21032,3328
21032,8765
21033,9146
21033,12694
21034,8785
21035,8929
21035,3270
21036,16207
21036,5199
21037,175
21038,175
21039,12770
21040,1902
21040,8438
21041,20098
21041,6831
21041,8221
21042,12671
21043,22352
21043,12492
21044,12407
21045,6475
21045,20486
21046,24972
21047,3217
21047,2855
21048,8221
21048,6731
21049,5015
21049,8483
21050,12875
21051,20102
21051,25243
21051,9829
21051,20334
21051,5237
21052,6909
21052,3357
21052,19152
21053,12553
21054,8221
21054,6806
21055,1274
21055,2530
21056,8427
21056,25014
21056,8828
21056,217
21056,19152
21056,6940
21056,3357
21056,3214
21057,12875
21058,3321
21058,175
21059,8969
21060,3210
21060,12694
21061,3293
21061,8221
21062,21017
21062,12579
21062,3250
21063,6698
21064,9133
21064,8221
21065,13294
21066,1300
21066,19529
21066,6829
21066,5965
21066,20486
21066,8747
21066,21557
21066,703
21066,3240
21066,4574
21066,12706
21067,1268
21067,12875
21068,8745
21069,8247
21070,8929
21070,3304
21071,703
21071,9912
21071,8929
21071,702
21071,1240
21071,704
21071,3301
21071,7133
21072,20647
21072,3357
21073,9122
21074,8342
21074,13238
21075,8929
21075,13090
21075,3270
21075,12875
21076,21220
21076,6850
21077,6462
21077,3357
21078,8221
21078,5463
21078,21158
21079,5534
21079,6454
21080,3249
21080,8221
21081,6462
21081,20521
21082,13031
21083,20557
21083,5519
21084,287
21084,15599
21084,8882
21085,9122
21086,10169
21087,13308
21087,10527
21088,95
21088,5548
21089,8698
21090,6664
21091,16457
21092,3256
21092,4933
21092,16642
21092,10389
21093,8709
21094,5401
21094,15831
21095,6462
21095,1300
21095,287
21095,6454
21096,13047
21096,18805
21097,12370
21098,17792
21099,20498
21100,6462
21100,3258
21100,6940
21100,13238
21100,19152
21100,3345
21100,8002
21100,217
21100,3214
21101,6462
21102,8221
21102,12875
21103,6731
21104,8921
21105,12298
21105,5378
21105,8514
21106,8343
21106,20486
21106,9923
21106,18426
21106,21333
21106,11073
21106,21185
21106,17494
21106,18499
21106,8921
21107,8929
21108,25145
21108,5392
21108,19708
21109,5433
21109,8221
21109,6849
21110,5015
21110,16084
21111,703
21111,15571
21112,20805
21113,21220
21114,8448
21114,3304
21115,8929
21115,3216
21116,3270
21116,12875
21117,6747
21118,1300
21118,8343
21118,6855
21118,8493
21118,17093
21118,2915
21118,6698
21118,13063
21118,20633
21118,3278
21119,703
21120,21319
21121,287
21121,12492
21121,5923
21122,8448
21123,6657
21123,5463
21123,3357
21123,16335
21124,12969
21124,5618
21125,16611
21126,1240
21126,8221
21127,4988
21127,20486
21128,10502
21128,8712
21128,5645
21128,8911
21128,12847
21128,9402
21128,19234
21128,13072
21128,15760
21128,20026
21128,8289
21128,14766
21128,16663
21128,6843
21128,12500
21128,19912
21128,8849
21128,16659
21128,17366
21128,20491
21128,9418
21128,17245
21128,19250
21128,16344
21128,20637
21128,23893
21128,8604
21128,16457
21128,18797
21128,3831
21128,5151
21128,21312
21128,4910
21128,16071
21128,9108
21128,22949
21128,21366
21128,12880
21128,8977
21128,10404
21128,15731
21128,16055
21128,18226
21128,8032
21128,3869
21128,5126
21128,12773
21128,20486
21128,8009
21128,20978
21128,192
21128,7968
21128,16288
21128,9297
21128,4071
21128,8411
21129,8944
21129,1856
21129,3214
21130,8709
21131,703
21131,2857
21131,4590
21131,8951
21131,6068
21132,6850
21132,16428
21133,19887
21134,8552
21134,5487
21135,8969
21135,3270
21136,8616
21136,1274
21137,8359
21138,8221
21138,3301
21138,341
21139,1300
21139,3357
21139,5714
21140,8221
21140,6849
21141,12868
21142,6850
21143,12768
21143,8929
21143,3321
21143,2572
21144,20486
21145,1300
21145,16129
21146,8814
21147,9679
21147,17142
21147,2964
21147,17797
21147,12673
21147,14165
21147,8393
21147,17981
21147,6664
21147,5484
21147,175
21147,20987
21147,3741
21147,8551
21147,21964
21147,2915
21147,16157
21147,20836
21147,18753
21147,142
21148,13195
21148,15441
21149,319
21149,3783
21149,169
21149,25144
21149,9665
21149,25163
21149,8789
21150,21220
21150,281
21151,5401
21151,8221
21151,15466
21152,247
21152,21220
21152,15459
21152,20745
21152,17543
21152,14314
21153,20859
21154,15806
21155,9122
21156,2915
21156,703
21156,16151
21156,4706
21156,287
21156,5414
21156,3492
21156,217
21156,3357
21157,20557
21157,16530
21157,5096
21157,20789
21157,5519
21157,4869
21157,3217
21157,24602
21157,12984
21157,7391
21157,16063
21157,3278
21158,21078
21159,12742
21159,8247
21160,16244
21160,9144
21161,8221
21162,3321
21163,175
21163,1681
21163,5487
21164,8709
21164,12311
21165,8969
21166,703
21166,8229
21167,5401
21167,10104
21167,1300
21167,18375
21167,7891
21167,19829
21167,11123
21168,5856
21168,5211
21169,1242
21170,15695
21171,3218
21172,3293
21172,8435
21172,3308
21173,8585
21174,8882
21174,3210
21175,24731
21175,101
21175,16423
21176,8929
21176,1014
21176,15413
21176,13977
21176,3550
21177,12780
21177,12875
21178,3357
21179,2589
21180,3321
21180,6662
21181,2589
21182,5401
21182,8221
21183,8502
21184,8586
21184,21217
21184,6822
21185,21106
21185,8343
21186,13092
21187,15411
21187,3341
21188,12969
21188,5618
21189,5401
21189,3357
21190,3262
21190,3441
21190,12884
21191,4961
21192,24700
21192,12419
21192,18065
21192,2439
21192,4886
21192,20486
21192,13119
21192,3661
21192,10620
21192,11123
21193,3321
21193,8221
21194,13042
21194,12387
21195,8710
21196,8465
21196,15398
21196,13238
21196,3550
21196,17665
21196,16151
21196,8929
21196,19768
21196,25147
21196,217
21196,3304
21197,224
21197,25145
21198,703
21198,702
21199,9133
21200,12875
21201,3302
21201,8435
21202,3308
21202,2117
21203,12655
21203,8175
21203,16517
21203,13238
21203,12940
21203,8262
21203,847
21203,175
21203,5823
21203,20053
21203,217
21203,3304
21203,10381
21204,703
21204,8221
21204,6854
21205,3328
21205,21415
21205,15836
21205,20486
21206,5291
21206,2820
21207,3357
21208,5401
21208,13238
21209,703
21209,2687
21209,8221
21210,12302
21210,3341
21211,9663
21212,24608
21213,19914
21214,3249
21214,175
21214,3810
21214,12615
21215,19343
21216,5245
21216,15983
21216,8915
21216,8401
21216,13092
21216,2449
21217,21184
21218,3304
21218,5512
21219,12391
21219,3550
21220,18085
21220,5566
21220,8602
21220,25211
21220,7917
21220,3232
21220,24580
21220,22874
21220,217
21220,9061
21220,15159
21220,6887
21220,15773
21220,3461
21220,2267
21220,5023
21220,12656
21220,12348
21220,5898
21220,17122
21220,21282
21220,4035
21220,20336
21220,1240
21220,10993
21220,8140
21220,8259
21220,15714
21220,1297
21220,11363
21220,9743
21220,18569
21220,5456
21220,10477
21220,9186
21220,20177
21220,2987
21220,8857
21220,20237
21220,21150
21220,6885
21220,20199
21220,12985
21220,5182
21220,15786
21220,21675
21220,5906
21220,21404
21220,15462
21220,24665
21220,1678
21220,5883
21220,8093
21220,19211
21220,20726
21220,21076
21220,4641
21220,21817
21220,21551
21220,15739
21220,5490
21220,6010
21220,5766
21220,17966
21220,3151
21220,15596
21220,12688
21220,5599
21220,16330
21220,12810
21220,15743
21220,8789
21220,20477
21220,25227
21220,12546
21220,12793
21220,20066
21220,13745
21220,5381
21220,9206
21220,15578
21220,13938
21220,8741
21220,9424
21220,21113
21220,17139
21220,3328
21220,21433
21220,16113
21220,8208
21220,25300
21220,4668
21220,8343
21220,21152
21220,17106
21220,8344
21220,15646
21220,3863
21220,25166
21220,19533
21221,703
21221,15472
21221,9051
21221,20426
21222,6462
21222,8929
21222,16151
21222,13238
21222,19152
21222,217
21223,8221
21223,3304
21224,3353
21225,3302
21225,12553
21226,3217
21226,12696
21227,20486
21228,23304
21229,3330
21230,18948
21230,1300
21231,8263
21232,8616
21232,8360
21232,2855
21233,175
21233,13031
21233,21478
21233,6831
21233,3357
21233,13238
21234,12537
21234,3357
21235,13238
21236,25144
21236,4750
21236,15773
21237,6698
21238,19283
21238,18753
21239,6747
21239,6664
21240,703
21240,4590
21240,2612
21241,3217
21241,1300
21241,8343
21241,8383
21241,5529
21241,3278
21242,6741
21242,5611
21243,20626
21244,8375
21245,5618
21245,15529
21245,24710
21246,12579
21246,21017
21247,16939
21247,8586
21247,6822
21247,8401
21247,19110
21248,6462
21249,703
21249,2857
21250,9071
21251,8290
21252,6911
21253,8343
21253,2855
21254,5564
21255,15925
21256,15975
21256,22169
21257,3256
21258,24933
21258,285
21258,15498
21259,12969
21259,20805
21259,16308
21260,15695
21261,6462
21261,10110
21261,175
21261,13038
21262,10367
21262,5678
21262,5599
21262,9663
21263,8427
21263,6462
21264,8929
21264,19970
21264,17326
21264,6454
21264,3550
21265,19914
21266,3341
21267,20765
21267,17076
21267,8471
21268,175
21268,6940
21268,3357
21269,8438
21270,1242
21271,5015
21271,1300
21272,5970
21272,24786
21272,20563
21273,12671
21273,3216
21274,13250
21274,8789
21275,13172
21275,5191
21275,8502
21276,4005
21276,5090
21277,18829
21277,20805
21278,8867
21278,8718
21279,3330
21279,1242
21280,17643
21280,8718
21281,12456
21281,5378
21281,25229
21281,1040
21281,9208
21281,16423
21282,21220
21282,21930
21282,15801
21283,15532
21284,5604
21284,8592
21285,6763
21285,3492
21285,5512
21285,12714
21285,22497
21286,1300
21286,16365
21286,8448
21286,8563
21287,287
21287,1127
21287,20952
21288,12792
21288,22736
21288,217
21288,5524
21289,24786
21289,9144
21289,20563
21290,8343
21291,8929
21292,233
21292,6800
21293,12303
21293,20878
21294,1300
21295,24716
21295,3819
21295,5512
21295,25104
21295,17102
21295,19631
21295,5484
21295,24713
21295,21464
21295,8339
21295,21301
21295,9065
21295,21006
21296,8353
21296,3268
21296,3278
21297,703
21297,5401
21297,702
21298,2120
21299,20486
21300,8264
21300,13083
21300,9199
21301,12311
21301,21295
21302,703
21302,702
21302,1274
21303,6732
21303,8403
21303,8471
21304,20921
21305,5401
21305,3216
21306,6698
21307,24786
21307,9753
21308,20747
21309,12779
21310,15924
21310,3258
21310,703
21310,702
21310,8929
21310,8885
21310,3229
21310,25301
21310,3303
21311,21355
21311,3851
21311,8504
21311,20745
21311,18099
21312,20536
21312,21128
21313,283
21314,6800
21315,16180
21315,8858
21315,9414
21316,9144
21316,13128
21317,5584
21317,9122
21318,8733
21319,21120
21319,13070
21319,16187
21319,3550
21320,120
21321,3269
21321,20966
21321,8460
21321,2562
21321,9099
21321,13296
21322,4590
21322,3357
21323,6911
21323,6664
21324,5392
21325,12969
21326,1760
21326,6668
21327,8709
21328,1274
21328,3357
21329,6779
21330,8343
21331,13229
21332,3293
21332,3308
21333,21106
21333,12518
21333,20486
21334,9509
21334,12875
21334,5907
21335,8697
21336,3217
21336,217
21337,12309
21337,3550
21338,8867
21339,3327
21340,8263
21341,5092
21341,3357
21342,340
21342,5156
21342,5619
21342,18609
21342,25307
21342,5158
21342,15612
21342,12881
21342,10492
21343,2915
21343,12223
21343,20941
21344,4938
21345,15695
21345,5618
21346,6657
21346,1291
21347,703
21347,2530
21348,9086
21349,3293
21349,5679
21350,5378
21351,8552
21351,1681
21352,1274
21352,5512
21352,3550
21353,8882
21353,12307
21354,3217
21354,3268
21354,8733
21354,12773
21354,3278
21355,21311
21355,22500
21355,15773
21356,12330
21356,3210
21357,10125
21357,8402
21358,6747
21359,703
21359,5540
21360,2589
21361,6462
21361,3249
21361,20819
21361,193
21362,16456
21362,8221
21363,8438
21364,1681
21365,12339
21365,3263
21366,8343
21366,21128
21367,3293
21367,16087
21368,3345
21368,2915
21368,5948
21368,15132
21369,9967
21369,6847
21369,18963
21370,1274
21370,2530
21370,3550
21371,6887
21372,15573
21372,24653
21372,6462
21372,20052
21372,16198
21372,5463
21372,6940
21372,19152
21372,9044
21372,3550
21372,23747
21372,16151
21372,16165
21372,5109
21372,22399
21372,25181
21373,12390
21373,8645
21374,703
21374,8221
21375,20745
21376,15975
21377,17191
21378,17474
21378,9714
21379,5015
21380,17356
21380,12079
21380,12884
21381,175
21382,15695
21382,8247
21383,8423
21383,8221
21384,20819
21384,3249
21384,1765
21385,3470
21386,282
21386,20752
21386,15934
21386,13238
21386,8666
21386,175
21386,6013
21386,217
21386,3304
21386,6454
21386,12908
21387,5519
21388,3217
21388,217
21389,5584
21389,4590
21390,4590
21391,5593
21392,5401
21392,1014
21392,13977
21393,15704
21393,19152
21393,11718
21393,2915
21393,16151
21393,3357
21393,3304
21393,24643
21393,217
21393,19596
21394,8221
21395,12798
21396,8221
21396,6731
21397,6462
21397,175
21397,5414
21397,8469
21397,13038
21397,6940
21397,6002
21398,2687
21399,8221
21399,3304
21400,702
21400,9447
21401,18499
21402,9120
21403,287
21403,8768
21403,20334
21404,21220
21404,12531
21405,8939
21405,5618
21406,6831
21406,6731
21407,8448
21407,3331
21408,703
21408,702
21408,3353
21409,24725
21410,6462
21410,13238
21410,22000
21410,14693
21410,16151
21410,175
21410,3304
21410,217
21411,12969
21412,5944
21413,13195
21413,1258
21414,287
21414,5275
21414,20902
21414,20032
21414,13238
21414,8929
21414,20302
21414,2880
21415,21205
21415,25033
21415,5058
21415,8564
21415,12959
21415,9040
21415,18537
21415,18576
21415,13106
21415,6696
21415,3268
21415,5364
21415,16526
21415,12996
21415,8745
21415,370
21415,8454
21415,21426
21415,2090
21415,14897
21415,6864
21415,8516
21415,15758
21415,8242
21415,321
21415,8264
21415,16144
21415,12551
21415,13360
21415,703
21415,15732
21415,24600
21415,3544
21415,8902
21415,5372
21415,20486
21415,8847
21415,8292
21415,9048
21415,5414
21415,5424
21415,3357
21415,15887
21416,12717
21416,9071
21416,8867
21416,8391
21417,703
21417,8221
21418,21474
21419,8616
21420,15695
21421,8765
21422,6803
21423,5463
21424,703
21424,702
21425,5433
21426,21415
21426,24245
21426,1300
21426,10688
21426,942
21427,9212
21427,703
21428,8221
21429,8403
21430,8969
21431,13238
21432,8872
21433,21220
21433,6847
21434,18102
21434,2686
21434,9499
21434,20805
21434,8929
21434,6856
21434,702
21434,5291
21434,7634
21434,9801
21434,7019
21434,2820
21434,4776
21434,1274
21434,9300
21434,4324
21434,9498
21434,12303
21434,8587
21435,3301
21435,3304
21436,1300
21436,3321
21437,8199
21438,20710
21438,18185
21438,21501
21438,13250
21438,18198
21439,8510
21439,1242
21439,6800
21440,703
21440,1274
21440,8221
21440,3357
21441,15577
21441,8221
21442,5604
21442,9120
21443,12616
21444,5273
21445,19066
21445,16043
21445,6763
21445,4989
21445,175
21445,1883
21445,25003
21445,3258
21445,13098
21445,8266
21445,24781
21445,19252
21445,13255
21445,3321
21445,24818
21445,9883
21445,20146
21445,9308
21445,21868
21446,9029
21446,3216
21447,15836
21448,13250
21449,6321
21449,8554
21449,5211
21449,9587
21450,21792
21450,22448
21450,3268
21450,12566
21450,8360
21450,3278
21451,8552
21451,8585
21451,5487
21452,12875
21453,3887
21454,3217
21454,8403
21454,20604
21454,15355
21454,4750
21455,4590
21455,3270
21456,4004
21456,20404
21457,19887
21458,12531
21458,6704
21459,8969
21460,8929
21460,13010
21461,6462
21461,3357
21461,6454
21461,3550
21461,5714
21462,10625
21462,25075
21462,5670
21462,3321
21462,13238
21462,3357
21462,9136
21463,25348
21463,5969
21464,21295
21465,703
21465,2857
21466,3293
21466,8221
21467,6831
21467,3304
21468,703
21468,8221
21469,8203
21469,3353
21470,2163
21471,2857
21471,3357
21472,5603
21472,16211
21473,3357
21474,13188
21474,175
21474,5414
21474,25082
21474,21418
21474,3550
21475,8221
21475,13128
21476,8709
21477,287
21477,13238
21478,5870
21478,21233
21478,20989
21478,20561
21479,703
21479,16151
21479,13238
21479,3357
21479,217
21480,12390
21480,4017
21480,20486
21481,3217
21481,20486
21482,8427
21483,8564
21484,12390
21484,20421
21484,20486
21485,3301
21486,12875
21487,8552
21487,9117
21487,1681
21488,12390
21488,8264
21488,15758
21488,13080
21489,20857
21489,9255
21489,3256
21489,9258
21489,3532
21489,11793
21489,15930
21489,12295
21490,703
21490,5401
21491,703
21491,3293
21491,3247
21492,5118
21492,25229
21492,22352
21492,12492
21493,9369
21494,6732
21495,3321
21495,175
21495,6731
21495,13238
21495,3550
21496,3217
21496,2855
21497,21010
21497,16301
21497,20486
21498,6015
21498,2269
21498,18987
21498,12884
21498,19145
21498,3550
21499,3216
21499,3550
21500,5401
21500,13238
21501,21438
21502,17218
21502,1300
21502,17085
21502,3258
21502,20773
21502,5220
21503,6462
21503,1300
21503,1274
21503,6831
21503,6679
21503,13238
21503,12728
21503,3642
21503,175
21503,18656
21503,12410
21503,3304
21504,5401
21504,175
21505,15773
21506,175
21507,1917
21507,4231
21508,6621
21508,7133
21509,23254
21509,7019
21509,7923
21510,702
21510,7019
21511,210
21511,11993
21511,13489
21511,10397
21512,702
21512,7019
21513,702
21513,101
21514,22417
21514,20679
21514,13250
21514,9438
21515,5044
21516,1240
21517,5430
21518,4988
21519,1240
21519,15219
21519,7133
21520,14745
21520,4324
21521,279
21521,3550
21522,6462
21522,1240
21523,11956
21524,4475
21524,21845
21524,6940
21524,4437
21525,1240
21525,4005
21526,7386
21527,2829
21527,7386
21528,7229
21528,12130
21528,6271
21529,14609
21529,8048
21529,16513
21530,647
21531,7019
21531,7133
21532,210
21532,1240
21532,1736
21532,1963
21533,4324
21533,7133
21534,7092
21534,16407
21534,3562
21535,7460
21536,702
21536,1240
21537,3357
21538,7019
21539,175
21540,1240
21540,7019
21540,3357
21541,2193
21541,4324
21542,7912
21543,702
21544,7019
21544,19095
21545,702
21545,6518
21546,7133
21546,2153
21547,14746
21547,7019
21548,918
21548,1240
21548,5761
21548,11555
21548,15095
21548,17153
21548,702
21548,3771
21548,7019
21548,6522
21549,14027
21549,1323
21549,4475
21549,10613
21549,4437
21549,14113
21549,3603
21549,23277
21549,22544
21549,702
21549,7377
21549,23742
21549,377
21549,18564
21549,6562
21550,702
21550,1240
21550,7019
21551,21220
21552,702
21552,704
21552,4324
21552,24247
21553,210
21554,10849
21554,2829
21555,20232
21555,7133
21556,7019
21557,21066
21558,9117
21558,5487
21559,702
21560,702
21561,1240
21562,2227
21563,7333
21564,7019
21564,3562
21565,4641
21565,20745
21566,1240
21566,7019
21567,12832
21567,8247
21567,20961
21568,12388
21568,20815
21569,2915
21569,2829
21570,7894
21571,3603
21571,6540
21571,175
21571,13769
21571,6454
21572,10689
21572,17380
21572,16736
21573,210
21573,702
21573,3357
21574,210
21574,5007
21575,15181
21575,16736
21575,8168
21576,15126
21577,6747
21577,6664
21578,210
21578,1240
21579,19430
21580,8403
21580,4896
21581,2829
21581,7133
21582,15834
21582,8247
21583,2901
21583,2193
21584,16853
21584,3550
21585,175
21586,7386
21587,1240
21588,702
21588,7019
21589,702
21589,10398
21590,16960
21590,4896
21591,14552
21591,702
21591,10835
21591,7304
21592,24458
21592,175
21592,6591
21592,7019
21593,1240
21593,175
21594,4324
21595,210
21595,7019
21595,7133
21596,703
21596,702
21596,8221
21596,704
21596,7133
21597,16277
21598,8552
21598,9117
21599,210
21599,1240
21600,3223
21600,23361
21600,660
21600,3178
21600,3550
21600,993
21600,14710
21600,18748
21600,22228
21600,6454
21600,22383
21600,10392
21601,1786
21602,13190
21603,25138
21604,11173
21604,279
21604,8152
21605,1268
21606,1240
21606,8002
21607,3357
21608,6131
21609,19914
21610,1240
21610,11457
21611,3603
21611,6462
21611,6540
21612,702
21613,2716
21614,9122
21615,10779
21616,22552
21616,702
21616,210
21616,15228
21616,6396
21616,16853
21616,11026
21616,22562
21616,19109
21617,1240
21617,19095
21618,702
21619,210
21619,3550
21620,7019
21621,24990
21621,13238
21622,1274
21623,7019
21623,3562
21624,2829
21624,7019
21625,702
21626,25065
21626,5392
21626,8306
21626,8438
21627,3268
21627,217
21627,9331
21628,8898
21629,175
21630,7133
21630,4324
21631,1240
21631,7019
21632,210
21632,1240
21632,7019
21633,8221
21634,702
21634,146
21634,22285
21635,5487
21636,5618
21636,20961
21637,702
21637,19095
21638,19095
21638,22538
21639,210
21639,1240
21640,19856
21641,11854
21641,13769
21641,12180
21641,3357
21641,10913
21642,175
21642,7019
21643,702
21643,7019
21644,7019
21645,175
21645,7019
21646,7019
21647,210
21647,7133
21648,8277
21648,6909
21648,3258
21649,22774
21649,7133
21650,210
21651,210
21651,1240
21651,7019
21652,7019
21652,3550
21653,3603
21653,578
21654,3216
21655,7901
21655,13532
21656,4937
21657,6909
21658,175
21658,22292
21659,702
21659,210
21660,15686
21660,20493
21661,871
21661,20162
21662,6518
21662,175
21663,5604
21663,9120
21664,6847
21664,6850
21664,25134
21665,6518
21666,175
21666,7398
21667,7019
21667,6326
21668,13322
21669,11910
21669,7133
21670,7912
21670,861
21670,919
21671,17233
21672,6540
21672,6328
21673,702
21674,9071
21674,17643
21674,8391
21675,21220
21675,12891
21675,24580
21676,7912
21677,1240
21678,6540
21678,175
21678,1135
21679,4324
21680,7912
21680,4324
21681,702
21681,13757
21682,10911
21682,7019
21683,8643
21684,702
21684,1240
21685,2829
21685,7133
21686,1240
21687,423
21687,232
21687,19372
21687,5751
21687,5114
21687,4324
21688,1545
21688,15460
21688,13118
21688,16186
21688,17078
21688,175
21688,6125
21688,20201
21688,24380
21688,7019
21688,467
21688,20209
21689,3217
21689,15737
21689,5125
21689,9123
21689,20810
21690,16811
21691,3982
21691,5392
21692,19914
21693,13580
21694,7019
21695,2153
21695,2228
21696,8343
21697,24710
21698,5651
21699,6462
21699,19319
21699,3258
21700,3217
21701,8592
21702,1240
21702,19025
21703,210
21703,3550
21704,7019
21705,2871
21705,7019
21705,1786
21706,702
21706,7019
21707,15983
21707,8401
21708,3357
21709,2153
21709,7133
21710,24822
21710,2829
21710,4324
21711,175
21712,8969
21712,12875
21712,3270
21713,7030
21713,5662
21714,2712
21715,2829
21715,1240
21716,175
21716,8469
21716,5714
21717,224
21718,12007
21719,2829
21719,6424
21719,4566
21720,13769
21721,210
21722,2829
21722,4324
21723,8709
21724,6664
21725,702
21725,578
21725,853
21726,9144
21727,15271
21728,3217
21728,6732
21729,6462
21730,702
21730,1240
21731,413
21731,5007
21731,588
21732,175
21732,12770
21733,12182
21734,702
21734,7019
21735,6462
21735,6518
21735,16853
21735,3357
21735,7019
21736,6462
21736,2829
21736,7019
21737,6462
21737,7019
21738,19946
21738,23128
21738,702
21738,7019
21738,6616
21738,22562
21739,2174
21739,3603
21739,20162
21740,5714
21741,703
21741,702
21741,12654
21742,10430
21742,13354
21743,13031
21744,2915
21744,3570
21744,17124
21744,11409
21745,7019
21745,7133
21746,210
21747,12065
21748,413
21748,10897
21748,10842
21748,6609
21749,5618
21750,1240
21750,16853
21751,175
21752,10911
21753,13537
21753,4324
21754,6472
21755,702
21755,1240
21756,12742
21757,6141
21757,11665
21757,3550
21758,19262
21758,7019
21759,702
21759,175
21759,10430
21759,4671
21759,7133
21760,15577
21761,8709
21762,7019
21763,702
21764,702
21764,6129
21765,3550
21765,13791
21766,6141
21767,16726
21767,2712
21767,2829
21767,19152
21768,6060
21769,21914
21770,22790
21771,10797
21772,11427
21772,4324
21773,10283
21773,3301
21774,702
21774,7019
21775,15291
21776,703
21776,702
21776,8387
21777,210
21778,175
21778,12007
21779,1240
21779,6129
21780,6462
21780,367
21780,287
21780,16909
21780,217
21780,6940
21780,3357
21780,6454
21780,3550
21781,702
21781,1240
21781,2078
21782,20414
21783,702
21784,7133
21785,702
21786,8929
21786,5193
21787,175
21787,6849
21788,1240
21788,6387
21788,14746
21788,12181
21789,175
21789,6518
21789,3492
21790,702
21790,4324
21791,5538
21792,12390
21792,21450
21793,4475
21793,14384
21793,23353
21793,4437
21794,7019
21795,702
21795,19030
21796,8221
21797,210
21797,6396
21798,6368
21798,7019
21799,7019
21799,4324
21800,210
21800,7133
21801,210
21801,17231
21802,8709
21803,14362
21803,1669
21803,3492
21803,3357
21803,6940
21803,4324
21803,3550
21804,2829
21804,7837
21804,3357
21805,1095
21805,6540
21805,710
21805,15291
21805,24579
21805,6328
21805,7147
21806,3217
21807,7019
21807,19263
21808,7133
21809,2855
21810,11487
21811,210
21812,175
21812,7995
21813,210
21813,22926
21814,19445
21815,702
21815,16853
21816,5618
21816,20805
21817,21220
21817,6703
21817,25001
21817,13680
21817,20745
21817,5194
21818,8552
21818,1681
21819,7019
21820,6747
21820,17124
21821,12875
21822,702
21822,6129
21823,7019
21823,4324
21824,17116
21825,6141
21825,11665
21826,702
21826,7019
21827,5512
21827,3550
21828,210
21828,4324
21829,7133
21829,2153
21830,4324
21831,24786
21831,9753
21832,210
21832,16605
21833,702
21833,7019
21834,1576
21834,3550
21835,6664
21836,20195
21837,10934
21837,210
21838,1240
21838,6387
21839,3249
21840,210
21840,11487
21841,3492
21841,3550
21842,6129
21843,702
21843,7019
21844,8221
21844,3304
21845,6462
21845,3492
21845,6940
21845,3562
21845,3550
21845,2915
21845,21524
21845,12957
21845,3304
21845,3357
21845,7019
21846,702
21846,7382
21847,210
21848,702
21848,2829
21849,702
21849,7019
21850,9187
21850,12927
21851,19175
21851,3314
21851,14115
21852,3562
21853,7133
21854,24642
21854,5291
21855,6664
21856,13757
21856,3562
21856,4324
21857,703
21857,20570
21857,5401
21857,2687
21858,4324
21859,1240
21859,7019
21860,16836
21861,3216
21862,7019
21863,4522
21863,3751
21863,19882
21863,3278
21863,9331
21863,2510
21864,210
21864,7019
21865,7912
21865,11278
21865,19093
21865,10575
21865,3357
21866,12081
21866,11458
21867,210
21867,4324
21868,21445
21869,15838
21870,20745
21871,702
21871,2829
21872,5392
21873,702
21873,7019
21874,12043
21874,14372
21875,4005
21875,8221
21875,7019
21875,3357
21876,17474
21876,8673
21877,22132
21878,7824
21878,4238
21878,7019
21878,3550
21879,15966
21879,6662
21880,14744
21881,24652
21882,1240
21882,12182
21883,210
21883,22823
21883,3550
21884,14552
21884,702
21885,12671
21885,175
21886,15983
21886,8401
21887,702
21887,3357
21888,7019
21888,7133
21889,9010
21890,175
21890,14500
21890,3357
21891,7133
21892,15472
21893,1240
21893,3550
21894,19887
21895,6462
21896,12480
21896,8221
21897,217
21897,20486
21898,15558
21899,1240
21899,7019
21900,702
21900,7019
21901,1240
21901,6396
21901,7133
21902,210
21902,702
21903,5007
21904,5141
21905,2380
21905,3357
21906,2829
21906,1240
21907,5154
21908,15577
21909,702
21909,7133
21910,1240
21911,3357
21911,4324
21912,16686
21913,6748
21914,8575
21914,8990
21914,21769
21914,6022
21915,702
21915,7019
21916,2153
21917,6664
21917,12311
21917,8557
21917,2918
21918,22352
21919,3448
21919,3357
21920,210
21921,15291
21922,22365
21922,6396
21922,1240
21923,210
21923,2829
21923,13987
21923,18475
21923,14947
21924,702
21925,6732
21926,702
21926,1093
21927,1300
21927,8632
21927,20486
21928,702
21928,7893
21929,3357
21929,7019
21929,3550
21930,21282
21931,7019
21932,15291
21932,6328
21933,7019
21933,5669
21934,3301
21934,7133
21935,702
21935,23499
21936,210
21936,2829
21936,19263
21936,4324
21937,9133
21937,4590
21938,3345
21938,5211
21938,1448
21938,6940
21939,1240
21940,217
21941,12870
21941,7019
21942,210
21942,6129
21943,702
21943,175
21944,702
21944,175
21944,960
21945,210
21945,1958
21946,210
21947,24865
21947,5135
21948,19093
21948,11643
21948,6940
21948,15332
21948,12140
21948,18615
21948,15180
21948,1306
21948,23511
21948,7019
21948,2723
21948,817
21948,19030
21948,6540
21948,1938
21948,7222
21948,3550
21949,210
21949,8929
21949,7133
21950,3603
21950,702
21950,8002
21950,6454
21951,1240
21951,11457
21952,5007
21953,1240
21954,12480
21954,9777
21954,3353
21955,318
21955,5392
21956,702
21956,7019
21957,25144
21958,6850
21959,6454
21960,14746
21960,17229
21961,621
21961,861
21961,2904
21962,12407
21963,5518
21964,21147
21965,20877
21965,13125
21965,2701
21966,175
21966,1240
21966,7382
21967,210
21967,15219
21968,15571
21968,12180
21969,24097
21969,10566
21970,210
21971,8929
21971,5661
21972,2915
21973,2552
21974,4324
21975,25048
21975,861
21976,20966
21976,8698
21977,4461
21977,1683
21977,12413
21977,1647
21977,15371
21977,206
21977,18795
21977,702
21977,15555
21977,16890
21977,15167
21977,10956
21977,4247
21977,10658
21977,10467
21978,13218
21979,1274
21980,24639
21981,8049
21981,3258
21981,6506
21982,175
21982,16811
21983,15594
21984,9211
21984,16066
21985,3357
21985,7067
21986,210
21986,1240
21986,2552
21987,7019
21988,1240
21989,12714
21989,6867
21990,702
21990,1240
21991,1240
21992,175
21992,3755
21993,19753
21994,1300
21995,702
21995,175
21995,1240
21996,16301
21997,3606
21997,704
21998,13031
21999,6664
22000,21410
22000,175
22000,6454
22001,3258
22002,1240
22003,175
22003,4655
22004,18991
22004,1240
22005,6462
22005,12180
22006,6518
22007,6698
22008,702
22008,2829
22009,6518
22009,7019
22009,1786
22010,1240
22010,7019
22011,11557
22012,6066
22012,6504
22012,1643
22013,702
22013,175
22014,6013
22015,6462
22015,3357
22015,3550
22016,5618
22017,210
22017,7386
22018,702
22018,210
22018,11854
22018,19025
22019,14752
22020,12387
22020,9777
22021,2829
22021,3562
22022,8394
22023,210
22023,6396
22024,7133
22025,175
22026,6940
22026,6454
22027,3328
22027,20546
22027,24998
22027,22445
22028,2829
22028,7019
22029,11428
22029,702
22030,7019
22030,19030
22031,3743
22031,4324
22032,9437
22032,5996
22033,3308
22034,6129
22035,702
22035,1240
22035,7019
22036,7019
22037,6063
22037,7133
22038,2829
22038,175
22039,3239
22039,3247
22040,1240
22040,15219
22041,210
22041,7133
22042,175
22042,4324
22043,16246
22043,9168
22044,7019
22044,3550
22045,1240
22045,12313
22046,10096
22047,16504
22048,6430
22048,3550
22049,6396
22049,7019
22049,3357
22049,4324
22050,17055
22051,702
22051,7019
22052,8709
22053,11795
22053,2652
22054,13790
22055,3240
22055,5965
22056,17380
22056,8168
22057,7019
22058,7019
22059,210
22059,3357
22060,6540
22060,13769
22060,11405
22060,19030
22061,210
22061,1240
22062,20486
22063,13102
22063,5857
22064,7019
22065,10911
22065,175
22065,6396
22066,1240
22066,4267
22066,7350
22066,4324
22066,7133
22067,2589
22068,15271
22068,3562
22069,7135
22069,13294
22070,7133
22071,23475
22071,10936
22071,19095
22071,7796
22072,3562
22072,4324
22073,7019
22073,4324
22074,6299
22075,5589
22076,12768
22076,5589
22077,1240
22077,7019
22078,702
22078,1240
22078,6129
22078,1786
22079,702
22079,19025
22080,7019
22081,6141
22081,7909
22081,18748
22081,22928
22081,11665
22081,7304
22082,5138
22082,9430
22082,2700
22082,8360
22082,3278
22082,10655
22083,1240
22084,6199
22085,13047
22086,10430
22086,4231
22087,22774
22087,7133
22088,3210
22089,25230
22089,15773
22090,702
22090,1240
22091,175
22091,6080
22092,210
22092,175
22093,8725
22094,19010
22094,7133
22095,9133
22095,3210
22096,23343
22097,1240
22097,7133
22098,210
22098,10914
22098,6994
22099,3550
22100,8772
22101,20841
22101,5607
22102,20878
22103,19367
22104,559
22105,5401
22105,8448
22106,8196
22106,3550
22107,1240
22108,6462
22108,210
22108,175
22108,9584
22108,17821
22109,3353
22109,12339
22110,1240
22110,7019
22111,13207
22112,9010
22113,702
22114,242
22115,15660
22115,6022
22116,13801
22116,22137
22117,3321
22117,681
22118,1786
22119,7229
22120,25233
22121,6994
22122,13791
22123,1300
22123,20105
22123,17703
22123,2074
22123,16151
22123,217
22123,17741
22123,10122
22124,1274
22124,2530
22125,6518
22126,702
22126,7019
22127,8199
22128,6518
22129,6141
22129,8168
22130,17380
22131,10169
22132,19887
22132,21877
22133,14746
22133,7019
22133,3562
22134,9586
22135,17124
22135,8199
22136,702
22137,2915
22137,6518
22137,22116
22137,23125
22138,702
22138,1240
22139,5618
22139,20805
22140,15271
22140,2829
22141,702
22141,1240
22141,3550
22142,6850
22143,210
22143,15728
22144,787
22144,5295
22145,702
22145,6396
22146,13639
22147,702
22147,1240
22147,7019
22148,4590
22148,3550
22149,4231
22150,22172
22151,6121
22151,13489
22152,15271
22152,175
22153,1274
22153,6454
22154,210
22154,1808
22154,4324
22155,2829
22155,7386
22156,3550
22157,4324
22158,175
22158,16853
22159,22789
22159,6396
22159,175
22159,14351
22159,846
22160,1300
22160,6904
22160,217
22161,16142
22161,12780
22162,12969
22162,20805
22163,7019
22164,19887
22165,224
22166,15103
22166,685
22167,7133
22167,4324
22168,210
22168,3550
22169,3217
22169,21256
22169,8745
22170,6396
22170,7019
22171,6982
22171,4324
22172,2944
22172,1770
22172,210
22172,1240
22172,11103
22172,22150
22173,550
22174,17055
22174,3550
22175,8221
22176,9051
22176,5607
22177,1240
22178,3550
22179,19263
22180,12303
22180,9051
22181,210
22182,6849
22182,3305
22183,702
22183,7019
22184,7133
22184,4324
22185,1240
22185,7019
22186,12957
22187,1240
22188,6540
22188,702
22189,702
22190,12390
22190,20486
22191,702
22191,7019
22192,19914
22193,12179
22193,11835
22193,19095
22194,7019
22195,8403
22196,25227
22197,2915
22197,3258
22198,22752
22198,2829
22198,3562
22199,11512
22199,19095
22200,7912
22200,3357
22200,10913
22200,12183
22200,19025
22201,7019
22202,3550
22203,703
22203,8929
22203,2612
22204,703
22204,702
22204,3357
22204,15534
22204,3550
22205,702
22205,7019
22206,6462
22206,702
22206,1240
22206,3258
22206,3492
22206,14493
22206,7019
22206,3550
22207,210
22207,6305
22208,8242
22208,19132
22209,6518
22209,6080
22210,18886
22211,14670
22212,2915
22212,702
22212,10912
22212,3550
22213,13790
22213,813
22213,6994
22213,6940
22213,10913
22213,8002
22213,3304
22213,217
22213,19030
22213,10911
22213,6540
22213,2498
22213,1274
22213,10914
22213,19025
22213,4324
22213,11687
22213,11165
22213,12183
22213,14744
22214,7133
22215,1240
22216,14620
22216,14264
22217,702
22217,1240
22217,4231
22217,4324
22218,8802
22218,12334
22219,702
22219,22774
22219,11457
22220,6396
22220,7019
22221,6540
22221,1240
22221,6940
22221,2517
22221,4638
22221,702
22221,3304
22221,7019
22221,23353
22221,19030
22222,7019
22223,702
22224,7019
22224,3357
22225,702
22225,7019
22226,6396
22227,2153
22227,7133
22228,21600
22229,12577
22230,4324
22231,13229
22231,21012
22232,6732
22232,20486
22233,7019
22233,2648
22234,702
22234,12180
22235,1240
22236,702
22236,6518
22237,16949
22237,7133
22238,15271
22239,6518
22239,1240
22240,702
22240,7019
22241,5401
22241,681
22242,7912
22242,3492
22243,702
22243,7019
22244,7019
22244,3562
22245,12358
22245,16339
22246,11318
22246,2496
22247,15786
22248,23127
22248,22562
22249,18948
22250,3328
22250,6454
22251,8969
22251,3270
22252,238
22253,702
22253,7019
22253,1786
22254,3302
22254,12553
22255,1669
22255,6940
22255,3357
22256,175
22256,19095
22257,6396
22257,7019
22258,1240
22259,3357
22260,703
22260,9010
22260,3305
22261,702
22261,7019
22262,12407
22263,13650
22263,1240
22264,3262
22265,14362
22265,3492
22265,6940
22266,14711
22267,702
22267,210
22268,5857
22268,8805
22269,210
22270,19445
22271,11848
22271,7019
22272,3217
22273,7133
22274,702
22274,7019
22275,1052
22276,175
22276,3492
22277,7019
22278,6462
22278,3258
22278,6940
22278,19152
22278,16965
22278,8469
22278,217
22278,3357
22279,5618
22280,23343
22280,4324
22281,702
22281,7019
22282,1786
22283,182
22283,25234
22283,9559
22283,15413
22283,1855
22283,4592
22283,18252
22283,18390
22284,10224
22284,702
22284,6518
22284,2687
22284,7019
22284,3562
22285,21634
22285,689
22285,1240
22285,146
22285,1843
22285,8048
22286,13250
22287,6540
22288,12696
22289,175
22290,17643
22291,175
22292,7912
22292,13526
22292,12586
22292,12206
22292,609
22292,21658
22292,4308
22292,210
22292,7019
22292,13942
22292,3357
22292,2153
22293,20745
22294,287
22294,217
22294,12587
22295,702
22295,210
22296,20486
22297,1240
22297,7019
22297,7133
22298,12969
22298,8247
22299,1300
22299,18535
22299,3562
22299,702
22299,1669
22299,175
22299,7398
22299,11868
22299,6716
22299,3492
22299,3550
22299,2915
22299,3321
22299,11755
22299,3357
22299,6454
22300,7019
22300,19095
22301,16811
22301,3562
22302,7785
22303,210
22303,702
22304,12272
22305,8199
22306,5660
22306,8247
22307,10293
22307,561
22308,702
22308,11016
22308,3550
22309,22823
22310,9404
22310,3254
22311,210
22311,7019
22312,11531
22312,7133
22313,7019
22313,6984
22314,17400
22314,18748
22315,3268
22315,5434
22316,2153
22317,8448
22317,10058
22318,8991
22319,22774
22319,7340
22319,2674
22319,6357
22320,210
22320,4324
22321,18818
22322,6462
22322,13769
22322,22692
22323,10797
22324,2153
22325,3357
22326,702
22326,3321
22326,3562
22327,210
22327,1240
22328,20765
22329,12182
22329,7133
22330,3357
22330,3562
22331,210
22331,17231
22331,7019
22332,12007
22333,22774
22334,7229
22334,7133
22335,702
22335,12065
22336,238
22336,6231
22336,8675
22336,13199
22336,3677
22336,7242
22336,20131
22336,684
22336,19783
22336,10765
22336,7387
22336,1368
22336,58
22336,11538
22336,1225
22336,161
22336,11418
22336,669
22336,39
22336,60
22336,7969
22336,104
22336,6201
22336,1843
22336,294
22336,6326
22337,8709
22338,702
22339,702
22339,12182
22339,10913
22340,15757
22341,210
22341,19030
22342,11433
22342,4231
22343,702
22344,22649
22344,7912
22344,4324
22344,14169
22345,175
22346,19095
22346,6129
22347,702
22347,22562
22348,1240
22348,10971
22349,210
22349,7133
22350,210
22350,175
22351,17124
22351,5607
22352,6188
22352,4181
22352,4788
22352,3070
22352,5170
22352,21492
22352,1005
22352,23890
22352,17977
22352,25146
22352,2253
22352,9472
22352,3233
22352,24758
22352,469
22352,991
22352,21043
22352,11961
22352,6396
22352,8669
22352,20295
22352,17628
22352,2084
22352,16324
22352,6454
22352,8394
22352,1240
22352,17771
22352,25164
22352,19200
22352,23674
22352,12492
22352,5748
22352,3226
22352,703
22352,12487
22352,702
22352,9130
22352,25251
22352,802
22352,12456
22352,827
22352,4541
22352,830
22352,16349
22352,20460
22352,1067
22352,21918
22352,24628
22352,1149
22352,3357
22352,23929
22353,4324
22354,702
22355,2615
22356,941
22356,2906
22357,16686
22357,14464
22357,10430
22357,4501
22357,8056
22358,8867
22359,702
22359,1240
22360,8403
22360,24763
22361,210
22362,547
22362,3357
22363,16853
22363,7019
22364,20617
22365,21922
22365,7470
22365,3065
22365,10397
22365,1610
22365,3562
22365,14443
22365,12957
22365,14921
22365,175
22365,10938
22365,11804
22365,15980
22365,199
22366,6806
22366,9146
22366,8880
22367,13238
22368,2829
22368,175
22369,3817
22369,19430
22370,1240
22370,4324
22371,12969
22372,12868
22373,7019
22373,3550
22374,702
22374,7019
22375,4750
22376,702
22376,210
22376,22774
22377,210
22377,7019
22377,3357
22378,12531
22378,24996
22379,18504
22379,4324
22380,702
22380,210
22381,702
22381,15271
22382,8168
22382,3550
22383,21600
22384,1240
22385,1300
22385,10356
22385,3550
22386,702
22386,22836
22386,3357
22387,3742
22387,11846
22388,24786
22389,7661
22389,11538
22389,102
22389,25
22389,2154
22389,4109
22389,19402
22389,294
22389,12159
22390,1300
22390,175
22391,7012
22391,4324
22392,5193
22393,14990
22393,14752
22394,3844
22394,12742
22394,8247
22395,8552
22395,8585
22396,11854
22396,19025
22397,5618
22397,20805
22398,16468
22398,2829
22399,24990
22399,3667
22399,3492
22399,217
22399,3357
22399,6940
22399,21372
22399,5714
22400,1240
22400,1274
22401,3293
22401,9168
22402,10499
22402,24725
22403,2829
22403,5007
22404,11026
22404,4324
22405,3258
22406,12302
22406,8991
22407,1240
22407,7019
22408,7739
22408,3152
22408,4231
22408,8168
22409,1240
22409,7019
22410,702
22410,7019
22411,702
22411,7019
22411,7133
22412,6141
22412,6763
22413,8343
22413,16084
22414,210
22415,8199
22416,10293
22416,7841
22417,20844
22417,13799
22417,13229
22417,21012
22417,21514
22418,702
22418,19263
22419,8772
22420,210
22421,8002
22421,7019
22422,19887
22423,10911
22424,8709
22425,175
22425,17055
22426,6462
22426,6909
22426,3357
22427,19121
22427,4324
22428,12546
22429,25181
22430,1240
22430,7019
22430,7012
22431,20920
22432,4231
22432,10430
22433,8882
22434,2829
22435,3357
22436,702
22436,1240
22437,702
22437,175
22438,14654
22438,6583
22439,19346
22439,13250
22440,1300
22440,175
22441,1240
22442,10431
22442,7386
22443,20014
22443,6634
22443,11774
22443,2058
22443,2915
22443,14651
22443,20433
22443,3357
22443,23061
22444,702
22444,1240
22445,19343
22445,22027
22446,3321
22446,5563
22447,6396
22447,7019
22448,3300
22448,21450
22448,8360
22449,1240
22449,7019
22450,175
22450,3550
22451,702
22451,175
22452,3217
22453,6462
22453,210
22453,3558
22454,3817
22455,2829
22455,20406
22455,10612
22456,3550
22456,4324
22457,702
22458,6497
22458,19025
22459,6462
22460,1240
22460,7019
22461,2915
22461,702
22461,175
22461,4324
22461,6129
22462,5761
22463,20136
22463,702
22463,7019
22464,2589
22464,8725
22465,3217
22465,8471
22466,6389
22467,8709
22467,12311
22468,702
22468,2829
22469,8552
22469,8585
22470,3217
22470,140
22471,6518
22472,702
22472,210
22472,7019
22473,702
22474,6806
22475,1240
22475,7133
22476,16658
22476,4324
22477,175
22477,7019
22478,16286
22479,4641
22479,6850
22480,175
22480,14718
22481,8199
22481,16495
22482,175
22482,3550
22483,702
22484,1240
22484,19407
22485,175
22486,1240
22487,210
22487,1240
22488,6850
22489,4324
22490,210
22490,702
22490,3357
22490,4324
22491,6011
22492,12303
22493,1240
22493,7019
22494,702
22494,175
22495,19342
22495,9032
22495,3258
22496,702
22497,21285
22497,3330
22497,12362
22498,4949
22498,217
22499,8403
22499,4896
22500,21355
22501,3550
22502,22928
22502,11665
22503,702
22503,7019
22504,4590
22504,6909
22505,7019
22506,856
22506,11261
22507,6664
22508,13303
22509,24786
22509,20563
22510,7019
22510,4324
22511,7092
22511,702
22512,2380
22512,19095
22512,4324
22513,3603
22514,6462
22514,17219
22514,16438
22514,13238
22514,19622
22514,17027
22514,3703
22514,3304
22514,3357
22514,6454
22514,18935
22515,3357
22515,3550
22516,10955
22517,702
22517,7019
22518,4324
22519,210
22520,19407
22520,13408
22521,5414
22521,5463
22522,3357
22523,25075
22524,6678
22524,22823
22524,3357
22525,3328
22526,8929
22526,3550
22527,16456
22528,702
22528,210
22529,12180
22529,7019
22530,8152
22531,1681
22531,8585
22532,8698
22533,6222
22534,2829
22535,3357
22536,7019
22536,6389
22537,10913
22537,7133
22538,702
22538,21638
22538,23127
22539,11427
22540,11993
22540,11368
22541,1240
22541,4324
22542,6569
22542,1099
22543,702
22543,15291
22543,16950
22544,13769
22544,21549
22545,385
22546,702
22546,17228
22547,6462
22547,4324
22548,4324
22549,113
22549,10430
22549,8168
22549,6781
22549,10006
22550,19963
22551,11487
22552,2915
22552,21616
22553,210
22553,7019
22554,2059
22554,702
22554,13790
22555,3562
22556,3550
22557,6462
22557,702
22557,175
22557,1240
22558,3550
22559,17055
22560,7133
22560,4324
22561,1498
22561,16999
22562,1240
22562,16836
22562,21616
22562,12034
22562,10985
22562,23127
22562,12237
22562,2706
22562,21738
22562,15106
22562,812
22562,5669
22562,22248
22562,13394
22562,14221
22562,22347
22562,3357
22562,4596
22563,10271
22563,3357
22563,3550
22564,6518
22564,7019
22565,1240
22565,7019
22566,10311
22567,10707
22567,7912
22567,3075
22567,18847
22567,12035
22567,4289
22567,3550
22567,4259
22567,4305
22567,13592
22567,3122
22568,1240
22568,7019
22569,175
22570,210
22570,1240
22571,703
22571,6731
22572,702
22572,1240
22572,7133
22573,3742
22573,12251
22573,2906
22573,16638
22574,578
22574,6059
22574,22685
22575,702
22576,702
22577,175
22578,6460
22578,19263
22579,20377
22579,22774
22580,175
22581,1240
22581,3594
22582,7019
22582,7133
22583,210
22584,20579
22584,9199
22585,681
22586,3357
22587,210
22587,6198
22588,702
22588,210
22588,7019
22589,702
22589,12065
22590,19095
22590,7894
22591,4265
22591,4324
22591,3550
22592,4324
22593,2829
22593,17055
22594,3357
22594,4324
22595,10465
22595,2699
22596,6396
22596,175
22597,210
22597,4566
22598,6518
22598,1240
22598,1786
22599,5618
22599,12742
22600,4566
22600,3562
22601,4324
22602,11838
22602,7386
22603,7019
22603,3550
22604,15132
22605,19963
22605,4324
22606,7133
22607,175
22608,702
22608,1240
22608,7019
22609,1240
22609,14266
22610,8673
22610,8718
22611,702
22611,7019
22612,6664
22612,5607
22613,6540
22613,3492
22613,8002
22613,2517
22614,1240
22615,24391
22615,1786
22616,11687
22617,22774
22617,6984
22618,210
22618,7386
22619,8199
22620,7133
22621,8709
22621,5828
22622,702
22622,7133
22623,13617
22623,6540
22623,6408
22624,871
22624,15291
22624,6328
22625,175
22625,7133
22626,2151
22626,3357
22626,11473
22626,13791
22626,4324
22627,19093
22627,3550
22628,175
22628,22823
22629,20116
22629,11492
22630,19093
22630,8058
22631,702
22631,1240
22632,3293
22632,3308
22633,22773
22634,175
22634,22692
22635,702
22635,6454
22636,14598
22636,7133
22637,11261
22637,856
22638,15343
22638,3357
22638,20228
22639,10467
22640,702
22640,853
22641,17643
22641,8263
22642,6074
22642,702
22643,24197
22643,841
22643,4324
22644,6518
22645,6518
22645,7338
22645,10467
22646,7912
22646,590
22646,18792
22646,18516
22646,20163
22646,175
22646,11165
22646,1833
22646,11354
22646,7835
22647,2712
22647,19159
22648,16714
22649,22344
22649,13433
22650,15219
22650,7019
22651,702
22651,2829
22652,17114
22653,8365
22653,8247
22654,6983
22654,18608
22654,3492
22654,3562
22654,3550
22655,7912
22655,702
22655,2829
22656,3506
22656,4324
22657,6940
22657,6129
22658,702
22659,7019
22659,13791
22660,7019
22661,1240
22662,19963
22662,7019
22663,8002
22664,1240
22664,7229
22665,702
22666,287
22666,8221
22667,175
22667,6518
22667,19025
22668,10739
22669,10913
22670,702
22670,4324
22671,210
22671,7019
22672,3562
22673,210
22673,1240
22674,8063
22674,13761
22675,6199
22675,175
22676,9067
22677,7229
22678,287
22678,1274
22678,6454
22679,6141
22679,11665
22680,7019
22681,6518
22681,3562
22682,175
22682,3357
22683,16468
22683,2829
22684,5401
22684,5584
22684,7019
22684,5512
22685,3603
22685,22574
22686,7912
22686,210
22687,175
22688,4566
22689,1240
22690,6141
22690,4231
22691,1854
22692,12655
22692,2833
22692,23396
22692,15258
22692,14825
22692,23134
22692,6940
22692,20301
22692,2202
22692,14673
22692,13733
22692,24046
22692,12957
22692,175
22692,217
22692,2621
22692,6540
22692,22322
22692,19152
22692,2915
22692,7292
22692,3321
22692,23394
22692,22634
22692,15329
22692,17305
22692,7566
22692,17018
22692,24584
22692,22868
22693,210
22693,22988
22694,23448
22695,14272
22696,210
22696,7019
22697,16246
22698,18991
22698,1240
22699,6141
22699,19430
22700,6141
22700,11665
22701,2153
22702,6129
22703,702
22704,6396
22704,7019
22704,7333
22704,7133
22705,6234
22705,1786
22706,702
22706,6540
22707,10430
22708,6383
22708,6204
22709,10911
22709,13790
22710,14449
22710,702
22710,3550
22711,175
22712,7019
22712,19095
22712,4324
22713,19095
22714,1240
22715,702
22715,10797
22716,14132
22717,1576
22717,16853
22718,210
22718,13792
22718,6328
22719,702
22719,12181
22720,7019
22721,175
22721,13790
22722,175
22722,19263
22723,702
22723,1240
22723,13433
22724,19263
22724,6129
22725,3194
22725,3186
22726,10914
22726,10913
22726,14744
22726,12183
22727,8049
22727,6506
22728,10883
22728,6396
22728,7019
22728,14743
22728,4324
22728,3550
22729,7019
22730,13791
22731,4324
22732,7386
22733,7019
22734,702
22734,7019
22735,210
22735,7019
22736,21288
22736,3217
22737,6182
22737,13947
22738,7019
22738,6129
22739,6462
22739,6597
22739,7019
22739,23024
22739,7133
22740,6361
22740,1240
22740,4324
22741,6396
22741,6198
22742,10911
22743,7912
22743,210
22743,13797
22743,3482
22743,30
22743,1154
22743,10579
22744,7019
22745,2815
22745,7019
22746,6462
22746,2829
22747,6396
22747,1240
22748,7912
22748,702
22749,1240
22749,7019
22750,20486
22751,2906
22751,5714
22752,22198
22753,17124
22754,703
22754,702
22754,210
22754,8221
22754,7019
22754,704
22754,3550
22755,1240
22755,6129
22756,702
22756,7019
22756,4324
22757,3492
22757,3258
22757,559
22757,19152
22757,11189
22757,3562
22757,4324
22757,175
22757,22823
22757,752
22757,13991
22758,17055
22759,11856
22759,12181
22760,1240
22760,4324
22761,3217
22762,702
22762,22774
22763,702
22763,1240
22764,19753
22764,578
22765,702
22765,13128
22765,7019
22765,8191
22765,3550
22766,210
22766,22774
22767,6540
22767,20162
22768,10887
22768,298
22769,1576
22769,12130
22770,210
22771,6396
22771,1240
22772,10911
22772,702
22772,2829
22772,10913
22773,210
22773,6374
22773,22823
22773,22633
22773,13919
22774,6763
22774,12355
22774,12124
22774,10860
22774,19960
22774,23599
22774,14462
22774,14850
22774,6157
22774,23270
22774,552
22774,1274
22774,15219
22774,2517
22774,24715
22774,13981
22774,7112
22774,7698
22774,14879
22774,7742
22774,6940
22774,13433
22774,12065
22774,22087
22774,2642
22774,14225
22774,1811
22774,7130
22774,23239
22774,11687
22774,2566
22774,24867
22774,1003
22774,3357
22774,15842
22774,11397
22774,5694
22774,22219
22774,813
22774,25321
22774,5714
22774,24194
22774,13434
22774,607
22774,3492
22774,23278
22774,6563
22774,13891
22774,22579
22774,18724
22774,22333
22774,6299
22774,3562
22774,19901
22774,14833
22774,19642
22774,1669
22774,23244
22774,1431
22774,22319
22774,19668
22774,6540
22774,2099
22774,14522
22774,14667
22774,19228
22774,17273
22774,12576
22774,853
22774,1871
22774,20103
22774,14238
22774,19109
22774,12957
22774,2316
22774,2496
22774,22766
22774,15151
22774,3304
22774,19526
22774,23029
22774,23832
22774,6270
22774,23173
22774,1228
22774,23065
22774,4324
22774,4638
22774,2647
22774,23933
22774,24760
22774,22762
22774,897
22774,19255
22774,8160
22774,13337
22774,12052
22774,175
22774,24424
22774,12182
22774,8002
22774,10612
22774,760
22774,21649
22774,10822
22774,10440
22774,19317
22774,13755
22774,11982
22774,16561
22774,18578
22774,6284
22774,6831
22774,14711
22774,189
22774,3447
22774,22815
22774,20314
22774,22376
22774,7019
22774,287
22774,19549
22774,10559
22774,11770
22774,1093
22774,11454
22774,11647
22774,11165
22774,19563
22774,1991
22774,14095
22774,650
22774,17094
22774,7084
22774,7465
22774,478
22774,20356
22774,14965
22774,12206
22774,17367
22774,13458
22774,22617
22774,23603
22774,23031
22774,2915
22774,16741
22775,22823
22776,175
22776,19856
22776,19025
22777,702
22777,1240
22778,1240
22778,7019
22779,10911
22779,175
22780,16669
22781,6462
22781,175
22782,7912
22782,6540
22782,6940
22782,2517
22782,3550
22782,7962
22782,175
22782,3321
22783,8426
22784,1240
22784,1786
22785,7322
22786,7019
22787,1240
22788,17229
22788,6198
22789,22159
22789,15271
22790,13454
22790,175
22790,21770
22790,3492
22790,3357
22790,2904
22790,3562
22791,4324
22792,3901
22792,4324
22793,6259
22793,19152
22793,19095
22794,19121
22794,12112
22795,19539
22796,6462
22797,6381
22797,1240
22798,15266
22799,10914
22800,6540
22800,6328
22801,175
22802,702
22802,19407
22803,702
22804,8199
22805,702
22805,7019
22806,4315
22806,19095
22806,2751
22807,23373
22807,16446
22808,16968
22809,6518
22809,1240
22809,175
22809,7019
22810,702
22810,7019
22811,702
22812,7133
22813,12189
22814,3550
22815,22774
22816,702
22816,6396
22817,702
22818,9192
22819,4407
22820,1917
22820,4231
22821,210
22821,175
22821,3492
22821,3357
22821,7133
22822,702
22822,3357
22823,22773
22823,6530
22823,16753
22823,14834
22823,12957
22823,15207
22823,24097
22823,23006
22823,2774
22823,317
22823,3304
22823,217
22823,19030
22823,5463
22823,11267
22823,3258
22823,13238
22823,4638
22823,6719
22823,3558
22823,6103
22823,14384
22823,12323
22823,22757
22823,785
22823,6940
22823,16215
22823,20151
22823,18991
22823,8002
22823,22892
22823,19042
22823,18807
22823,14537
22823,12797
22823,1886
22823,19152
22823,6451
22823,6873
22823,11687
22823,5414
22823,8138
22823,7070
22823,11936
22823,813
22823,13721
22823,22309
22823,5714
22823,16151
22823,7019
22823,11379
22823,13332
22823,3044
22823,23034
22823,2257
22823,13454
22823,287
22823,7619
22823,3492
22823,5512
22823,11165
22823,3321
22823,22628
22823,1669
22823,22775
22823,4649
22823,19263
22823,3214
22823,2093
22823,6540
22823,3550
22823,22524
22823,21883
22823,25131
22823,2915
22823,499
22823,6191
22823,853
22824,210
22824,1240
22825,1786
22826,702
22826,6396
22827,210
22827,3357
22828,14289
22829,1947
22830,6462
22830,702
22830,175
22830,6396
22831,15558
22832,7133
22833,15291
22834,702
22834,23521
22834,3228
22834,8152
22834,5512
22834,3125
22835,10962
22835,10579
22836,175
22836,22386
22836,3562
22837,210
22838,7912
22838,2424
22839,1240
22839,7019
22840,20162
22840,685
22841,3357
22841,4324
22842,3738
22842,6523
22843,175
22843,6454
22844,1240
22844,7338
22845,7019
22845,3550
22846,702
22847,702
22847,6396
22847,7019
22848,5761
22848,558
22849,702
22850,6396
22850,7019
22851,210
22852,14620
22852,14264
22853,23149
22854,702
22854,210
22854,12182
22854,14743
22854,7133
22855,82
22855,4324
22856,6396
22856,7019
22857,15759
22858,4324
22859,2829
22859,15245
22859,13433
22859,3562
22859,23964
22859,702
22859,23326
22859,7019
22860,1240
22860,7382
22860,19025
22861,6430
22862,6431
22862,7133
22863,1240
22863,4324
22864,702
22864,15291
22865,277
22865,6923
22866,14360
22866,7133
22867,16098
22867,13238
22868,2909
22868,24056
22868,6518
22868,1673
22868,23996
22868,12125
22868,6098
22868,12957
22868,3321
22868,23394
22868,19625
22868,22692
22868,3357
22868,15383
22869,7382
22870,12957
22871,3217
22871,20486
22872,6462
22872,2915
22873,10912
22873,10739
22874,21220
22875,13940
22875,11384
22875,15413
22876,10911
22876,13790
22877,4231
22877,17380
22878,6060
22879,7019
22880,702
22880,6396
22881,7019
22881,7133
22882,702
22882,16967
22883,14001
22883,8152
22884,702
22884,7019
22885,595
22886,1240
22886,19095
22887,19095
22888,7019
22889,2829
22889,1240
22890,6123
22891,210
22891,3357
22892,7912
22892,22823
22893,175
22893,13690
22894,8221
22895,4301
22895,19374
22895,6504
22895,8152
22896,16811
22896,19095
22897,11487
22897,7133
22898,6664
22899,5291
22900,210
22900,3550
22900,7386
22901,2829
22901,4324
22902,15558
22902,175
22903,175
22904,14362
22904,7912
22904,1669
22904,3492
22904,6940
22904,4324
22905,175
22906,5155
22907,1240
22907,7019
22908,702
22908,6129
22909,11173
22909,13592
22910,20215
22910,14890
22910,7019
22910,15919
22911,15291
22911,578
22912,16816
22912,6396
22912,2093
22913,7019
22913,7133
22914,7133
22915,210
22915,175
22916,3357
22916,12181
22916,4324
22917,1742
22918,10293
22919,1135
22920,175
22920,7386
22921,702
22922,7912
22923,3596
22923,19095
22924,9116
22925,175
22926,10680
22926,11970
22926,3562
22926,24968
22926,12267
22926,175
22926,19566
22926,23301
22926,21813
22926,24799
22927,7019
22927,7133
22928,6141
22928,3332
22928,22502
22928,10319
22928,11312
22928,3183
22928,13586
22928,12957
22928,1643
22928,3176
22928,16815
22928,3180
22928,17402
22928,22081
22928,17070
22928,11393
22928,18748
22928,11665
22929,210
22929,6396
22930,7912
22930,702
22930,16853
22930,2871
22930,3357
22931,2829
22931,7019
22932,4324
22933,10934
22934,7460
22934,4324
22935,2829
22936,11352
22937,19093
22937,210
22937,8058
22938,1240
22938,11427
22939,3357
22940,7912
22940,10911
22941,4545
22941,12180
22942,702
22942,1240
22942,7019
22943,12875
22944,10911
22944,7019
22945,19215
22945,175
22945,2097
22946,175
22947,7834
22947,2097
22948,13650
22949,21128
22950,13792
22950,11487
22951,6540
22951,1941
22951,6328
22951,804
22952,702
22952,16583
22953,19549
22954,702
22955,3562
22955,6454
22955,15621
22956,210
22956,4324
22957,3357
22958,702
22958,15271
22959,7095
22959,18800
22959,6396
22959,2652
22959,3550
22960,7019
22961,1240
22961,7019
22962,702
22962,7019
22963,702
22963,3357
22964,13207
22965,702
22966,7019
22967,11687
22967,1300
22967,3492
22967,3357
22967,13514
22967,354
22967,3562
22968,702
22968,17110
22968,24170
22968,13365
22969,6182
22969,601
22969,3113
22970,6890
22970,6276
22970,79
22970,3550
22970,20444
22970,20082
22970,24877
22970,16812
22970,3357
22970,17239
22971,702
22971,2815
22972,6747
22972,6664
22973,3743
22973,1983
22974,175
22974,6518
22975,17322
22976,1270
22976,8227
22976,2479
22977,5003
22977,4324
22978,702
22978,6396
22979,6326
22980,702
22981,4324
22982,3562
22983,175
22983,3357
22984,210
22984,6537
22985,10911
22985,6396
22986,12386
22987,7019
22987,7261
22988,22693
22988,2829
22988,6396
22989,7019
22989,4324
22990,1785
22990,2946
22991,6396
22991,3755
22992,702
22993,210
22993,1240
22993,19095
22993,3562
22994,6129
22995,5519
22996,3492
22996,3357
22997,210
22997,3357
22998,175
22998,14718
22999,13790
22999,3550
23000,11993
23001,210
23001,7133
23002,15103
23003,4403
23003,4231
23003,3550
23004,210
23004,1240
23005,210
23005,175
23006,20196
23006,16816
23006,14295
23006,11295
23006,15220
23006,702
23006,2292
23006,22823
23006,18688
23006,4998
23006,2093
23006,7831
23006,19152
23006,24604
23006,11193
23006,2856
23006,14352
23006,5027
23006,3357
23007,12022
23008,1749
23009,175
23010,6396
23010,3755
23011,702
23011,175
23011,6518
23012,12007
23013,6328
23013,853
23014,7133
23015,20232
23016,210
23016,7133
23017,18535
23017,702
23017,3357
23018,2829
23018,7386
23019,6540
23019,856
23020,7019
23020,4324
23021,5389
23022,210
23022,7019
23023,3357
23024,1240
23024,22739
23025,2153
23026,210
23026,702
23026,7133
23027,2829
23027,4324
23028,210
23028,3357
23029,702
23029,1240
23029,175
23029,22774
23029,3562
23029,3550
23029,7133
23030,702
23030,20162
23031,22774
23032,15624
23033,210
23033,7133
23034,15670
23034,6296
23034,499
23034,22823
23034,3492
23034,6994
23034,19030
23035,702
23036,702
23037,7019
23038,3268
23039,6424
23039,3357
23040,1240
23041,13577
23042,14670
23043,7057
23043,6383
23044,175
23044,2829
23045,10911
23045,13790
23046,3594
23046,19095
23047,578
23047,6454
23048,6396
23048,3321
23048,13790
23048,8221
23048,3301
23049,10654
23050,702
23050,6396
23051,11458
23051,7133
23052,6396
23052,3492
23052,16485
23053,3550
23054,702
23054,7019
23054,3550
23055,7067
23056,3562
23057,175
23057,7019
23058,2829
23059,3742
23059,5714
23060,11427
23060,4324
23061,22443
23062,702
23062,19095
23063,210
23063,1240
23064,210
23065,22774
23065,7133
23066,6462
23067,23533
23067,175
23067,3357
23067,13899
23068,6381
23068,4324
23069,702
23069,7261
23070,14573
23070,175
23070,2904
23071,1240
23071,175
23071,7019
23072,3562
23073,210
23073,2552
23074,175
23074,4324
23075,2829
23075,7019
23076,1240
23077,7795
23078,702
23079,17374
23079,7067
23080,702
23080,7133
23081,6540
23081,2015
23081,578
23081,10855
23081,6328
23081,3603
23081,702
23081,12618
23081,19870
23081,15291
23081,853
23082,6396
23082,8062
23083,19753
23083,6462
23083,12189
23083,15349
23083,578
23084,210
23085,11854
23085,19025
23086,702
23086,1669
23087,1240
23088,7229
23088,7019
23089,702
23090,13238
23090,12587
23091,4324
23092,9052
23093,1240
23094,702
23094,1240
23095,7019
23095,7229
23096,14637
23097,702
23097,7019
23098,702
23098,3562
23099,702
23100,6396
23100,3550
23101,1240
23101,7019
23102,6408
23103,175
23103,17055
23104,2829
23104,175
23105,3550
23106,4231
23106,10430
23107,7739
23107,4231
23107,8168
23108,15271
23109,210
23109,7019
23110,10911
23110,3562
23111,2712
23112,13646
23112,2829
23112,175
23113,1240
23113,10913
23114,175
23115,11428
23116,6182
23116,4324
23117,13386
23118,1300
23118,8105
23118,3149
23119,1240
23120,1240
23120,7133
23121,4616
23121,5965
23122,11487
23123,14620
23123,14264
23124,702
23124,3562
23124,6129
23125,702
23125,22137
23126,15983
23126,8401
23127,11724
23127,12457
23127,13754
23127,6348
23127,774
23127,8160
23127,10645
23127,1334
23127,18699
23127,895
23127,7019
23127,22538
23127,22562
23127,18620
23127,3680
23127,6317
23127,14499
23127,22248
23127,14221
23127,7315
23128,21738
23129,6141
23129,4231
23129,8168
23130,702
23130,7133
23131,1300
23132,6540
23132,1300
23132,6940
23132,19152
23132,2517
23132,4324
23132,8002
23132,2927
23132,3357
23132,217
23133,175
23134,22692
23135,175
23136,13769
23136,4324
23137,6540
23137,813
23137,13769
23137,23499
23138,9120
23139,2829
23139,11809
23139,7019
23140,10243
23141,16472
23141,11341
23142,7019
23142,3550
23143,13294
23144,7019
23145,2915
23145,12183
23146,7609
23147,8049
23147,12181
23148,210
23148,3550
23149,19900
23149,6637
23149,6751
23149,7086
23149,25100
23149,217
23149,10602
23149,7019
23149,3304
23149,6967
23149,3416
23149,22853
23149,13454
23149,287
23149,1274
23149,3258
23149,3492
23149,13238
23149,2503
23149,425
23149,1252
23149,24116
23149,3321
23149,11842
23149,6454
23149,1240
23149,15413
23149,25153
23149,702
23149,8929
23149,4449
23149,1384
23149,175
23149,6642
23149,11743
23149,20563
23149,10006
23149,19716
23149,15684
23149,5414
23149,3375
23149,3357
23150,16443
23151,6385
23151,4324
23152,1785
23153,702
23153,7019
23154,702
23154,7019
23155,702
23155,12302
23156,1240
23156,7019
23157,702
23158,7133
23159,1240
23159,6594
23160,19263
23161,7019
23161,3550
23162,19804
23163,7993
23164,702
23164,6328
23165,175
23166,175
23167,19887
23167,8199
23168,3550
23169,315
23169,8929
23170,1240
23171,702
23171,7019
23172,13940
23173,1240
23173,10914
23173,14711
23173,19025
23173,702
23173,175
23173,22774
23173,7019
23174,7019
23175,7019
23176,7133
23177,20557
23178,4324
23178,6384
23179,210
23179,7019
23180,8752
23181,2829
23181,4324
23182,6350
23182,7261
23183,6518
23184,210
23184,1240
23184,457
23185,19753
23185,6540
23185,15591
23185,6827
23185,813
23185,6328
23185,7795
23185,1749
23185,20273
23185,856
23186,210
23186,702
23186,11487
23187,1240
23187,7806
23188,1240
23188,19095
23189,14443
23189,7019
23190,7019
23190,6129
23191,11487
23191,3550
23191,9195
23192,4324
23193,8448
23193,8438
23194,17055
23195,7297
23195,175
23196,702
23196,7019
23197,8448
23197,8221
23198,702
23199,702
23199,1240
23200,702
23200,6387
23201,7133
23202,3197
23202,561
23203,4324
23204,210
23204,17055
23205,25075
23205,3258
23206,210
23206,7386
23207,3562
23208,12616
23209,20002
23209,7133
23210,19095
23211,7019
23212,11856
23213,210
23214,702
23214,7019
23215,702
23216,702
23216,15271
23217,12957
23217,3194
23218,578
23218,853
23219,19360
23219,8302
23220,702
23221,861
23222,17055
23223,7133
23224,6182
23224,4324
23225,175
23225,6396
23226,23343
23226,4324
23227,14042
23227,19093
23228,11818
23228,6129
23229,210
23230,6540
23230,6328
23230,853
23231,210
23231,1240
23232,702
23232,3562
23233,12742
23233,8247
23234,7019
23234,7133
23235,2829
23235,175
23235,7019
23236,702
23236,6080
23237,210
23237,7019
23238,175
23238,1749
23238,6454
23239,22774
23239,7133
23240,702
23240,1240
23240,15271
23241,20002
23241,4324
23242,16811
23243,6909
23243,3357
23244,22774
23245,3321
23245,175
23245,11784
23245,24060
23246,702
23246,3550
23247,175
23248,4514
23249,2829
23250,175
23250,3357
23251,7912
23251,10979
23252,6396
23253,12022
23253,10521
23253,578
23254,15907
23254,20215
23254,268
23254,15912
23254,7017
23254,15904
23254,21509
23255,10311
23256,210
23256,175
23256,7386
23257,19095
23258,702
23258,210
23259,1240
23259,175
23260,6182
23261,499
23261,6940
23261,19030
23262,1240
23262,6182
23263,6518
23264,8448
23265,15558
23266,13439
23266,4320
23266,6940
23266,642
23266,11405
23266,19539
23266,891
23266,7019
23266,19030
23266,14085
23266,11700
23266,11486
23266,11609
23266,23318
23266,6540
23266,11742
23267,1240
23267,7019
23268,4571
23268,20960
23269,2552
23270,12070
23270,22774
23270,7796
23271,10934
23271,1240
23272,6940
23272,3562
23273,20116
23273,1969
23274,7830
23274,4324
23275,4265
23276,702
23276,7019
23277,3603
23277,21549
23278,2829
23278,22774
23279,6396
23279,2829
23279,23280
23280,23279
23280,6396
23281,175
23281,4324
23282,14052
23282,7133
23283,7019
23283,4324
23284,19292
23285,7609
23286,702
23287,11428
23287,3562
23288,210
23288,20366
23289,10169
23289,15757
23290,16736
23291,210
23291,702
23292,702
23292,7019
23293,6296
23293,2829
23293,4324
23294,12272
23295,13505
23296,15271
23297,210
23297,1240
23298,175
23298,19407
23299,6874
23300,210
23300,702
23301,22926
23301,5642
23302,3600
23302,7133
23303,2552
23304,16151
23304,21228
23305,6186
23305,702
23305,12201
23305,2829
23305,5657
23306,4324
23307,19095
23308,175
23308,3492
23309,702
23309,447
23309,7019
23310,2153
23311,6940
23311,23353
23311,19152
23312,210
23312,7019
23313,7912
23313,10911
23314,7133
23314,3550
23315,210
23315,4324
23316,175
23316,19407
23317,3357
23317,7019
23318,23266
23319,1240
23319,3357
23320,7019
23320,16968
23321,13769
23322,2573
23322,7133
23323,210
23323,2829
23324,2153
23325,7019
23326,22859
23326,6940
23327,702
23327,175
23328,13909
23328,702
23328,12130
23329,5579
23330,7912
23330,7071
23330,13506
23330,1240
23330,23400
23330,11818
23330,11653
23330,1197
23330,12074
23330,6699
23330,13971
23330,7019
23331,18973
23332,702
23333,1240
23334,175
23334,14743
23335,10911
23335,4324
23336,702
23336,16468
23336,1240
23337,15271
23337,12125
23338,1240
23338,2552
23339,3357
23339,19152
23339,19030
23339,3550
23340,640
23340,4267
23340,11618
23340,4324
23341,210
23341,12945
23342,210
23343,6462
23343,6673
23343,19713
23343,23491
23343,13504
23343,19356
23343,6597
23343,217
23343,7019
23343,3304
23343,2153
23343,1594
23343,22096
23343,23756
23343,12147
23343,13238
23343,2517
23343,11417
23343,3111
23343,7834
23343,6118
23343,1240
23343,22280
23343,6940
23343,6409
23343,3562
23343,13904
23343,702
23343,7962
23343,2933
23343,11346
23343,23226
23343,6540
23343,19152
23343,3550
23344,702
23344,210
23345,15836
23346,6396
23346,4324
23347,4324
23347,3550
23348,7912
23348,4324
23349,702
23349,210
23350,7019
23350,7133
23351,702
23351,7019
23352,15271
23352,3550
23353,23594
23353,15558
23353,1300
23353,813
23353,23736
23353,6177
23353,8738
23353,14834
23353,16151
23353,24356
23353,8122
23353,217
23353,3304
23353,3394
23353,19030
23353,14498
23353,15313
23353,9226
23353,287
23353,3492
23353,24165
23353,13238
23353,6317
23353,4437
23353,2138
23353,7221
23353,6775
23353,19408
23353,14384
23353,18718
23353,14892
23353,19385
23353,17820
23353,6940
23353,21793
23353,22221
23353,15510
23353,3812
23353,522
23353,19042
23353,4168
23353,17606
23353,10861
23353,6687
23353,23373
23353,6540
23353,23311
23353,11652
23353,19152
23353,20941
23353,23812
23353,7133
23353,11687
23353,12472
23353,10693
23353,5414
23353,3357
23353,294
23353,6191
23354,19753
23354,7795
23354,15291
23355,702
23355,2829
23356,210
23357,210
23358,702
23359,210
23359,19030
23360,702
23360,5007
23361,21600
23361,11557
23362,17055
23363,4324
23364,11589
23364,18807
23365,210
23365,23844
23365,7386
23366,175
23366,3357
23367,13505
23368,12125
23369,702
23370,2153
23370,7133
23371,210
23371,6396
23372,4324
23373,22807
23373,3357
23373,23353
23373,24286
23373,5016
23373,7756
23373,16821
23374,3603
23374,12022
23374,7993
23375,210
23375,19963
23376,1240
23377,12180
23377,3562
23378,702
23378,6396
23378,5007
23379,1240
23379,7019
23380,2829
23381,8867
23381,8718
23382,398
23382,17167
23383,19333
23383,6504
23384,1240
23384,3362
23384,1653
23384,17087
23385,16811
23386,175
23387,4324
23388,1240
23389,11854
23390,702
23390,1240
23391,7133
23392,1240
23392,6262
23393,1240
23393,3550
23394,8908
23394,1300
23394,1673
23394,813
23394,6940
23394,12957
23394,16151
23394,8002
23394,22692
23394,217
23394,3304
23394,15383
23394,6540
23394,2892
23394,6179
23394,19152
23394,2517
23394,4437
23394,4324
23394,3357
23394,6454
23394,22868
23394,853
23395,2915
23395,2829
23396,2915
23396,22692
23397,6396
23398,702
23398,16446
23399,7019
23400,6460
23400,23330
23401,3357
23401,11458
23402,18153
23403,702
23403,7019
23404,19095
23405,6396
23405,2829
23405,7019
23406,6129
23407,702
23407,175
23408,702
23408,3562
23409,1240
23409,19095
23410,210
23410,3357
23411,18878
23412,10911
23413,702
23414,210
23414,19095
23415,1643
23415,11557
23416,7386
23417,210
23417,7386
23418,6518
23418,175
23419,210
23420,210
23421,1240
23421,19263
23422,18552
23422,175
23422,5703
23422,3550
23423,175
23423,13386
23424,1240
23425,2829
23425,7133
23426,4324
23427,13646
23427,3357
23428,702
23429,6396
23430,6462
23431,413
23431,11797
23432,702
23432,210
23433,210
23434,12182
23434,10913
23435,16853
23436,1240
23436,7019
23436,13169
23437,7019
23438,702
23439,19887
23440,7092
23440,16468
23441,702
23441,1240
23442,6338
23442,14794
23443,210
23444,702
23444,6129
23445,1240
23445,6396
23446,7019
23446,4324
23447,11708
23447,1240
23448,19887
23448,1078
23448,22694
23449,6328
23449,853
23450,19856
23451,210
23451,11487
23452,7019
23452,4324
23453,20805
23454,7019
23455,702
23455,210
23455,12182
23456,18988
23456,6454
23457,7668
23457,12655
23457,4698
23457,5540
23457,8272
23457,1126
23458,10836
23459,16520
23459,210
23460,702
23460,2829
23461,2829
23461,3562
23462,6129
23463,12945
23464,10911
23464,6129
23465,4324
23466,413
23466,5007
23467,210
23468,702
23468,19095
23469,3357
23469,8076
23470,9122
23471,19095
23472,17055
23473,1240
23474,8221
23474,3216
23475,702
23475,22071
23476,1240
23476,7133
23477,17055
23478,7470
23479,5484
23480,1576
23480,7019
23481,6299
23482,702
23482,210
23482,1240
23483,702
23483,7019
23484,2153
23485,3755
23485,19263
23485,1786
23486,20116
23487,6120
23487,7423
23488,19170
23489,6141
23490,2153
23491,6462
23491,8122
23491,23343
23491,2097
23491,5714
23492,6396
23493,2829
23494,7133
23495,3357
23495,3550
23496,6504
23497,7019
23497,4324
23498,7912
23499,19753
23499,1195
23499,21935
23499,12011
23499,11120
23499,7457
23499,702
23499,10330
23499,175
23499,505
23499,17332
23499,23137
23499,11494
23499,13787
23499,19926
23499,12022
23499,6408
23499,1254
23499,3603
23499,3321
23500,702
23500,6129
23501,13408
23501,1093
23502,6518
23503,1240
23503,7019
23504,702
23504,13792
23504,7019
23505,6462
23505,6540
23505,3492
23505,6940
23505,13238
23505,18848
23505,3131
23505,4356
23505,11687
23505,210
23505,3558
23505,8002
23505,3357
23505,3304
23505,6454
23505,2153
23506,702
23506,4324
23507,702
23508,6462
23508,703
23508,702
23509,1240
23509,12065
23510,702
23510,6384
23511,21948
23511,15728
23512,6396
23513,11114
23514,3357
23515,175
23516,210
23516,755
23517,10914
23517,3562
23518,6664
23519,6382
23519,6396
23520,14108
23520,13869
23521,11082
23521,23551
23521,7138
23521,1240
23521,7911
23521,10397
23521,15147
23521,702
23521,12067
23521,18679
23521,19430
23521,405
23521,10270
23521,19448
23521,3190
23521,14755
23521,8015
23521,12181
23521,18841
23521,14639
23521,22834
23521,6459
23521,4303
23521,7841
23522,11016
23522,2829
23523,6462
23524,6328
23525,702
23525,1240
23526,9051
23527,18991
23527,7019
23528,24972
23529,4590
23529,8221
23530,210
23530,1240
23531,210
23532,7019
23532,10368
23533,7423
23533,23067
23534,702
23534,13672
23535,17374
23536,175
23536,6518
23536,2193
23537,6328
23538,210
23538,175
23539,6381
23539,4324
23540,2829
23540,3492
23541,3321
23541,7019
23541,3562
23542,1240
23542,175
23542,3312
23542,3550
23543,210
23544,702
23544,3357
23545,13790
23545,3492
23545,3258
23545,6940
23545,10913
23545,3562
23545,19025
23545,3550
23545,4324
23545,175
23545,1669
23545,861
23545,3357
23545,6454
23546,1240
23546,6182
23546,4324
23547,5589
23547,15426
23548,6518
23549,7133
23549,7261
23550,961
23551,23521
23551,24243
23551,11368
23551,19963
23551,18896
23552,15695
23552,8214
23552,8247
23553,4767
23554,4767
23555,9271
23555,23602
23556,6850
23557,4767
23557,3787
23558,9527
23559,9319
23560,3787
23560,18303
23561,8502
23562,4767
23562,3787
23563,4767
23563,3787
23564,9319
23564,9458
23565,3787
23565,9319
23566,1238
23567,4767
23568,4767
23568,3787
23569,9317
23569,9769
23570,4767
23570,3787
23571,9319
23571,3787
23572,4767
23572,9319
23573,4767
23573,9319
23574,4767
23574,3787
23575,4767
23575,9958
23576,17842
23577,9849
23577,15413
23578,18309
23578,17842
23579,9319
23579,9458
23580,9769
23581,4767
23581,18303
23582,4767
23582,4671
23583,1240
23583,7019
23584,4767
23584,9319
23585,9849
23585,3787
23586,9317
23586,18303
23587,4767
23587,9319
23588,4767
23588,9319
23589,17643
23590,7796
23591,5155
23592,15759
23593,7748
23594,23353
23594,3550
23595,8929
23595,6799
23595,3678
23595,8541
23595,23798
23595,8438
23595,3550
23596,3562
23596,4324
23597,24152
23597,1238
23598,6736
23599,702
23599,22774
23600,12969
23601,10516
23601,8764
23601,9701
23602,23555
23603,22774
23603,7796
23604,17664
23605,7719
23606,2111
23607,10027
23607,6454
23608,23918
23608,2765
23608,7475
23609,14407
23609,5007
23610,2829
23611,6540
23611,853
23612,7173
23612,12793
23613,2902
23614,2915
23614,4714
23615,9371
23616,2908
23616,10011
23617,4717
23617,2520
23618,9371
23619,23643
23619,7671
23620,24296
23620,2517
23621,17698
23621,18141
23622,2517
23622,17512
23623,2829
23623,10992
23623,7019
23624,2908
23624,4714
23625,4714
23625,2517
23626,10011
23626,17507
23627,7729
23628,9825
23628,4714
23629,17698
23629,4714
23630,7683
23630,4726
23630,17677
23631,9355
23631,4717
23632,9602
23633,23643
23634,9371
23634,7530
23634,9602
23635,2498
23635,2501
23635,4717
23635,2517
23636,2517
23636,18151
23637,17677
23638,6960
23639,7691
23640,2915
23640,17698
23641,3550
23642,2517
23642,9602
23643,18130
23643,23633
23643,23619
23643,23776
23643,2520
23644,7673
23645,4619
23646,4740
23646,1222
23647,17537
23647,10027
23648,1230
23648,4008
23649,9305
23649,17889
23650,8394
23650,24440
23650,1240
23650,24324
23650,10026
23650,13668
23650,9250
23650,7475
23650,2322
23650,24211
23650,18002
23650,25350
23650,17994
23650,17660
23650,4638
23650,23672
23650,5412
23650,10123
23651,8122
23651,12183
23652,9792
23653,210
23654,3759
23654,4658
23655,4739
23655,7576
23656,4649
23656,24383
23656,9902
23656,18203
23656,5347
23656,9433
23657,4619
23657,9932
23658,423
23659,9239
23659,9499
23660,2043
23660,4789
23660,9931
23661,8929
23661,3357
23662,9371
23662,10027
23662,4717
23662,17942
23662,4695
23663,4776
23664,17676
23664,24019
23665,4756
23666,9498
23666,702
23667,4762
23667,18053
23667,24204
23668,1222
23669,4767
23669,3787
23670,10224
23670,2765
23671,7475
23672,9238
23672,23650
23673,702
23673,6594
23674,7553
23674,4638
23674,22352
23675,17558
23675,7044
23676,3463
23677,210
23677,7019
23678,10224
23679,4789
23679,4629
23679,9305
23680,4762
23681,4776
23681,6649
23682,2765
23683,4638
23683,18102
23684,7471
23684,7694
23685,3492
23685,3357
23686,4619
23686,4751
23687,7715
23687,17820
23687,7546
23688,4622
23689,9238
23689,17495
23689,17976
23690,175
23690,19836
23691,5057
23691,7019
23692,24204
23692,10218
23693,4566
23693,7019
23694,702
23694,7474
23694,1240
23694,704
23695,4762
23696,4762
23696,24199
23697,24199
23698,861
23699,4762
23700,4796
23700,17827
23701,16714
23702,8818
23702,11581
23703,10224
23703,10027
23704,4638
23704,7474
23705,17495
23706,702
23706,704
23707,1222
23707,7475
23708,4809
23709,3558
23709,9739
23709,4740
23709,1222
23710,4638
23710,4636
23711,9902
23712,7473
23713,3463
23714,9701
23715,4767
23715,3787
23716,702
23716,704
23717,4767
23717,3787
23718,7471
23719,2915
23719,3357
23720,7576
23721,10013
23722,7576
23723,17669
23724,6540
23724,578
23725,4848
23725,24377
23725,4135
23725,9804
23725,9309
23725,8073
23726,7471
23727,7475
23728,10224
23728,2765
23729,10027
23729,4658
23730,23931
23731,175
23732,210
23733,702
23733,9300
23734,9943
23735,23768
23735,3759
23736,23353
23736,19025
23737,4789
23738,4769
23738,7658
23739,10311
23740,175
23740,1052
23741,4638
23741,3301
23742,21549
23743,702
23743,4076
23743,704
23744,4767
23744,3787
23745,1222
23745,7475
23746,15271
23746,4514
23747,9990
23747,21372
23748,10030
23748,9584
23749,6164
23750,4636
23750,704
23750,15413
23750,4638
23750,4767
23750,702
23750,24078
23750,9382
23751,17558
23751,4479
23752,15841
23753,9830
23753,6454
23754,9748
23755,7658
23756,716
23756,23343
23757,4762
23757,10218
23757,4796
23757,4346
23758,7694
23759,12179
23759,15271
23760,11428
23761,7475
23762,2498
23762,2517
23763,7475
23764,7475
23765,17676
23766,4638
23766,1240
23767,4638
23767,1240
23768,23735
23768,4629
23768,4658
23768,23856
23769,9499
23770,1222
23770,7475
23771,2097
23771,19152
23771,3550
23772,9930
23772,4838
23773,9499
23774,7530
23775,2915
23775,2498
23775,18150
23776,23643
23776,7671
23777,17698
23777,2498
23778,2520
23779,17962
23779,2498
23780,2515
23780,4714
23781,9825
23781,4714
23781,2517
23781,2520
23782,2908
23783,4726
23783,2511
23784,4726
23784,4714
23785,17686
23786,2517
23786,2511
23787,2517
23787,7671
23788,2915
23788,23856
23789,4722
23789,4714
23790,12390
23790,8630
23791,4726
23791,17677
23791,4722
23792,2498
23793,18093
23793,2517
23794,18128
23795,17677
23795,2517
23796,4726
23796,10011
23797,2908
23797,11538
23797,2154
23798,23595
23799,2515
23799,2517
23800,2908
23800,2501
23801,2908
23801,7669
23802,4714
23803,3217
23803,20656
23804,2908
23804,2498
23805,9371
23806,175
23806,16558
23807,19152
23808,2908
23808,4717
23809,4714
23809,2517
23810,4726
23810,9619
23811,10027
23811,17532
23812,6518
23812,23353
23812,6940
23812,6454
23813,4726
23813,4717
23814,17677
23815,7661
23815,2501
23815,2154
23816,14091
23816,210
23816,1240
23816,1924
23817,2515
23817,9608
23817,2498
23817,2517
23818,24230
23818,17522
23818,2511
23819,17532
23820,703
23820,8369
23821,10022
23821,2511
23822,4683
23823,7671
23824,17699
23824,4717
23825,7530
23825,4717
23826,2528
23826,2517
23827,2498
23828,4726
23828,2517
23829,7665
23830,24252
23830,2498
23830,4714
23831,17676
23832,1240
23832,22774
23833,17535
23834,4683
23835,210
23835,702
23836,17687
23836,10027
23836,4717
23837,2520
23838,210
23838,3550
23839,15396
23839,217
23839,6940
23839,2671
23839,14301
23839,19030
23840,17800
23840,9930
23841,17639
23842,17430
23842,9801
23842,4111
23842,17639
23843,17624
23843,4135
23844,702
23844,23365
23845,9299
23845,4809
23845,7498
23845,17432
23846,17622
23847,9801
23848,7019
23848,3550
23849,17624
23849,4135
23850,9309
23851,4813
23851,4848
23851,17622
23852,4838
23852,17786
23853,210
23853,7133
23854,4813
23854,9801
23854,4250
23854,17622
23855,9943
23855,1222
23856,7661
23856,9265
23856,11538
23856,10027
23856,23768
23856,4658
23856,24491
23856,7611
23856,23865
23856,2154
23856,9420
23856,23788
23857,9305
23857,4516
23858,9838
23858,10224
23858,1222
23859,3492
23859,4437
23860,7576
23861,9499
23861,4756
23862,6850
23863,23888
23863,6164
23864,7719
23864,1222
23865,23856
23866,10224
23867,6321
23867,3357
23868,1222
23868,7475
23869,7553
23870,4769
23870,24227
23871,20805
23871,8247
23872,13779
23872,7475
23873,9499
23874,4751
23875,10911
23876,17445
23876,9305
23877,14670
23877,702
23878,10027
23879,17820
23880,4175
23880,4756
23881,24019
23881,3787
23881,10158
23882,2915
23882,7541
23883,10224
23884,4649
23885,24574
23885,4742
23885,4652
23886,17677
23886,2517
23887,17669
23888,23863
23888,6649
23889,17558
23890,22352
23890,5512
23890,6454
23890,15413
23891,10033
23891,4516
23892,4751
23893,21128
23894,7019
23894,3550
23895,9300
23896,1222
23896,7475
23897,9912
23898,10911
23898,19095
23899,702
23900,702
23900,11887
23901,9882
23901,10227
23902,702
23902,18102
23902,704
23902,4756
23903,7553
23903,7644
23904,9584
23904,9499
23905,499
23905,6994
23906,4114
23907,4308
23907,7019
23908,4658
23908,3759
23909,4767
23909,9319
23909,3787
23909,9458
23910,1222
23910,7475
23911,23912
23911,24576
23911,4539
23912,4539
23912,24490
23912,10765
23912,23911
23913,4539
23914,175
23915,7644
23916,7019
23917,4769
23917,4649
23918,23608
23919,4717
23920,9932
23921,8768
23921,13238
23922,1222
23922,7475
23923,10224
23924,9732
23924,4115
23924,17495
23924,7140
23925,24754
23926,1242
23926,6800
23927,24019
23927,17942
23928,4619
23928,17566
23929,22352
23929,4008
23930,17686
23931,13454
23931,4636
23931,5143
23931,4776
23931,23730
23931,10027
23931,3492
23931,4135
23931,4638
23931,6404
23932,13760
23932,11512
23932,19095
23932,2341
23933,19851
23933,22774
23933,7882
23934,7912
23934,210
23934,175
23935,4769
23936,9838
23937,4221
23938,703
23938,702
23938,3216
23939,5618
23939,8247
23940,20521
23941,10224
23941,702
23941,10022
23941,704
23942,702
23942,3550
23943,210
23944,7092
23945,3594
23946,702
23946,1240
23947,4796
23948,7474
23948,17928
23948,4360
23949,24213
23949,24078
23949,17885
23949,17801
23950,9238
23950,24204
23950,4796
23951,4796
23951,17827
23952,9238
23952,4762
23952,7714
23952,17654
23952,7206
23953,13646
23953,19963
23954,4762
23954,17728
23954,17827
23955,4788
23956,8247
23957,17495
23958,18102
23958,9499
23959,5505
23959,6867
23960,702
23960,9499
23960,704
23961,13803
23961,11270
23962,17676
23962,1240
23963,12043
23963,20116
23964,19769
23964,175
23964,22859
23964,15277
23964,861
23965,4776
23966,702
23966,2688
23966,704
23967,17558
23967,4479
23967,15413
23968,24279
23968,9226
23968,2498
23968,17677
23968,2517
23969,17820
23969,1222
23969,7475
23970,6373
23971,210
23971,294
23972,4767
23972,3787
23973,3787
23973,9319
23974,6518
23975,9932
23976,4767
23976,3787
23977,9499
23978,9791
23979,9305
23979,4516
23980,7474
23980,704
23980,18392
23981,4767
23981,3787
23982,3787
23983,3787
23983,18303
23984,4767
23984,3787
23985,9499
23985,3301
23986,17889
23986,4516
23987,4638
23987,704
23988,702
23988,3357
23989,6431
23990,4767
23990,3787
23991,9849
23991,18303
23992,7474
23992,17495
23993,702
23993,704
23994,17150
23994,11140
23995,4776
23995,9499
23995,9300
23995,704
23996,175
23996,18102
23996,10027
23996,16246
23996,3550
23996,22868
23997,702
23997,7019
23998,175
23998,7019
23999,1222
24000,18404
24000,7644
24001,6223
24001,19095
24002,10114
24003,6462
24003,287
24003,8469
24003,3357
24003,5714
24004,17444
24005,15086
24005,4324
24006,4769
24006,4117
24006,10027
24007,4769
24008,10224
24008,1222
24009,9838
24009,7475
24010,18102
24010,18106
24011,702
24011,2688
24011,704
24012,175
24012,10027
24012,2707
24012,14718
24013,1240
24013,4863
24014,17669
24015,9314
24016,1240
24017,175
24018,10224
24018,1222
24019,23881
24019,9608
24019,10158
24019,2517
24019,15413
24019,23927
24019,4127
24019,23664
24020,210
24020,7019
24021,2043
24021,4789
24022,10797
24022,7133
24023,4767
24023,3787
24024,1093
24025,2688
24026,10027
24027,7502
24028,4767
24029,24219
24029,24069
24029,10027
24029,17737
24030,9499
24031,3759
24032,2915
24032,10230
24032,17409
24033,7475
24034,6518
24034,11271
24035,1222
24035,7475
24035,9520
24036,18404
24037,702
24037,1786
24038,25181
24039,4638
24039,3759
24040,7892
24040,11457
24041,4777
24042,686
24043,7471
24043,7617
24044,3492
24044,10027
24044,6454
24045,7279
24045,19095
24046,22692
24047,17478
24047,7475
24048,2501
24048,4714
24049,4788
24050,7634
24051,24123
24052,9542
24053,4796
24054,175
24054,14718
24055,14670
24055,3550
24056,8002
24056,22868
24057,702
24057,7133
24058,4796
24059,4059
24060,8003
24060,23245
24061,4751
24061,9932
24062,4638
24063,702
24063,19095
24064,9931
24065,24131
24065,4740
24066,15271
24067,7644
24068,6396
24068,13386
24069,24029
24070,1222
24070,7475
24071,7019
24071,20226
24072,7630
24072,9659
24072,6649
24073,12179
24073,7019
24074,10224
24075,4649
24075,4771
24076,4658
24077,4622
24078,18190
24078,1300
24078,6763
24078,1240
24078,4789
24078,23750
24078,7714
24078,702
24078,10095
24078,4638
24078,2915
24078,17628
24078,24204
24078,3357
24078,24199
24078,6454
24078,23949
24079,9902
24080,4776
24080,9659
24080,10225
24081,10030
24082,10027
24082,9300
24083,4622
24084,4751
24085,3301
24085,4756
24086,18404
24086,7644
24087,24088
24087,3321
24087,9305
24087,6454
24087,24177
24088,7553
24088,7603
24088,24087
24089,4638
24089,9305
24090,7644
24091,702
24091,2829
24092,2915
24092,6396
24093,7019
24093,6198
24094,702
24094,704
24095,2097
24095,14744
24096,1240
24096,19095
24097,1300
24097,21969
24097,175
24097,8122
24097,22823
24097,19152
24098,11589
24099,10027
24099,6454
24100,1222
24101,17669
24102,7576
24103,6454
24104,9584
24104,704
24105,2765
24106,10224
24106,17820
24106,2765
24107,14844
24107,4324
24108,4324
24109,210
24109,6080
24109,3357
24110,703
24110,702
24110,9499
24110,18102
24110,4756
24111,1222
24111,2765
24112,702
24112,704
24113,2688
24113,704
24113,4516
24113,17889
24114,10027
24115,6396
24116,23149
24116,2552
24117,3550
24118,7475
24119,10224
24119,10027
24120,9300
24120,6164
24121,1222
24121,7475
24122,210
24122,12007
24123,17642
24123,9732
24123,9826
24123,17495
24123,24051
24124,856
24125,4108
24126,9823
24126,1222
24127,20661
24127,13250
24128,4638
24128,15271
24129,7471
24130,9943
24130,2765
24131,2915
24131,702
24131,17742
24131,10027
24131,4740
24131,24065
24131,704
24131,4492
24132,6182
24132,7729
24133,10027
24134,702
24134,7386
24135,4809
24135,4848
24135,4032
24135,7498
24135,7639
24136,175
24137,6540
24138,24446
24139,4809
24139,7550
24139,9816
24140,4838
24140,24461
24141,702
24141,7019
24142,9801
24142,17622
24143,4813
24143,9801
24144,4838
24144,17634
24145,6396
24145,12081
24146,175
24146,13491
24147,17963
24147,18119
24148,4848
24148,7498
24149,210
24149,7133
24150,15498
24151,7133
24152,8675
24152,4848
24152,7498
24152,9701
24152,4135
24152,23597
24153,6455
24153,175
24154,11352
24155,702
24155,19095
24156,175
24156,3562
24157,3357
24157,3550
24158,7657
24158,4781
24159,9925
24159,4781
24160,175
24160,14718
24161,9920
24161,3463
24162,9920
24163,2829
24163,1240
24164,2915
24164,6462
24164,12180
24164,3562
24164,3550
24165,7423
24165,23353
24165,7019
24166,175
24166,7116
24167,10995
24168,702
24169,6518
24169,16468
24170,1240
24170,22968
24171,1240
24171,7019
24172,10911
24172,210
24173,6396
24173,7019
24174,7644
24175,7603
24176,24490
24177,7644
24177,24087
24178,7644
24179,4756
24180,4776
24180,17896
24181,18991
24182,24184
24183,1240
24183,4516
24184,17664
24184,24182
24184,9902
24184,24325
24185,7643
24186,9584
24186,9499
24187,9499
24187,4756
24187,17918
24188,4652
24189,175
24189,7133
24190,2688
24191,4619
24191,7694
24192,11598
24193,4769
24194,22774
24194,7019
24195,6222
24195,702
24196,24204
24196,24199
24197,22643
24197,175
24197,841
24198,17827
24199,24528
24199,18394
24199,18365
24199,9658
24199,17996
24199,24525
24199,24213
24199,24536
24199,24078
24199,23696
24199,9795
24199,23697
24199,24196
24199,17672
24199,9786
24199,17827
24200,17827
24201,4796
24202,24214
24203,17827
24204,23667
24204,18057
24204,4552
24204,17770
24204,4789
24204,23692
24204,23950
24204,4788
24204,4362
24204,24525
24204,4354
24204,17886
24204,4361
24204,24196
24204,18025
24204,4344
24204,18365
24204,9341
24204,4333
24204,18060
24204,18157
24204,7474
24204,10221
24204,24078
24204,17827
24205,9238
24205,4762
24206,4788
24207,9238
24207,1230
24208,4638
24208,17886
24208,18060
24209,8247
24209,15834
24210,702
24210,2829
24211,23650
24212,9341
24213,24199
24213,23949
24213,9252
24214,5348
24214,18113
24214,4762
24214,9463
24214,17455
24214,24202
24214,17827
24215,4751
24216,6540
24216,578
24217,18102
24217,9499
24217,4756
24218,210
24218,1240
24219,4789
24219,10027
24219,9305
24219,4770
24219,24029
24219,7545
24219,5351
24219,9291
24219,24487
24219,17972
24219,17735
24219,7074
24219,2915
24219,24374
24219,5140
24219,7474
24219,6454
24219,17993
24220,6462
24221,9444
24221,2765
24222,15271
24222,6373
24223,9499
24223,10027
24223,9300
24223,4756
24224,1240
24224,4324
24225,15268
24226,238
24227,23870
24227,4771
24228,9724
24229,702
24229,704
24230,4726
24230,23818
24230,17686
24231,702
24232,6462
24232,1173
24232,2196
24232,89
24232,7019
24232,3357
24233,8929
24233,3357
24234,9838
24234,7475
24235,1786
24235,6129
24236,9832
24237,18102
24237,3301
24238,175
24239,7544
24240,7553
24241,210
24241,4324
24242,9498
24243,23551
24244,7475
24244,2765
24245,21426
24246,4638
24246,2915
24246,14763
24246,13793
24246,6454
24247,2915
24247,21552
24247,4638
24247,13793
24247,15413
24248,4638
24248,13793
24248,7474
24248,15413
24249,2908
24249,7520
24250,10027
24250,4717
24250,15413
24251,7680
24252,23830
24252,7671
24253,18150
24254,10027
24254,2517
24255,2498
24255,2505
24256,4726
24256,4722
24257,17677
24258,7528
24259,4726
24259,17677
24260,17931
24260,4717
24261,2908
24261,7669
24262,2908
24262,9352
24263,7683
24263,2517
24264,4683
24264,2916
24265,2908
24265,7669
24266,2915
24266,2498
24267,702
24267,210
24268,175
24268,13489
24269,2908
24269,10011
24270,238
24270,1240
24270,15170
24271,17677
24271,4717
24272,17931
24272,4717
24273,15170
24274,17676
24274,4679
24275,4726
24275,704
24276,2517
24276,2511
24277,4726
24277,2517
24278,2498
24278,17697
24279,2498
24279,23968
24279,17507
24280,2498
24280,2517
24281,17677
24281,2520
24282,2915
24282,9596
24283,16527
24283,11026
24284,4717
24285,17698
24285,9371
24286,23373
24287,4683
24288,24491
24288,7661
24288,2908
24288,24490
24289,2498
24289,17535
24290,4726
24290,9619
24291,7523
24291,4714
24292,2915
24292,4714
24293,2517
24294,2517
24294,7671
24295,2515
24295,17698
24296,2915
24296,23620
24296,10027
24296,2517
24296,17512
24297,2915
24297,17677
24298,2908
24298,4717
24299,6649
24300,7655
24301,4776
24302,4848
24302,9802
24303,8003
24303,18696
24303,702
24303,1300
24303,3321
24303,3258
24303,6080
24303,3562
24303,3550
24304,17487
24304,9444
24305,15271
24306,4740
24307,19010
24307,601
24308,7912
24308,7019
24309,17495
24310,16946
24310,7133
24311,175
24312,9809
24313,10224
24314,702
24314,704
24315,2043
24316,9943
24317,17495
24318,17478
24319,2306
24319,1576
24319,3357
24320,2915
24320,2517
24321,24560
24321,4700
24321,4150
24321,10077
24321,20486
24321,9935
24321,7474
24321,10220
24321,4133
24321,9485
24321,24497
24321,17883
24322,2043
24322,10205
24322,9305
24323,9300
24324,23650
24324,17495
24324,4172
24325,24184
24325,4070
24325,10027
24326,4324
24327,7065
24327,4652
24327,7617
24327,9534
24327,9552
24327,6454
24327,4763
24327,24345
24328,9499
24328,4756
24329,8929
24329,13238
24329,2939
24330,16583
24330,7133
24331,9838
24331,4721
24332,4638
24332,4813
24332,17622
24333,9584
24334,9730
24334,17889
24335,17555
24335,9926
24336,13454
24337,4726
24337,17686
24338,9932
24338,9882
24339,20137
24339,7261
24340,9329
24340,4740
24341,1240
24341,6396
24342,9838
24342,18202
24343,9238
24343,17495
24344,2829
24344,7386
24345,24327
24346,17820
24346,704
24347,7475
24348,2688
24349,13330
24350,13790
24350,7019
24351,601
24351,10797
24352,6396
24353,18991
24353,11026
24354,2829
24354,4324
24355,702
24355,5051
24356,4646
24356,1300
24356,3492
24356,3258
24356,3550
24356,210
24356,8929
24356,3357
24356,23353
24357,6403
24357,4324
24358,175
24358,1240
24359,7830
24359,7133
24360,5714
24361,175
24362,175
24363,702
24363,7382
24363,861
24363,704
24363,18303
24364,3934
24364,18996
24365,175
24366,702
24366,7019
24367,175
24367,3357
24368,13750
24368,6462
24368,2915
24368,175
24368,3562
24368,4324
24369,2915
24370,175
24371,11993
24372,10911
24373,2829
24374,24219
24374,9305
24375,9584
24375,9499
24375,3301
24375,4756
24376,17478
24376,1222
24377,23725
24377,10229
24378,210
24378,702
24378,19263
24379,4619
24379,7694
24380,21688
24381,2915
24382,9788
24382,10085
24383,23656
24384,4776
24384,10027
24385,11842
24385,4324
24386,1902
24386,1854
24387,702
24387,19263
24388,702
24388,3357
24388,3550
24389,7019
24390,7474
24390,17495
24391,7576
24391,22615
24392,9584
24392,4756
24393,10202
24394,6518
24394,7019
24395,17562
24396,9943
24396,702
24396,704
24397,9305
24397,4516
24398,7912
24399,4769
24399,17747
24399,4114
24400,18190
24400,702
24400,24533
24400,704
24400,6454
24401,9809
24401,9813
24402,17634
24403,12180
24404,4848
24404,17432
24405,210
24405,7229
24406,3550
24407,4809
24408,4838
24408,9813
24409,9801
24410,9809
24411,4135
24412,5604
24413,12696
24414,17624
24415,175
24415,3357
24416,3480
24417,4848
24417,17432
24418,702
24418,13694
24419,1576
24419,7133
24420,210
24421,7498
24422,6518
24422,7019
24423,24548
24423,17673
24424,22774
24425,4135
24426,6129
24427,17623
24427,4135
24428,4813
24428,7498
24428,17622
24429,210
24430,4809
24430,10229
24431,4809
24431,4848
24432,2193
24432,4324
24433,4789
24433,17495
24434,7576
24435,7576
24436,4479
24436,18213
24437,6923
24437,4324
24438,7576
24439,10224
24440,23650
24440,702
24440,6454
24441,13408
24441,7019
24442,7553
24443,3759
24444,9500
24445,9809
24446,9809
24446,24138
24447,10224
24447,4638
24448,15291
24449,9239
24449,704
24450,9730
24451,12183
24452,4776
24452,9300
24453,4324
24454,9932
24454,7694
24455,9238
24456,4751
24456,7617
24457,9498
24457,4776
24457,9659
24457,9300
24457,6649
24458,210
24458,21592
24459,2627
24459,4324
24460,11531
24461,24140
24461,9813
24461,17673
24462,10205
24463,9909
24463,9305
24463,9382
24464,7475
24464,2765
24465,6396
24465,3550
24466,4751
24467,17747
24468,9912
24468,4629
24469,9499
24469,4756
24470,17820
24471,2908
24471,7518
24472,17466
24472,18102
24472,4756
24473,4751
24473,7694
24474,9724
24474,704
24475,4614
24476,24491
24476,3837
24476,4622
24477,17669
24478,2498
24478,1240
24478,17820
24478,18106
24479,7553
24479,7644
24480,10224
24480,702
24480,704
24481,10224
24482,9238
24482,5271
24482,17495
24483,9912
24484,2915
24484,7475
24485,6129
24486,4658
24487,24219
24488,10027
24488,9305
24489,1240
24489,7019
24490,24491
24490,23912
24490,24288
24490,4539
24490,20966
24490,24176
24491,20966
24491,24288
24491,4797
24491,24490
24491,24476
24491,9271
24491,24515
24491,7576
24491,23856
24492,4652
24493,7553
24493,7474
24493,7644
24494,7474
24495,9300
24495,6454
24496,17817
24496,18246
24496,9305
24497,24321
24497,7474
24497,9801
24498,7471
24499,9838
24500,9542
24500,17558
24501,4740
24502,9499
24503,17919
24503,9823
24504,10911
24504,4514
24505,19385
24505,12261
24506,6649
24507,3463
24508,17495
24509,3258
24509,12181
24510,4767
24511,10224
24512,7630
24512,9659
24513,17686
24514,2765
24515,24491
24516,9431
24517,6462
24518,10224
24518,7475
24519,4796
24520,7206
24521,4762
24521,17827
24522,18190
24523,4762
24523,17827
24524,17827
24525,24204
24525,24199
24525,13590
24526,17827
24527,17728
24528,24199
24529,6386
24530,2829
24530,4324
24531,4796
24531,17827
24532,9792
24532,4796
24532,13590
24533,18190
24533,4762
24533,24400
24534,17728
24534,9252
24535,18190
24535,6632
24536,7714
24536,24199
24537,4762
24538,3448
24539,9230
24539,4378
24540,9499
24540,18102
24541,4742
24541,4751
24542,17919
24543,10224
24544,1222
24544,7475
24545,18234
24546,702
24546,704
24547,9912
24547,4658
24548,9809
24548,24423
24549,4769
24550,6960
24551,9238
24552,17640
24553,4863
24553,3759
24553,4658
24554,702
24554,17669
24554,704
24554,4740
24554,1222
24555,4756
24556,1300
24556,4475
24556,4437
24557,17495
24557,4561
24558,7719
24558,4740
24559,9499
24559,4756
24560,24321
24561,4324
24562,3550
24563,175
24563,8122
24563,8469
24563,3258
24563,7019
24563,5714
24564,6518
24565,17495
24565,17654
24566,4740
24567,10911
24568,7553
24569,210
24569,13791
24570,3357
24571,18109
24571,17820
24572,9499
24572,18102
24572,4756
24573,4726
24573,2498
24573,2517
24574,4742
24574,23885
24575,9499
24575,3301
24576,23911
24577,7912
24577,861
24578,7019
24578,19025
24579,21805
24579,804
24580,21220
24580,21675
24581,16339
24581,3353
24582,7133
24582,3550
24583,12408
24583,6806
24584,22692
24585,3293
24585,9168
24586,6831
24586,6731
24587,6462
24587,217
24587,20563
24588,5816
24588,16319
24588,1300
24588,8095
24588,3492
24588,8313
24588,12683
24588,16151
24588,175
24588,217
24589,4616
24589,5279
24589,4988
24589,9404
24589,20486
24589,2855
24590,18884
24590,2589
24590,6852
24591,6806
24592,3345
24593,4590
24593,8929
24593,175
24593,12483
24594,3256
24595,175
24596,6540
24597,6625
24597,7133
24598,5618
24598,1888
24599,8221
24599,3216
24600,21415
24600,4546
24601,5512
24602,6748
24602,21157
24602,20697
24603,6328
24603,853
24604,23006
24605,2687
24605,4250
24606,12598
24607,3321
24607,8882
24608,6748
24608,8487
24608,20805
24608,21212
24608,12540
24608,8356
24608,15420
24609,1240
24609,1274
24610,12531
24610,9750
24611,15773
24612,17218
24612,287
24612,18918
24612,6662
24613,8343
24613,20486
24614,2224
24615,1240
24615,12180
24616,702
24616,10851
24617,702
24617,13491
24618,25334
24618,7386
24619,210
24619,3357
24620,15695
24620,5618
24621,3603
24621,6540
24621,175
24621,14652
24622,9663
24623,210
24623,19030
24624,6182
24625,3353
24626,2857
24626,4590
24627,6931
24627,8532
24627,4930
24627,17652
24627,19573
24627,12454
24627,3508
24627,20486
24627,3601
24628,11128
24628,3226
24628,22352
24628,20404
24629,7133
24630,8592
24630,9120
24631,2078
24632,175
24633,5857
24633,8805
24634,19095
24635,7891
24635,3492
24635,6454
24635,15413
24636,5401
24636,3321
24637,20964
24638,6462
24638,287
24638,20977
24638,3550
24638,5714
24638,9095
24638,17317
24638,175
24638,120
24638,8639
24638,24841
24638,3357
24638,25221
24638,6454
24638,5812
24639,5592
24639,217
24639,3278
24639,3690
24639,16084
24639,4628
24639,17632
24639,3544
24639,10403
24639,8343
24639,3217
24639,24833
24639,24770
24639,21980
24639,321
24639,8332
24640,3357
24640,3550
24641,20482
24641,175
24641,13238
24642,21854
24642,24972
24642,17123
24643,16266
24643,25263
24643,21393
24643,19152
24643,2915
24643,16151
24643,175
24643,217
24643,17005
24644,175
24645,2815
24645,7019
24646,8765
24647,1240
24647,7019
24648,8221
24648,8438
24649,3357
24650,4576
24651,4590
24652,21881
24652,19178
24653,2915
24653,703
24653,9117
24653,21372
24654,4324
24654,7133
24655,20839
24656,5505
24656,6867
24657,8438
24658,703
24658,13185
24658,3321
24659,8745
24660,12407
24661,1300
24661,861
24662,2857
24663,3603
24663,6540
24664,5312
24665,13308
24665,21220
24666,3217
24666,5965
24667,703
24667,5584
24668,9122
24669,19869
24670,702
24670,7133
24671,1240
24671,10797
24672,5971
24672,20805
24672,10083
24672,24710
24673,3357
24673,3562
24673,7386
24674,6462
24674,175
24674,3357
24675,20933
24675,8221
24676,2111
24676,1274
24677,3603
24677,6540
24678,6396
24678,11457
24679,703
24679,4590
24679,2687
24679,1274
24679,8221
24680,3492
24680,12313
24680,8929
24680,217
24680,3304
24680,15217
24680,18419
24680,12990
24680,20750
24681,8332
24681,7914
24682,12549
24682,16330
24683,12295
24684,5569
24685,10493
24685,10169
24686,13308
24687,1240
24688,18973
24688,175
24689,210
24689,3448
24690,12390
24690,3217
24690,20486
24691,6791
24692,3492
24693,8221
24693,3304
24694,8867
24694,8391
24695,15792
24695,1240
24695,8805
24695,12313
24696,702
24697,11510
24698,6887
24699,2861
24700,13119
24700,21192
24701,13283
24702,1240
24702,20125
24703,6540
24703,3321
24704,6020
24704,20066
24704,8789
24705,16617
24706,5211
24706,8554
24707,9122
24708,19263
24709,8448
24709,8438
24710,8505
24710,1300
24710,12581
24710,15742
24710,24672
24710,3321
24710,16923
24710,7901
24710,21245
24710,343
24710,18020
24710,3357
24710,21697
24710,3565
24711,16310
24711,15786
24712,175
24712,3216
24713,21295
24714,8435
24714,720
24715,22774
24715,7133
24716,21295
24717,8040
24718,8221
24718,12875
24719,8709
24719,10451
24719,2918
24720,6747
24721,6462
24721,2915
24721,1300
24721,8554
24721,3258
24721,3357
24722,21017
24723,4941
24723,5424
24723,2821
24724,4324
24725,6624
24725,17147
24725,8457
24725,11030
24725,18558
24725,12991
24725,22402
24725,7913
24725,7459
24725,15160
24725,21409
24725,15695
24725,5445
24725,17433
24725,5905
24725,17998
24725,15856
24725,8727
24725,1514
24725,20589
24725,8126
24725,9089
24725,8151
24725,20755
24725,18857
24725,5675
24725,3321
24725,3722
24725,12628
24725,5859
24725,8799
24725,2280
24725,16183
24725,6454
24725,8260
24725,20556
24725,904
24725,16279
24725,16413
24725,8375
24725,8929
24725,13111
24725,16343
24725,18995
24725,8695
24725,9086
24725,4098
24725,3104
24725,20553
24725,3692
24725,20608
24725,8714
24725,12744
24725,14972
24725,13532
24725,17790
24725,3357
24726,1240
24726,3357
24727,8166
24727,12884
24728,5579
24729,210
24729,13690
24730,703
24730,702
24731,6462
24731,6763
24731,25106
24731,16696
24731,1377
24731,175
24731,3304
24731,20563
24731,15671
24731,287
24731,24794
24731,13238
24731,19152
24731,11718
24731,3550
24731,21175
24732,2322
24732,9559
24732,18252
24732,9303
24732,15841
24732,20760
24733,15695
24734,16067
24735,12742
24736,13249
24736,3330
24737,210
24737,1240
24738,8427
24739,12969
24739,15834
24740,19205
24740,1300
24740,24920
24740,3476
24740,843
24740,20486
24740,10262
24740,3217
24740,3870
24740,3718
24740,217
24740,3278
24741,12969
24741,5618
24742,702
24743,5414
24743,12391
24744,12970
24745,5589
24746,3550
24747,175
24748,9120
24748,3213
24748,12587
24749,5618
24750,1268
24750,3258
24751,9071
24752,3550
24752,6668
24753,16087
24754,6462
24754,23925
24754,24786
24754,20563
24755,210
24755,7019
24756,5392
24757,8939
24757,5618
24758,703
24758,22352
24759,8403
24760,22774
24760,7796
24761,1240
24762,6074
24762,702
24763,12390
24763,16230
24763,16445
24763,19220
24763,18537
24763,8360
24763,22360
24764,703
24764,702
24764,3216
24765,8768
24766,8898
24766,6321
24766,13286
24767,8882
24767,12503
24768,12390
24768,20633
24769,6328
24769,853
24770,24639
24770,12696
24771,210
24771,195
24772,12798
24772,8221
24773,703
24773,702
24773,8221
24774,3321
24774,8221
24775,8882
24775,8221
24776,2857
24776,5414
24776,1274
24776,8221
24777,6462
24777,175
24777,20767
24777,3258
24778,1902
24778,8221
24779,3321
24779,3492
24779,3258
24779,3357
24780,7133
24780,841
24781,21445
24781,3314
24782,703
24782,3314
24783,702
24783,8221
24783,3357
24783,14718
24784,8343
24784,20550
24784,20486
24785,5090
24786,3709
24786,12248
24786,22388
24786,3883
24786,17132
24786,24958
24786,20435
24786,10181
24786,5206
24786,3427
24786,8043
24786,20868
24786,13147
24786,20788
24786,3258
24786,4752
24786,14348
24786,21307
24786,24754
24786,14130
24786,8946
24786,5899
24786,16299
24786,5377
24786,15413
24786,18052
24786,10386
24786,8562
24786,8469
24786,7548
24786,3435
24786,25152
24786,21272
24786,21831
24786,6462
24786,19567
24786,21289
24786,8316
24786,20086
24786,19474
24786,22509
24786,2730
24786,10226
24786,15629
24786,287
24786,10594
24786,10727
24786,3321
24786,5419
24786,16319
24786,5442
24786,17913
24786,14774
24786,5055
24786,2381
24786,20563
24786,2850
24786,3550
24786,2128
24786,2915
24786,20848
24786,10450
24786,20505
24786,17583
24786,19707
24786,12324
24787,3357
24788,12390
24788,15975
24788,8343
24789,210
24789,6518
24790,8998
24791,175
24792,5579
24793,8993
24793,3331
24794,24731
24795,12302
24796,9133
24797,5398
24797,113
24797,5395
24798,702
24798,7019
24799,22926
24800,16339
24801,5072
24801,6540
24801,15291
24802,210
24802,6129
24803,8929
24803,12875
24804,175
24804,7019
24805,19152
24805,647
24806,3314
24806,1268
24807,8929
24807,5193
24808,1240
24808,7133
24809,12492
24810,1760
24810,6668
24811,8966
24811,8343
24811,5205
24811,2298
24811,20486
24812,175
24813,4475
24813,4437
24814,702
24814,6518
24815,6763
24815,5343
24816,1274
24816,3856
24817,8191
24818,21445
24818,3303
24819,12898
24820,3302
24821,15498
24822,1240
24822,21710
24823,16251
24824,3217
24824,2855
24825,5386
24825,8438
24826,13195
24827,2829
24827,13489
24828,12407
24829,8929
24829,3258
24829,3357
24830,8403
24830,8360
24831,12480
24832,6518
24833,12980
24833,8403
24833,6864
24833,24639
24833,4599
24833,8343
24834,10911
24835,1242
24836,1044
24836,970
24836,8668
24836,2562
24836,15413
24836,16355
24836,8525
24836,15835
24836,5537
24836,10273
24836,15476
24836,8497
24836,926
24837,15599
24838,20486
24839,217
24839,20633
24840,2615
24840,6747
24841,5401
24841,24638
24842,1300
24842,175
24842,217
24843,15831
24843,3357
24844,15016
24844,7386
24845,8221
24845,6806
24846,1274
24846,8768
24847,18131
24847,3895
24847,5205
24848,8448
24848,8221
24849,8502
24850,1242
24851,8332
24852,175
24852,3357
24852,217
24852,6940
24853,8765
24853,24878
24854,3293
24855,7912
24855,210
24856,3562
24856,7133
24857,5401
24857,6740
24858,175
24859,8709
24860,14670
24860,10911
24860,1444
24861,703
24862,9133
24863,8290
24863,250
24863,4880
24864,970
24864,8668
24864,2562
24864,15413
24864,16348
24864,6128
24864,702
24864,8525
24864,10273
24865,21947
24865,6462
24866,8944
24867,22774
24867,747
24868,5289
24868,24895
24868,20052
24868,9747
24868,13554
24868,18255
24868,5507
24868,5673
24868,175
24868,19493
24868,8899
24868,9177
24868,18947
24868,4537
24868,20029
24868,8038
24868,9487
24868,12917
24868,3357
24868,16654
24868,13282
24869,13185
24869,175
24870,5398
24870,138
24871,4912
24871,21017
24872,6462
24873,4827
24873,8670
24873,15773
24874,8998
24875,5401
24875,3321
24876,16244
24876,6462
24876,175
24876,13238
24876,217
24876,6454
24877,702
24877,22970
24878,24853
24879,6540
24879,1240
24879,6940
24879,3550
24879,4638
24879,11687
24879,16151
24879,11165
24879,175
24879,3357
24879,294
24879,853
24879,19030
24880,5618
24880,8247
24881,8929
24881,3550
24882,8344
24883,6850
24884,3550
24884,7806
24885,8882
24886,20855
24887,2829
24887,4566
24888,15571
24889,702
24889,1240
24890,8221
24890,6731
24891,287
24891,12492
24891,5923
24892,8506
24893,10467
24894,3256
24895,6462
24895,24868
24896,2857
24897,5760
24897,13250
24897,3256
24897,13229
24897,20910
24898,703
24898,702
24899,3550
24900,7019
24901,15599
24902,15086
24902,7502
24903,7019
24903,7133
24904,6540
24905,8328
24906,8929
24906,5414
24906,13158
24906,217
24906,13238
24906,3985
24906,12380
24907,15695
24907,8247
24908,19710
24909,9120
24910,25075
24910,3321
24910,8221
24910,3357
24911,20521
24911,4265
24911,8221
24912,5604
24913,8448
24914,20633
24914,2855
24915,17797
24916,8929
24916,3321
24917,8469
24917,6909
24917,8839
24917,14787
24918,5401
24918,8221
24919,6316
24919,7386
24920,24740
24920,1300
24920,9393
24920,19507
24920,8998
24920,8349
24920,6691
24920,3321
24920,8635
24920,140
24920,6668
24921,8221
24921,3353
24922,12848
24923,8518
24924,3568
24924,20486
24925,8403
24925,8630
24926,8343
24927,12844
24927,8221
24928,702
24928,14986
24929,5618
24930,7229
24931,19263
24932,8898
24932,8002
24932,6940
24932,217
24932,3357
24932,19152
24932,3214
24933,21258
24934,287
24934,175
24934,1274
24934,13238
24935,1268
24935,12875
24936,8112
24937,19029
24937,322
24937,3217
24937,12792
24937,13403
24937,10563
24937,3268
24937,8632
24938,6878
24939,15664
24939,4571
24939,8981
24939,12914
24939,3357
24940,9067
24941,13102
24941,3321
24941,287
24941,3258
24941,217
24941,13238
24942,4324
24943,4475
24943,813
24943,15136
24943,3492
24943,19152
24943,15594
24943,6940
24943,4437
24943,16151
24943,175
24943,217
24943,3214
24943,6454
24944,210
24944,7019
24945,15925
24946,12531
24946,6144
24946,6010
24946,20745
24946,11022
24947,12717
24947,8867
24948,6518
24949,2829
24949,7386
24950,2857
24951,8391
24952,703
24952,702
24952,4900
24952,3321
24952,6831
24952,3304
24953,3304
24954,13102
24954,175
24954,3258
24954,20090
24954,13238
24955,703
24955,702
24955,3216
24956,3217
24956,8481
24956,20486
24957,20677
24957,3321
24957,9067
24958,24786
24958,20563
24959,6462
24959,20835
24959,13109
24960,8435
24960,2117
24961,9899
24962,8534
24962,5414
24962,13238
24962,217
24962,3304
24962,3210
24963,6856
24963,3295
24963,12884
24964,2915
24964,175
24964,5512
24964,3304
24964,13238
24965,17643
24966,20162
24966,7058
24967,9117
24967,1681
24968,22926
24968,175
24969,1240
24969,7133
24970,8575
24971,2097
24972,3258
24972,21046
24972,13238
24972,5214
24972,15933
24972,5639
24972,5452
24972,24642
24972,5408
24972,16745
24972,17638
24972,23528
24972,3357
24972,17955
24973,6396
24974,175
24974,12307
24975,287
24975,3357
24975,217
24976,3216
24977,1274
24977,15410
24978,15571
24978,3562
24979,4902
24980,702
24980,6396
24980,6594
24981,4324
24982,21017
24982,5519
24983,7019
24984,210
24984,2829
24985,8765
24986,5618
24986,15858
24987,6887
24988,1681
24989,13308
24990,1300
24990,20740
24990,15595
24990,4538
24990,12307
24990,8376
24990,3550
24990,21621
24990,703
24990,2915
24990,490
24990,3321
24990,22399
24990,217
24990,11750
24991,6462
24991,5370
24991,8724
24991,3550
24992,5484
24993,10058
24994,8929
24994,8221
24995,15590
24995,1268
24996,22378
24996,13250
24996,20540
24996,13229
24996,9663
24997,1300
24997,8919
24998,22027
24998,8514
24999,8221
25000,6850
25001,21817
25001,6850
25002,8692
25003,8986
25003,21445
25003,1268
25004,12442
25004,8552
25004,5586
25004,9117
25004,1681
25005,2829
25005,7133
25006,9187
25006,15526
25007,8427
25007,2857
25008,8221
25009,8343
25010,12671
25011,6455
25011,175
25012,8448
25012,1902
25013,8221
25013,1902
25014,5414
25014,21056
25015,3357
25016,210
25017,6361
25018,5604
25018,3213
25019,12781
25020,9303
25020,15841
25021,5604
25021,6765
25022,703
25022,6831
25023,287
25023,3357
25024,12581
25025,5433
25025,5584
25026,702
25026,11427
25027,6462
25027,3357
25027,5714
25028,13123
25029,2857
25030,9203
25031,2829
25031,7133
25032,703
25032,2687
25033,21415
25033,15469
25033,12696
25033,3278
25034,8733
25035,5604
25035,3213
25036,1240
25036,7019
25037,5589
25037,4633
25038,6326
25038,7133
25039,287
25039,3321
25040,8882
25040,3357
25040,12313
25041,13174
25041,8682
25041,13209
25042,2915
25042,3492
25042,6940
25042,217
25042,19152
25042,5714
25043,3357
25044,7019
25044,1786
25045,3029
25046,13047
25047,1681
25047,5487
25048,1307
25048,21975
25048,175
25048,11344
25048,3258
25048,7386
25049,4590
25049,15831
25050,2857
25050,8221
25051,2857
25051,5389
25052,15271
25052,6080
25053,6396
25053,1240
25054,1765
25054,1902
25055,5401
25055,20677
25056,5618
25056,8247
25057,1765
25057,8515
25058,6387
25058,3802
25059,20677
25059,8882
25060,5604
25060,6765
25060,16017
25061,9187
25061,15526
25062,6462
25062,19152
25062,12683
25062,6940
25062,3550
25062,5714
25062,8002
25062,5632
25062,8191
25063,210
25063,1240
25064,3338
25064,6806
25064,13247
25065,21626
25066,703
25067,8592
25067,5604
25068,7386
25069,9133
25069,3321
25070,1902
25070,8221
25071,12969
25071,5618
25071,16139
25071,8247
25072,6703
25073,1654
25074,6821
25075,10625
25075,8414
25075,20513
25075,14180
25075,16219
25075,3304
25075,217
25075,20831
25075,16235
25075,5086
25075,9590
25075,3492
25075,13238
25075,15969
25075,5162
25075,5006
25075,21462
25075,17291
25075,12733
25075,8894
25075,24910
25075,8711
25075,20792
25075,8973
25075,19370
25075,175
25075,23205
25075,22523
25075,15369
25075,7499
25075,20695
25075,9067
25075,19152
25075,18749
25075,8649
25075,5414
25075,3357
25076,12969
25076,5618
25077,8867
25077,3657
25078,703
25078,287
25079,6518
25080,702
25081,9117
25081,1681
25081,5487
25082,21474
25083,17719
25083,20745
25084,2829
25084,6940
25085,13294
25086,25230
25087,12390
25087,19907
25087,5644
25087,25297
25087,17754
25087,2855
25088,1240
25088,7019
25089,15686
25090,8438
25091,703
25091,3304
25092,20933
25092,175
25092,14448
25092,20004
25093,15773
25094,703
25094,702
25094,5589
25095,2915
25095,6540
25095,3304
25095,6454
25095,4324
25095,7133
25096,18886
25097,3357
25097,3304
25097,4324
25098,3357
25099,1300
25099,20977
25099,6909
25099,3258
25099,6940
25099,18446
25099,18945
25099,2915
25099,10522
25099,8469
25099,19013
25099,3500
25100,23149
25100,6454
25101,5468
25102,20752
25103,9133
25104,21295
25105,7019
25106,24731
25106,1377
25106,287
25106,5414
25106,217
25106,3304
25106,6454
25107,6698
25108,6748
25109,2915
25109,6462
25109,5211
25109,3258
25109,6940
25109,3214
25110,5401
25110,3321
25111,3550
25112,8575
25112,703
25113,210
25113,10739
25114,5512
25114,6737
25115,7333
25116,8768
25116,3210
25117,20617
25118,702
25118,7133
25119,4641
25120,3256
25120,6850
25121,2915
25121,16151
25121,7133
25122,5519
25123,3226
25124,702
25124,175
25125,12881
25126,9117
25127,8515
25127,8438
25128,210
25128,2829
25129,1240
25129,7019
25130,203
25131,210
25131,22823
25131,3357
25131,4324
25131,2153
25132,8221
25133,16915
25133,9663
25134,6850
25134,21664
25134,20745
25135,5211
25136,13145
25137,5433
25137,703
25137,6849
25138,11203
25138,21603
25138,9924
25138,6454
25139,8247
25139,15834
25140,7710
25141,16339
25141,3353
25142,7895
25142,702
25143,703
25143,8221
25144,13250
25144,3256
25144,3258
25144,8869
25144,6850
25144,21236
25144,18450
25144,21957
25144,25156
25144,21149
25144,20745
25145,21108
25145,16146
25145,8401
25145,5392
25145,21197
25145,3621
25145,16179
25146,22352
25146,9122
25147,12553
25147,21196
25148,20877
25149,8524
25149,3258
25149,8211
25150,5604
25150,9120
25151,13229
25151,21012
25152,24786
25152,15413
25152,20563
25153,6462
25153,6763
25153,6321
25153,25233
25153,9431
25153,6696
25153,23149
25153,3304
25153,1222
25153,287
25153,8764
25153,12860
25153,3492
25153,5460
25153,13238
25153,1104
25153,2915
25153,5414
25153,4714
25154,3603
25154,3321
25154,175
25154,8002
25154,6454
25154,14596
25155,16330
25156,25144
25157,1268
25157,4571
25158,9164
25159,4324
25160,8343
25160,20486
25161,20826
25162,1786
25163,21149
25164,16333
25164,22352
25165,13031
25165,6731
25166,21220
25166,6850
25167,9071
25168,2862
25168,1274
25169,3357
25170,2120
25171,15558
25171,175
25172,1956
25173,4324
25173,1786
25174,5604
25175,17719
25176,853
25177,3247
25178,1240
25178,7382
25179,20501
25179,6321
25179,12391
25180,702
25180,4324
25181,6462
25181,1300
25181,6940
25181,8373
25181,24038
25181,16151
25181,175
25181,10360
25181,8002
25181,217
25181,21372
25181,5090
25181,12167
25181,3492
25181,19152
25181,4971
25181,7791
25181,3321
25181,22429
25181,3357
25181,4690
25182,2687
25182,1291
25183,287
25183,217
25183,1104
25184,17359
25184,15773
25185,16583
25185,7133
25186,5015
25186,6691
25187,3216
25188,6763
25188,175
25189,2119
25189,19882
25189,13063
25190,5538
25191,8765
25192,20805
25192,8247
25193,8929
25193,3321
25193,6707
25193,15686
25193,13238
25194,703
25194,702
25195,5401
25195,703
25196,5505
25197,12553
25197,1258
25198,210
25199,4475
25199,4437
25200,12743
25200,6850
25201,7609
25201,2227
25202,7957
25202,10368
25203,10311
25204,15743
25205,8768
25205,8221
25206,7019
25207,1300
25207,3357
25208,703
25208,702
25208,3216
25209,1240
25209,12553
25209,5976
25210,7019
25210,3562
25211,21220
25212,1240
25212,5007
25213,1240
25214,6668
25214,3247
25215,8016
25215,4182
25216,3357
25216,3216
25217,20726
25217,4053
25217,12838
25218,1258
25218,8435
25219,703
25219,15571
25220,3550
25220,18807
25221,5857
25221,3258
25221,24638
25221,18893
25221,5756
25221,3321
25221,6013
25221,175
25221,350
25222,14744
25223,578
25223,853
25224,8196
25224,12553
25224,5494
25224,5752
25225,17643
25226,3293
25226,2117
25227,21220
25227,22196
25228,3217
25228,1300
25228,12696
25229,1300
25229,8514
25229,10635
25229,8428
25229,21492
25229,7119
25229,21281
25229,13225
25229,15400
25229,8321
25229,1007
25229,3492
25229,3187
25229,10715
25229,1091
25229,16325
25229,5118
25229,5854
25229,3357
25229,2970
25229,25236
25230,25086
25230,205
25230,3328
25230,22089
25230,12739
25230,1240
25230,13250
25231,8506
25232,686
25233,12655
25233,22120
25233,25153
25233,16420
25233,315
25233,16151
25233,1141
25233,3304
25233,217
25233,18445
25233,287
25233,3492
25233,19152
25233,13238
25233,8313
25233,9010
25233,8301
25233,8158
25233,6454
25234,22283
25234,15485
25234,9568
25234,18252
25234,15679
25234,15841
25235,1300
25236,25229
25237,1240
25237,2648
25238,9117
25239,5611
25239,2820
25240,1240
25241,1240
25241,20137
25242,21017
25243,3226
25243,9156
25243,21051
25243,5237
25244,6396
25244,16468
25245,6678
25245,12970
25246,12844
25246,8221
25247,702
25247,2829
25248,16339
25248,3353
25249,17243
25249,1300
25249,5589
25249,3397
25250,16107
25251,22352
25251,11113
25252,8616
25252,12696
25252,2579
25253,5401
25253,1258
25254,9187
25254,3244
25255,16244
25255,8639
25256,8448
25256,8438
25257,15459
25257,6850
25258,1240
25258,3550
25259,12977
25259,8733
25260,703
25260,1240
25261,1300
25261,8221
25262,16207
25262,3353
25263,24643
25263,16132
25264,13238
25264,12400
25265,210
25265,4324
25266,17715
25267,9278
25268,5401
25268,3353
25269,8929
25269,8221
25270,3550
25271,8709
25272,2855
25273,8733
25274,703
25274,8929
25274,8221
25275,210
25275,1240
25275,18886
25276,703
25276,3304
25277,175
25277,3550
25278,13047
25279,8709
25280,13102
25280,175
25280,287
25280,3357
25280,6454
25281,175
25282,3301
25283,9908
25283,3256
25283,8792
25284,8353
25284,653
25284,2855
25285,8709
25285,5607
25286,12480
25286,767
25287,175
25287,3304
25287,6454
25288,2915
25288,210
25288,6267
25288,19095
25289,13247
25290,8221
25290,3304
25291,20765
25292,175
25292,6518
25293,8343
25293,20486
25294,2829
25294,7019
25295,12027
25295,7133
25296,5606
25296,13238
25296,5431
25297,25087
25298,16207
25298,8221
25299,6326
25300,21220
25300,13107
25300,12884
25301,21310
25302,12875
25303,20647
25303,120
25304,10995
25304,19963
25305,2615
25306,8221
25306,12875
25307,21342
25308,175
25308,6328
25309,5881
25309,12740
25309,7029
25309,15673
25309,4949
25309,20533
25309,236
25309,5513
25309,19163
25309,17058
25309,18062
25309,217
25309,4645
25309,3278
25309,5107
25309,5024
25309,5468
25309,2821
25309,7976
25309,5001
25309,4603
25309,6454
25310,12780
25311,1274
25311,19152
25311,13238
25311,6940
25311,5714
25311,5414
25311,3357
25311,217
25311,3304
25311,3214
25312,702
25313,4135
25314,12969
25314,15695
25315,10934
25315,16811
25316,8857
25317,1093
25318,702
25318,16468
25319,8709
25319,12311
25320,8927
25320,14657
25321,22774
25322,16076
25322,5611
25323,175
25323,755
25324,9122
25325,12430
25325,18712
25326,13238
25326,3210
25327,210
25327,7609
25328,703
25328,8221
25329,6907
25329,5604
25329,12811
25329,8306
25329,8438
25330,10913
25331,5839
25331,5458
25331,10423
25331,222
25331,13229
25331,10527
25331,15773
25332,210
25332,8016
25333,9128
25334,175
25334,24618
25334,2325
25334,11196
25334,4324
25335,2829
25335,7386
25336,6328
25337,6396
25337,1240
25338,14042
25339,2915
25339,702
25339,175
25340,703
25340,702
25341,6747
25341,12303
25342,17322
25343,6831
25343,8221
25344,8547
25344,8191
25345,2612
25346,3562
25347,702
25347,7019
25348,12419
25348,3536
25348,21463
25348,20122
25348,20486
25348,4973
25348,20181
25348,9056
25348,16524
25348,3929
25349,14326
25350,23650
25350,7891
25351,15590
25351,8929
25352,9150
25352,16484
25352,6454
25352,3308
